coreID,species,annotation-ID,image-ID,image-URL,bud,flower,fruit,is-duplicated,set-number,sequence,username,user-ID,time-spent (seconds),date,time,hit-id,is-test
27170192,Delphinium_nuttallianum,8672434,302904,https://crowdcurio-experiment-images.s3.amazonaws.com/Delphinium_nuttallianum/images/Delphinium_nuttallianum.27170192.jpg,0,15,0,FALSE,1,1,A1TRGLR2ZWMRPE,20414,27.72,2024/4/15,21:19:25,38DCH97KI0MZQFKO6Z6X3S2YHYYQJ8,FALSE
27170014,Delphinium_nuttallianum,8672531,302903,https://crowdcurio-experiment-images.s3.amazonaws.com/Delphinium_nuttallianum/images/Delphinium_nuttallianum.27170014.jpg,0,15,0,FALSE,1,2,A1TRGLR2ZWMRPE,20414,20.21,2024/4/15,21:19:49,38DCH97KI0MZQFKO6Z6X3S2YHYYQJ8,FALSE
27170194,Delphinium_nuttallianum,8672689,302905,https://crowdcurio-experiment-images.s3.amazonaws.com/Delphinium_nuttallianum/images/Delphinium_nuttallianum.27170194.jpg,0,10,2,FALSE,1,3,A1TRGLR2ZWMRPE,20414,30.74,2024/4/15,21:20:22,38DCH97KI0MZQFKO6Z6X3S2YHYYQJ8,FALSE
27170011,Delphinium_nuttallianum,8672766,302900,https://crowdcurio-experiment-images.s3.amazonaws.com/Delphinium_nuttallianum/images/Delphinium_nuttallianum.27170011.jpg,0,4,2,FALSE,1,4,A1TRGLR2ZWMRPE,20414,11.72,2024/4/15,21:20:37,38DCH97KI0MZQFKO6Z6X3S2YHYYQJ8,FALSE
27170012,Delphinium_nuttallianum,8672856,302901,https://crowdcurio-experiment-images.s3.amazonaws.com/Delphinium_nuttallianum/images/Delphinium_nuttallianum.27170012.jpg,3,15,0,FALSE,1,5,A1TRGLR2ZWMRPE,20414,22.06,2024/4/15,21:21:02,38DCH97KI0MZQFKO6Z6X3S2YHYYQJ8,FALSE
27170013,Delphinium_nuttallianum,8672958,302902,https://crowdcurio-experiment-images.s3.amazonaws.com/Delphinium_nuttallianum/images/Delphinium_nuttallianum.27170013.jpg,0,3,6,FALSE,1,6,A1TRGLR2ZWMRPE,20414,21.02,2024/4/15,21:21:26,38DCH97KI0MZQFKO6Z6X3S2YHYYQJ8,FALSE
27170009,Delphinium_nuttallianum,8673082,302899,https://crowdcurio-experiment-images.s3.amazonaws.com/Delphinium_nuttallianum/images/Delphinium_nuttallianum.27170009.jpg,2,7,2,FALSE,1,7,A1TRGLR2ZWMRPE,20414,22.15,2024/4/15,21:21:51,38DCH97KI0MZQFKO6Z6X3S2YHYYQJ8,FALSE
27169996,Delphinium_nuttallianum,8673862,302897,https://crowdcurio-experiment-images.s3.amazonaws.com/Delphinium_nuttallianum/images/Delphinium_nuttallianum.27169996.jpg,0,19,4,FALSE,1,1,AZWKYJIIEW01K,19616,174.7,2024/4/15,21:24:59,38DCH97KI0MZQFKO6Z6X3S2YHYYQJ8,FALSE
27170195,Delphinium_nuttallianum,8673499,302906,https://crowdcurio-experiment-images.s3.amazonaws.com/Delphinium_nuttallianum/images/Delphinium_nuttallianum.27170195.jpg,0,8,0,FALSE,1,8,A1TRGLR2ZWMRPE,20414,104.05,2024/4/15,21:23:38,38DCH97KI0MZQFKO6Z6X3S2YHYYQJ8,FALSE
27170192,Delphinium_nuttallianum,8673688,302904,https://crowdcurio-experiment-images.s3.amazonaws.com/Delphinium_nuttallianum/images/Delphinium_nuttallianum.27170192.jpg,0,15,2,TRUE,1,9,A1TRGLR2ZWMRPE,20414,36.45,2024/4/15,21:24:16,38DCH97KI0MZQFKO6Z6X3S2YHYYQJ8,FALSE
27170007,Delphinium_nuttallianum,8673769,302898,https://crowdcurio-experiment-images.s3.amazonaws.com/Delphinium_nuttallianum/images/Delphinium_nuttallianum.27170007.jpg,1,11,0,FALSE,1,10,A1TRGLR2ZWMRPE,20414,15.88,2024/4/15,21:24:35,38DCH97KI0MZQFKO6Z6X3S2YHYYQJ8,FALSE
13823341,Delphinium_nuttallianum,8673892,302629,https://crowdcurio-experiment-images.s3.amazonaws.com/Delphinium_nuttallianum/images/Delphinium_nuttallianum.13823341.jpg,0,14,0,FALSE,2,1,A1TRGLR2ZWMRPE,20414,15.93,2024/4/15,21:25:09,38DCH97KI0MZQFKO6Z6X3S2YHYYQJ8,FALSE
27169935,Delphinium_nuttallianum,8674345,302890,https://crowdcurio-experiment-images.s3.amazonaws.com/Delphinium_nuttallianum/images/Delphinium_nuttallianum.27169935.jpg,3,19,6,FALSE,1,2,AZWKYJIIEW01K,19616,82.7,2024/4/15,21:26:25,38DCH97KI0MZQFKO6Z6X3S2YHYYQJ8,FALSE
13288114,Delphinium_nuttallianum,8674052,302626,https://crowdcurio-experiment-images.s3.amazonaws.com/Delphinium_nuttallianum/images/Delphinium_nuttallianum.13288114.jpg,0,10,3,FALSE,2,2,A1TRGLR2ZWMRPE,20414,30.88,2024/4/15,21:25:43,38DCH97KI0MZQFKO6Z6X3S2YHYYQJ8,FALSE
13288097,Delphinium_nuttallianum,8674240,302625,https://crowdcurio-experiment-images.s3.amazonaws.com/Delphinium_nuttallianum/images/Delphinium_nuttallianum.13288097.jpg,0,13,2,FALSE,2,3,A1TRGLR2ZWMRPE,20414,23.53,2024/4/15,21:26:09,38DCH97KI0MZQFKO6Z6X3S2YHYYQJ8,FALSE
13823342,Delphinium_nuttallianum,8674547,302630,https://crowdcurio-experiment-images.s3.amazonaws.com/Delphinium_nuttallianum/images/Delphinium_nuttallianum.13823342.jpg,22,12,0,FALSE,2,4,A1TRGLR2ZWMRPE,20414,48.73,2024/4/15,21:27:01,38DCH97KI0MZQFKO6Z6X3S2YHYYQJ8,FALSE
27169974,Delphinium_nuttallianum,8675031,302896,https://crowdcurio-experiment-images.s3.amazonaws.com/Delphinium_nuttallianum/images/Delphinium_nuttallianum.27169974.jpg,2,11,9,FALSE,1,3,AZWKYJIIEW01K,19616,141.67,2024/4/15,21:28:50,38DCH97KI0MZQFKO6Z6X3S2YHYYQJ8,FALSE
13823340,Delphinium_nuttallianum,8674636,302628,https://crowdcurio-experiment-images.s3.amazonaws.com/Delphinium_nuttallianum/images/Delphinium_nuttallianum.13823340.jpg,1,10,0,FALSE,2,5,A1TRGLR2ZWMRPE,20414,16.43,2024/4/15,21:27:21,38DCH97KI0MZQFKO6Z6X3S2YHYYQJ8,FALSE
13823344,Delphinium_nuttallianum,8674857,302632,https://crowdcurio-experiment-images.s3.amazonaws.com/Delphinium_nuttallianum/images/Delphinium_nuttallianum.13823344.jpg,4,14,6,FALSE,2,6,A1TRGLR2ZWMRPE,20414,40.3,2024/4/15,21:28:04,38DCH97KI0MZQFKO6Z6X3S2YHYYQJ8,FALSE
13823337,Delphinium_nuttallianum,8674991,302627,https://crowdcurio-experiment-images.s3.amazonaws.com/Delphinium_nuttallianum/images/Delphinium_nuttallianum.13823337.jpg,0,15,5,FALSE,2,7,A1TRGLR2ZWMRPE,20414,28.8,2024/4/15,21:28:36,38DCH97KI0MZQFKO6Z6X3S2YHYYQJ8,FALSE
27169937,Delphinium_nuttallianum,8675226,302892,https://crowdcurio-experiment-images.s3.amazonaws.com/Delphinium_nuttallianum/images/Delphinium_nuttallianum.27169937.jpg,2,7,3,FALSE,1,4,AZWKYJIIEW01K,19616,51.82,2024/4/15,21:29:45,38DCH97KI0MZQFKO6Z6X3S2YHYYQJ8,FALSE
27169947,Delphinium_nuttallianum,8675410,302895,https://crowdcurio-experiment-images.s3.amazonaws.com/Delphinium_nuttallianum/images/Delphinium_nuttallianum.27169947.jpg,4,11,7,FALSE,1,5,AZWKYJIIEW01K,19616,68.54,2024/4/15,21:30:57,38DCH97KI0MZQFKO6Z6X3S2YHYYQJ8,FALSE
27169940,Delphinium_nuttallianum,8675581,302893,https://crowdcurio-experiment-images.s3.amazonaws.com/Delphinium_nuttallianum/images/Delphinium_nuttallianum.27169940.jpg,4,10,7,FALSE,1,6,AZWKYJIIEW01K,19616,68.05,2024/4/15,21:32:08,38DCH97KI0MZQFKO6Z6X3S2YHYYQJ8,FALSE
13039137,Delphinium_nuttallianum,8675569,302610,https://crowdcurio-experiment-images.s3.amazonaws.com/Delphinium_nuttallianum/images/Delphinium_nuttallianum.13039137.jpg,0,2,2,FALSE,1,1,A10IHO8AGIWFNG,19997,15.83,2024/4/15,21:31:59,38DCH97KI0MZQFKO6Z6X3S2YHYYQJ8,FALSE
13039311,Delphinium_nuttallianum,8675596,302612,https://crowdcurio-experiment-images.s3.amazonaws.com/Delphinium_nuttallianum/images/Delphinium_nuttallianum.13039311.jpg,0,3,0,FALSE,1,2,A10IHO8AGIWFNG,19997,12.45,2024/4/15,21:32:14,38DCH97KI0MZQFKO6Z6X3S2YHYYQJ8,FALSE
13039631,Delphinium_nuttallianum,8675617,302614,https://crowdcurio-experiment-images.s3.amazonaws.com/Delphinium_nuttallianum/images/Delphinium_nuttallianum.13039631.jpg,0,2,0,FALSE,1,3,A10IHO8AGIWFNG,19997,8.48,2024/4/15,21:32:24,38DCH97KI0MZQFKO6Z6X3S2YHYYQJ8,FALSE
27169943,Delphinium_nuttallianum,8675775,302894,https://crowdcurio-experiment-images.s3.amazonaws.com/Delphinium_nuttallianum/images/Delphinium_nuttallianum.27169943.jpg,7,10,0,FALSE,1,7,AZWKYJIIEW01K,19616,61.45,2024/4/15,21:33:13,38DCH97KI0MZQFKO6Z6X3S2YHYYQJ8,FALSE
13039581,Delphinium_nuttallianum,8675654,302613,https://crowdcurio-experiment-images.s3.amazonaws.com/Delphinium_nuttallianum/images/Delphinium_nuttallianum.13039581.jpg,0,5,0,FALSE,1,4,A10IHO8AGIWFNG,19997,12.74,2024/4/15,21:32:38,38DCH97KI0MZQFKO6Z6X3S2YHYYQJ8,FALSE
13038919,Delphinium_nuttallianum,8675678,302606,https://crowdcurio-experiment-images.s3.amazonaws.com/Delphinium_nuttallianum/images/Delphinium_nuttallianum.13038919.jpg,0,4,0,FALSE,1,5,A10IHO8AGIWFNG,19997,6.86,2024/4/15,21:32:46,38DCH97KI0MZQFKO6Z6X3S2YHYYQJ8,FALSE
13038953,Delphinium_nuttallianum,8675718,302607,https://crowdcurio-experiment-images.s3.amazonaws.com/Delphinium_nuttallianum/images/Delphinium_nuttallianum.13038953.jpg,0,7,0,FALSE,1,6,A10IHO8AGIWFNG,19997,10.22,2024/4/15,21:32:58,38DCH97KI0MZQFKO6Z6X3S2YHYYQJ8,FALSE
13040892,Delphinium_nuttallianum,8675933,302622,https://crowdcurio-experiment-images.s3.amazonaws.com/Delphinium_nuttallianum/images/Delphinium_nuttallianum.13040892.jpg,0,4,4,FALSE,1,1,AMV1E7FFPVAW4,2053,82.64,2024/4/15,21:33:58,38DCH97KI0MZQFKO6Z6X3S2YHYYQJ8,FALSE
13038992,Delphinium_nuttallianum,8675783,302608,https://crowdcurio-experiment-images.s3.amazonaws.com/Delphinium_nuttallianum/images/Delphinium_nuttallianum.13038992.jpg,0,4,0,FALSE,1,7,A10IHO8AGIWFNG,19997,15.17,2024/4/15,21:33:15,38DCH97KI0MZQFKO6Z6X3S2YHYYQJ8,FALSE
13085465,Delphinium_nuttallianum,8675889,302624,https://crowdcurio-experiment-images.s3.amazonaws.com/Delphinium_nuttallianum/images/Delphinium_nuttallianum.13085465.jpg,1,14,5,FALSE,2,8,A1TRGLR2ZWMRPE,20414,309.01,2024/4/15,21:33:48,38DCH97KI0MZQFKO6Z6X3S2YHYYQJ8,FALSE
13039291,Delphinium_nuttallianum,8675833,302611,https://crowdcurio-experiment-images.s3.amazonaws.com/Delphinium_nuttallianum/images/Delphinium_nuttallianum.13039291.jpg,0,0,3,FALSE,1,8,A10IHO8AGIWFNG,19997,15.35,2024/4/15,21:33:32,38DCH97KI0MZQFKO6Z6X3S2YHYYQJ8,FALSE
27169903,Delphinium_nuttallianum,8676123,302889,https://crowdcurio-experiment-images.s3.amazonaws.com/Delphinium_nuttallianum/images/Delphinium_nuttallianum.27169903.jpg,0,11,6,FALSE,1,8,AZWKYJIIEW01K,19616,100.36,2024/4/15,21:34:56,38DCH97KI0MZQFKO6Z6X3S2YHYYQJ8,FALSE
13039067,Delphinium_nuttallianum,8675866,302609,https://crowdcurio-experiment-images.s3.amazonaws.com/Delphinium_nuttallianum/images/Delphinium_nuttallianum.13039067.jpg,0,4,0,FALSE,1,9,A10IHO8AGIWFNG,19997,9.22,2024/4/15,21:33:42,38DCH97KI0MZQFKO6Z6X3S2YHYYQJ8,FALSE
13039137,Delphinium_nuttallianum,8675928,302610,https://crowdcurio-experiment-images.s3.amazonaws.com/Delphinium_nuttallianum/images/Delphinium_nuttallianum.13039137.jpg,0,2,2,TRUE,1,10,A10IHO8AGIWFNG,19997,13.78,2024/4/15,21:33:57,38DCH97KI0MZQFKO6Z6X3S2YHYYQJ8,FALSE
13823340,Delphinium_nuttallianum,8675964,302628,https://crowdcurio-experiment-images.s3.amazonaws.com/Delphinium_nuttallianum/images/Delphinium_nuttallianum.13823340.jpg,0,8,1,TRUE,2,9,A1TRGLR2ZWMRPE,20414,16.8,2024/4/15,21:34:06,38DCH97KI0MZQFKO6Z6X3S2YHYYQJ8,FALSE
13039802,Delphinium_nuttallianum,8676195,302616,https://crowdcurio-experiment-images.s3.amazonaws.com/Delphinium_nuttallianum/images/Delphinium_nuttallianum.13039802.jpg,0,6,11,FALSE,1,2,AMV1E7FFPVAW4,2053,74.86,2024/4/15,21:35:14,38DCH97KI0MZQFKO6Z6X3S2YHYYQJ8,FALSE
13823343,Delphinium_nuttallianum,8676064,302631,https://crowdcurio-experiment-images.s3.amazonaws.com/Delphinium_nuttallianum/images/Delphinium_nuttallianum.13823343.jpg,5,12,0,FALSE,2,10,A1TRGLR2ZWMRPE,20414,27.08,2024/4/15,21:34:36,38DCH97KI0MZQFKO6Z6X3S2YHYYQJ8,FALSE
27169936,Delphinium_nuttallianum,8676263,302891,https://crowdcurio-experiment-images.s3.amazonaws.com/Delphinium_nuttallianum/images/Delphinium_nuttallianum.27169936.jpg,0,12,6,FALSE,1,9,AZWKYJIIEW01K,19616,33.78,2024/4/15,21:35:33,38DCH97KI0MZQFKO6Z6X3S2YHYYQJ8,FALSE
13020212,Delphinium_nuttallianum,8676290,302585,https://crowdcurio-experiment-images.s3.amazonaws.com/Delphinium_nuttallianum/images/Delphinium_nuttallianum.13020212.jpg,0,15,3,FALSE,3,1,A1TRGLR2ZWMRPE,20414,46.32,2024/4/15,21:35:43,38DCH97KI0MZQFKO6Z6X3S2YHYYQJ8,FALSE
13039690,Delphinium_nuttallianum,8676393,302615,https://crowdcurio-experiment-images.s3.amazonaws.com/Delphinium_nuttallianum/images/Delphinium_nuttallianum.13039690.jpg,0,8,8,FALSE,1,3,AMV1E7FFPVAW4,2053,66.85,2024/4/15,21:36:24,38DCH97KI0MZQFKO6Z6X3S2YHYYQJ8,FALSE
13017550,Delphinium_nuttallianum,8676373,302581,https://crowdcurio-experiment-images.s3.amazonaws.com/Delphinium_nuttallianum/images/Delphinium_nuttallianum.13017550.jpg,2,9,0,FALSE,3,2,A1TRGLR2ZWMRPE,20414,28.76,2024/4/15,21:36:15,38DCH97KI0MZQFKO6Z6X3S2YHYYQJ8,FALSE
27169937,Delphinium_nuttallianum,8676397,302892,https://crowdcurio-experiment-images.s3.amazonaws.com/Delphinium_nuttallianum/images/Delphinium_nuttallianum.27169937.jpg,0,7,4,TRUE,1,10,AZWKYJIIEW01K,19616,49.73,2024/4/15,21:36:24,38DCH97KI0MZQFKO6Z6X3S2YHYYQJ8,FALSE
13017694,Delphinium_nuttallianum,8676435,302582,https://crowdcurio-experiment-images.s3.amazonaws.com/Delphinium_nuttallianum/images/Delphinium_nuttallianum.13017694.jpg,0,6,3,FALSE,3,3,A1TRGLR2ZWMRPE,20414,22.5,2024/4/15,21:36:40,38DCH97KI0MZQFKO6Z6X3S2YHYYQJ8,FALSE
13039996,Delphinium_nuttallianum,8676520,302620,https://crowdcurio-experiment-images.s3.amazonaws.com/Delphinium_nuttallianum/images/Delphinium_nuttallianum.13039996.jpg,0,6,7,FALSE,1,4,AMV1E7FFPVAW4,2053,40.66,2024/4/15,21:37:06,38DCH97KI0MZQFKO6Z6X3S2YHYYQJ8,FALSE
13017443,Delphinium_nuttallianum,8676509,302579,https://crowdcurio-experiment-images.s3.amazonaws.com/Delphinium_nuttallianum/images/Delphinium_nuttallianum.13017443.jpg,0,9,2,FALSE,3,4,A1TRGLR2ZWMRPE,20414,17.66,2024/4/15,21:37:01,38DCH97KI0MZQFKO6Z6X3S2YHYYQJ8,FALSE
13018085,Delphinium_nuttallianum,8676643,302584,https://crowdcurio-experiment-images.s3.amazonaws.com/Delphinium_nuttallianum/images/Delphinium_nuttallianum.13018085.jpg,6,19,0,FALSE,3,5,A1TRGLR2ZWMRPE,20414,36.45,2024/4/15,21:37:40,38DCH97KI0MZQFKO6Z6X3S2YHYYQJ8,FALSE
13039920,Delphinium_nuttallianum,8676741,302619,https://crowdcurio-experiment-images.s3.amazonaws.com/Delphinium_nuttallianum/images/Delphinium_nuttallianum.13039920.jpg,0,7,17,FALSE,1,5,AMV1E7FFPVAW4,2053,75.61,2024/4/15,21:38:23,38DCH97KI0MZQFKO6Z6X3S2YHYYQJ8,FALSE
13020588,Delphinium_nuttallianum,8676711,302586,https://crowdcurio-experiment-images.s3.amazonaws.com/Delphinium_nuttallianum/images/Delphinium_nuttallianum.13020588.jpg,0,11,6,FALSE,3,6,A1TRGLR2ZWMRPE,20414,24.33,2024/4/15,21:38:08,38DCH97KI0MZQFKO6Z6X3S2YHYYQJ8,FALSE
13022820,Delphinium_nuttallianum,8676781,302587,https://crowdcurio-experiment-images.s3.amazonaws.com/Delphinium_nuttallianum/images/Delphinium_nuttallianum.13022820.jpg,2,10,1,FALSE,3,7,A1TRGLR2ZWMRPE,20414,24.7,2024/4/15,21:38:35,38DCH97KI0MZQFKO6Z6X3S2YHYYQJ8,FALSE
13040257,Delphinium_nuttallianum,8676940,302621,https://crowdcurio-experiment-images.s3.amazonaws.com/Delphinium_nuttallianum/images/Delphinium_nuttallianum.13040257.jpg,0,8,17,FALSE,1,6,AMV1E7FFPVAW4,2053,68.26,2024/4/15,21:39:33,38DCH97KI0MZQFKO6Z6X3S2YHYYQJ8,FALSE
13017522,Delphinium_nuttallianum,8676877,302580,https://crowdcurio-experiment-images.s3.amazonaws.com/Delphinium_nuttallianum/images/Delphinium_nuttallianum.13017522.jpg,0,9,1,FALSE,3,8,A1TRGLR2ZWMRPE,20414,26.56,2024/4/15,21:39:05,38DCH97KI0MZQFKO6Z6X3S2YHYYQJ8,FALSE
13084892,Delphinium_nuttallianum,8677022,302623,https://crowdcurio-experiment-images.s3.amazonaws.com/Delphinium_nuttallianum/images/Delphinium_nuttallianum.13084892.jpg,0,6,0,FALSE,1,7,AMV1E7FFPVAW4,2053,28.17,2024/4/15,21:40:03,38DCH97KI0MZQFKO6Z6X3S2YHYYQJ8,FALSE
13039835,Delphinium_nuttallianum,8677103,302617,https://crowdcurio-experiment-images.s3.amazonaws.com/Delphinium_nuttallianum/images/Delphinium_nuttallianum.13039835.jpg,0,6,3,FALSE,1,8,AMV1E7FFPVAW4,2053,48.66,2024/4/15,21:40:53,38DCH97KI0MZQFKO6Z6X3S2YHYYQJ8,FALSE
13039883,Delphinium_nuttallianum,8677171,302618,https://crowdcurio-experiment-images.s3.amazonaws.com/Delphinium_nuttallianum/images/Delphinium_nuttallianum.13039883.jpg,0,3,0,FALSE,1,9,AMV1E7FFPVAW4,2053,21.98,2024/4/15,21:41:17,38DCH97KI0MZQFKO6Z6X3S2YHYYQJ8,FALSE
13040892,Delphinium_nuttallianum,8677288,302622,https://crowdcurio-experiment-images.s3.amazonaws.com/Delphinium_nuttallianum/images/Delphinium_nuttallianum.13040892.jpg,0,4,4,TRUE,1,10,AMV1E7FFPVAW4,2053,32.52,2024/4/15,21:41:50,38DCH97KI0MZQFKO6Z6X3S2YHYYQJ8,FALSE
12971311,Delphinium_nuttallianum,8677417,302565,https://crowdcurio-experiment-images.s3.amazonaws.com/Delphinium_nuttallianum/images/Delphinium_nuttallianum.12971311.jpg,2,4,10,FALSE,1,1,A2JWU5GINFTOXT,9433,68.19,2024/4/15,21:42:18,38DCH97KI0MZQFKO6Z6X3S2YHYYQJ8,FALSE
13017694,Delphinium_nuttallianum,8677410,302582,https://crowdcurio-experiment-images.s3.amazonaws.com/Delphinium_nuttallianum/images/Delphinium_nuttallianum.13017694.jpg,0,6,0,TRUE,3,9,A1TRGLR2ZWMRPE,20414,190.48,2024/4/15,21:42:16,38DCH97KI0MZQFKO6Z6X3S2YHYYQJ8,FALSE
12969885,Delphinium_nuttallianum,8677588,302563,https://crowdcurio-experiment-images.s3.amazonaws.com/Delphinium_nuttallianum/images/Delphinium_nuttallianum.12969885.jpg,0,5,6,FALSE,1,2,A2JWU5GINFTOXT,9433,48.84,2024/4/15,21:43:09,38DCH97KI0MZQFKO6Z6X3S2YHYYQJ8,FALSE
12980122,Delphinium_nuttallianum,8677652,302566,https://crowdcurio-experiment-images.s3.amazonaws.com/Delphinium_nuttallianum/images/Delphinium_nuttallianum.12980122.jpg,0,11,0,FALSE,1,3,A2JWU5GINFTOXT,9433,21.31,2024/4/15,21:43:33,38DCH97KI0MZQFKO6Z6X3S2YHYYQJ8,FALSE
12970199,Delphinium_nuttallianum,8677737,302564,https://crowdcurio-experiment-images.s3.amazonaws.com/Delphinium_nuttallianum/images/Delphinium_nuttallianum.12970199.jpg,0,7,6,FALSE,1,4,A2JWU5GINFTOXT,9433,25.1,2024/4/15,21:44:01,38DCH97KI0MZQFKO6Z6X3S2YHYYQJ8,FALSE
12969885,Delphinium_nuttallianum,8677869,302563,https://crowdcurio-experiment-images.s3.amazonaws.com/Delphinium_nuttallianum/images/Delphinium_nuttallianum.12969885.jpg,0,6,6,TRUE,1,5,A2JWU5GINFTOXT,9433,31.56,2024/4/15,21:44:33,38DCH97KI0MZQFKO6Z6X3S2YHYYQJ8,FALSE
12959151,Delphinium_nuttallianum,8677994,302554,https://crowdcurio-experiment-images.s3.amazonaws.com/Delphinium_nuttallianum/images/Delphinium_nuttallianum.12959151.jpg,0,10,10,FALSE,1,1,A3FJ63E3IYRWMS,20410,144.66,2024/4/15,21:45:00,38DCH97KI0MZQFKO6Z6X3S2YHYYQJ8,FALSE
12969578,Delphinium_nuttallianum,8678098,302562,https://crowdcurio-experiment-images.s3.amazonaws.com/Delphinium_nuttallianum/images/Delphinium_nuttallianum.12969578.jpg,0,15,4,FALSE,1,6,A2JWU5GINFTOXT,9433,48.13,2024/4/15,21:45:24,38DCH97KI0MZQFKO6Z6X3S2YHYYQJ8,FALSE
13017806,Delphinium_nuttallianum,8677991,302583,https://crowdcurio-experiment-images.s3.amazonaws.com/Delphinium_nuttallianum/images/Delphinium_nuttallianum.13017806.jpg,0,7,5,FALSE,3,10,A1TRGLR2ZWMRPE,20414,160.18,2024/4/15,21:45:00,38DCH97KI0MZQFKO6Z6X3S2YHYYQJ8,FALSE
12963764,Delphinium_nuttallianum,8678078,302558,https://crowdcurio-experiment-images.s3.amazonaws.com/Delphinium_nuttallianum/images/Delphinium_nuttallianum.12963764.jpg,0,8,0,FALSE,1,2,A3FJ63E3IYRWMS,20410,17.77,2024/4/15,21:45:19,38DCH97KI0MZQFKO6Z6X3S2YHYYQJ8,FALSE
12964404,Delphinium_nuttallianum,8678224,302559,https://crowdcurio-experiment-images.s3.amazonaws.com/Delphinium_nuttallianum/images/Delphinium_nuttallianum.12964404.jpg,0,12,0,FALSE,1,3,A3FJ63E3IYRWMS,20410,38.82,2024/4/15,21:45:59,38DCH97KI0MZQFKO6Z6X3S2YHYYQJ8,FALSE
12980277,Delphinium_nuttallianum,8678202,302567,https://crowdcurio-experiment-images.s3.amazonaws.com/Delphinium_nuttallianum/images/Delphinium_nuttallianum.12980277.jpg,0,18,0,FALSE,1,7,A2JWU5GINFTOXT,9433,28.66,2024/4/15,21:45:55,38DCH97KI0MZQFKO6Z6X3S2YHYYQJ8,FALSE
13006361,Delphinium_nuttallianum,8678279,302568,https://crowdcurio-experiment-images.s3.amazonaws.com/Delphinium_nuttallianum/images/Delphinium_nuttallianum.13006361.jpg,0,8,0,FALSE,1,8,A2JWU5GINFTOXT,9433,11.38,2024/4/15,21:46:10,38DCH97KI0MZQFKO6Z6X3S2YHYYQJ8,FALSE
12964743,Delphinium_nuttallianum,8678412,302560,https://crowdcurio-experiment-images.s3.amazonaws.com/Delphinium_nuttallianum/images/Delphinium_nuttallianum.12964743.jpg,0,17,6,FALSE,1,4,A3FJ63E3IYRWMS,20410,37.16,2024/4/15,21:46:38,38DCH97KI0MZQFKO6Z6X3S2YHYYQJ8,FALSE
13006404,Delphinium_nuttallianum,8678340,302569,https://crowdcurio-experiment-images.s3.amazonaws.com/Delphinium_nuttallianum/images/Delphinium_nuttallianum.13006404.jpg,0,3,0,FALSE,1,9,A2JWU5GINFTOXT,9433,10.09,2024/4/15,21:46:23,38DCH97KI0MZQFKO6Z6X3S2YHYYQJ8,FALSE
12965285,Delphinium_nuttallianum,8678500,302561,https://crowdcurio-experiment-images.s3.amazonaws.com/Delphinium_nuttallianum/images/Delphinium_nuttallianum.12965285.jpg,0,3,9,FALSE,1,10,A2JWU5GINFTOXT,9433,29.79,2024/4/15,21:46:55,38DCH97KI0MZQFKO6Z6X3S2YHYYQJ8,FALSE
12963764,Delphinium_nuttallianum,8678496,302558,https://crowdcurio-experiment-images.s3.amazonaws.com/Delphinium_nuttallianum/images/Delphinium_nuttallianum.12963764.jpg,0,8,0,TRUE,1,5,A3FJ63E3IYRWMS,20410,15.71,2024/4/15,21:46:54,38DCH97KI0MZQFKO6Z6X3S2YHYYQJ8,FALSE
12959199,Delphinium_nuttallianum,8678598,302555,https://crowdcurio-experiment-images.s3.amazonaws.com/Delphinium_nuttallianum/images/Delphinium_nuttallianum.12959199.jpg,0,7,0,FALSE,1,6,A3FJ63E3IYRWMS,20410,20.96,2024/4/15,21:47:17,38DCH97KI0MZQFKO6Z6X3S2YHYYQJ8,FALSE
5500155,Delphinium_nuttallianum,8678712,302514,https://crowdcurio-experiment-images.s3.amazonaws.com/Delphinium_nuttallianum/images/Delphinium_nuttallianum.5500155.jpg,5,8,0,FALSE,2,1,A2JWU5GINFTOXT,9433,28.29,2024/4/15,21:47:41,38DCH97KI0MZQFKO6Z6X3S2YHYYQJ8,FALSE
11268194,Delphinium_nuttallianum,8678745,302552,https://crowdcurio-experiment-images.s3.amazonaws.com/Delphinium_nuttallianum/images/Delphinium_nuttallianum.11268194.jpg,0,13,3,FALSE,1,7,A3FJ63E3IYRWMS,20410,29.6,2024/4/15,21:47:48,38DCH97KI0MZQFKO6Z6X3S2YHYYQJ8,FALSE
9339080,Delphinium_nuttallianum,8679031,302548,https://crowdcurio-experiment-images.s3.amazonaws.com/Delphinium_nuttallianum/images/Delphinium_nuttallianum.9339080.jpg,0,19,2,FALSE,1,1,ABZ8EXCHR50HV,20177,117.02,2024/4/15,21:49:17,38DCH97KI0MZQFKO6Z6X3S2YHYYQJ8,FALSE
4821933,Delphinium_nuttallianum,8678822,302509,https://crowdcurio-experiment-images.s3.amazonaws.com/Delphinium_nuttallianum/images/Delphinium_nuttallianum.4821933.jpg,0,10,3,FALSE,2,2,A2JWU5GINFTOXT,9433,20.78,2024/4/15,21:48:04,38DCH97KI0MZQFKO6Z6X3S2YHYYQJ8,FALSE
6038205,Delphinium_nuttallianum,8678809,302518,https://crowdcurio-experiment-images.s3.amazonaws.com/Delphinium_nuttallianum/images/Delphinium_nuttallianum.6038205.jpg,7,10,0,FALSE,4,1,A1TRGLR2ZWMRPE,20414,161.59,2024/4/15,21:48:00,38DCH97KI0MZQFKO6Z6X3S2YHYYQJ8,FALSE
6033870,Delphinium_nuttallianum,8678846,302517,https://crowdcurio-experiment-images.s3.amazonaws.com/Delphinium_nuttallianum/images/Delphinium_nuttallianum.6033870.jpg,4,2,0,FALSE,4,2,A1TRGLR2ZWMRPE,20414,11.76,2024/4/15,21:48:14,38DCH97KI0MZQFKO6Z6X3S2YHYYQJ8,FALSE
4847942,Delphinium_nuttallianum,8678905,302510,https://crowdcurio-experiment-images.s3.amazonaws.com/Delphinium_nuttallianum/images/Delphinium_nuttallianum.4847942.jpg,0,7,0,FALSE,2,3,A2JWU5GINFTOXT,9433,27.66,2024/4/15,21:48:34,38DCH97KI0MZQFKO6Z6X3S2YHYYQJ8,FALSE
6040068,Delphinium_nuttallianum,8679440,302519,https://crowdcurio-experiment-images.s3.amazonaws.com/Delphinium_nuttallianum/images/Delphinium_nuttallianum.6040068.jpg,0,5,0,FALSE,4,3,A1TRGLR2ZWMRPE,20414,187.66,2024/4/15,21:51:25,38DCH97KI0MZQFKO6Z6X3S2YHYYQJ8,FALSE
5500117,Delphinium_nuttallianum,8679037,302513,https://crowdcurio-experiment-images.s3.amazonaws.com/Delphinium_nuttallianum/images/Delphinium_nuttallianum.5500117.jpg,1,9,5,FALSE,2,4,A2JWU5GINFTOXT,9433,44.93,2024/4/15,21:49:22,38DCH97KI0MZQFKO6Z6X3S2YHYYQJ8,FALSE
7923770,Delphinium_nuttallianum,8679263,302545,https://crowdcurio-experiment-images.s3.amazonaws.com/Delphinium_nuttallianum/images/Delphinium_nuttallianum.7923770.jpg,0,18,0,FALSE,1,2,ABZ8EXCHR50HV,20177,79.81,2024/4/15,21:50:38,38DCH97KI0MZQFKO6Z6X3S2YHYYQJ8,FALSE
4821931,Delphinium_nuttallianum,8679168,302508,https://crowdcurio-experiment-images.s3.amazonaws.com/Delphinium_nuttallianum/images/Delphinium_nuttallianum.4821931.jpg,4,13,1,FALSE,2,5,A2JWU5GINFTOXT,9433,45.77,2024/4/15,21:50:10,38DCH97KI0MZQFKO6Z6X3S2YHYYQJ8,FALSE
4851565,Delphinium_nuttallianum,8679248,302511,https://crowdcurio-experiment-images.s3.amazonaws.com/Delphinium_nuttallianum/images/Delphinium_nuttallianum.4851565.jpg,0,6,0,FALSE,2,6,A2JWU5GINFTOXT,9433,18.82,2024/4/15,21:50:31,38DCH97KI0MZQFKO6Z6X3S2YHYYQJ8,FALSE
5644136,Delphinium_nuttallianum,8679401,302515,https://crowdcurio-experiment-images.s3.amazonaws.com/Delphinium_nuttallianum/images/Delphinium_nuttallianum.5644136.jpg,5,12,0,FALSE,2,7,A2JWU5GINFTOXT,9433,42.17,2024/4/15,21:51:16,38DCH97KI0MZQFKO6Z6X3S2YHYYQJ8,FALSE
12962871,Delphinium_nuttallianum,8679513,302556,https://crowdcurio-experiment-images.s3.amazonaws.com/Delphinium_nuttallianum/images/Delphinium_nuttallianum.12962871.jpg,0,17,0,FALSE,1,8,A3FJ63E3IYRWMS,20410,234.93,2024/4/15,21:51:44,38DCH97KI0MZQFKO6Z6X3S2YHYYQJ8,FALSE
4852146,Delphinium_nuttallianum,8679585,302512,https://crowdcurio-experiment-images.s3.amazonaws.com/Delphinium_nuttallianum/images/Delphinium_nuttallianum.4852146.jpg,0,9,0,FALSE,2,8,A2JWU5GINFTOXT,9433,43.28,2024/4/15,21:52:01,38DCH97KI0MZQFKO6Z6X3S2YHYYQJ8,FALSE
7827571,Delphinium_nuttallianum,8679682,302543,https://crowdcurio-experiment-images.s3.amazonaws.com/Delphinium_nuttallianum/images/Delphinium_nuttallianum.7827571.jpg,0,10,2,FALSE,1,3,ABZ8EXCHR50HV,20177,103.9,2024/4/15,21:52:23,38DCH97KI0MZQFKO6Z6X3S2YHYYQJ8,FALSE
6055701,Delphinium_nuttallianum,8679506,302524,https://crowdcurio-experiment-images.s3.amazonaws.com/Delphinium_nuttallianum/images/Delphinium_nuttallianum.6055701.jpg,0,6,0,FALSE,4,4,A1TRGLR2ZWMRPE,20414,13.86,2024/4/15,21:51:42,38DCH97KI0MZQFKO6Z6X3S2YHYYQJ8,FALSE
12962917,Delphinium_nuttallianum,8679661,302557,https://crowdcurio-experiment-images.s3.amazonaws.com/Delphinium_nuttallianum/images/Delphinium_nuttallianum.12962917.jpg,0,7,5,FALSE,1,9,A3FJ63E3IYRWMS,20410,33.92,2024/4/15,21:52:19,38DCH97KI0MZQFKO6Z6X3S2YHYYQJ8,FALSE
5761165,Delphinium_nuttallianum,8679620,302516,https://crowdcurio-experiment-images.s3.amazonaws.com/Delphinium_nuttallianum/images/Delphinium_nuttallianum.5761165.jpg,3,4,0,FALSE,4,5,A1TRGLR2ZWMRPE,20414,25.21,2024/4/15,21:52:10,38DCH97KI0MZQFKO6Z6X3S2YHYYQJ8,FALSE
4821933,Delphinium_nuttallianum,8679724,302509,https://crowdcurio-experiment-images.s3.amazonaws.com/Delphinium_nuttallianum/images/Delphinium_nuttallianum.4821933.jpg,0,10,3,TRUE,2,9,A2JWU5GINFTOXT,9433,29.14,2024/4/15,21:52:31,38DCH97KI0MZQFKO6Z6X3S2YHYYQJ8,FALSE
6041374,Delphinium_nuttallianum,8679711,302520,https://crowdcurio-experiment-images.s3.amazonaws.com/Delphinium_nuttallianum/images/Delphinium_nuttallianum.6041374.jpg,3,2,0,FALSE,4,6,A1TRGLR2ZWMRPE,20414,15.72,2024/4/15,21:52:28,38DCH97KI0MZQFKO6Z6X3S2YHYYQJ8,FALSE
11278043,Delphinium_nuttallianum,8679820,302553,https://crowdcurio-experiment-images.s3.amazonaws.com/Delphinium_nuttallianum/images/Delphinium_nuttallianum.11278043.jpg,0,20,3,FALSE,1,10,A3FJ63E3IYRWMS,20410,29.38,2024/4/15,21:52:53,38DCH97KI0MZQFKO6Z6X3S2YHYYQJ8,FALSE
7851368,Delphinium_nuttallianum,8679989,302544,https://crowdcurio-experiment-images.s3.amazonaws.com/Delphinium_nuttallianum/images/Delphinium_nuttallianum.7851368.jpg,0,13,6,FALSE,1,4,ABZ8EXCHR50HV,20177,64.75,2024/4/15,21:53:29,38DCH97KI0MZQFKO6Z6X3S2YHYYQJ8,FALSE
6043853,Delphinium_nuttallianum,8679810,302522,https://crowdcurio-experiment-images.s3.amazonaws.com/Delphinium_nuttallianum/images/Delphinium_nuttallianum.6043853.jpg,4,7,0,FALSE,4,7,A1TRGLR2ZWMRPE,20414,18.8,2024/4/15,21:52:50,38DCH97KI0MZQFKO6Z6X3S2YHYYQJ8,FALSE
6043530,Delphinium_nuttallianum,8679899,302521,https://crowdcurio-experiment-images.s3.amazonaws.com/Delphinium_nuttallianum/images/Delphinium_nuttallianum.6043530.jpg,0,14,1,FALSE,4,8,A1TRGLR2ZWMRPE,20414,16.71,2024/4/15,21:53:10,38DCH97KI0MZQFKO6Z6X3S2YHYYQJ8,FALSE
4818030,Delphinium_nuttallianum,8680000,302507,https://crowdcurio-experiment-images.s3.amazonaws.com/Delphinium_nuttallianum/images/Delphinium_nuttallianum.4818030.jpg,2,12,0,FALSE,2,10,A2JWU5GINFTOXT,9433,58.52,2024/4/15,21:53:32,38DCH97KI0MZQFKO6Z6X3S2YHYYQJ8,FALSE
4750675,Delphinium_nuttallianum,8679950,302503,https://crowdcurio-experiment-images.s3.amazonaws.com/Delphinium_nuttallianum/images/Delphinium_nuttallianum.4750675.jpg,0,2,4,FALSE,1,1,A1DN2YSTFEW24A,21010,127.52,2024/4/15,21:53:21,38DCH97KI0MZQFKO6Z6X3S2YHYYQJ8,FALSE
6033870,Delphinium_nuttallianum,8679965,302517,https://crowdcurio-experiment-images.s3.amazonaws.com/Delphinium_nuttallianum/images/Delphinium_nuttallianum.6033870.jpg,3,2,0,TRUE,4,9,A1TRGLR2ZWMRPE,20414,12.94,2024/4/15,21:53:24,38DCH97KI0MZQFKO6Z6X3S2YHYYQJ8,FALSE
6050363,Delphinium_nuttallianum,8680071,302523,https://crowdcurio-experiment-images.s3.amazonaws.com/Delphinium_nuttallianum/images/Delphinium_nuttallianum.6050363.jpg,0,6,6,FALSE,4,10,A1TRGLR2ZWMRPE,20414,21.38,2024/4/15,21:53:48,38DCH97KI0MZQFKO6Z6X3S2YHYYQJ8,FALSE
4818028,Delphinium_nuttallianum,8680156,302505,https://crowdcurio-experiment-images.s3.amazonaws.com/Delphinium_nuttallianum/images/Delphinium_nuttallianum.4818028.jpg,0,14,7,FALSE,1,2,A1DN2YSTFEW24A,21010,43.51,2024/4/15,21:54:06,38DCH97KI0MZQFKO6Z6X3S2YHYYQJ8,FALSE
7923770,Delphinium_nuttallianum,8680260,302545,https://crowdcurio-experiment-images.s3.amazonaws.com/Delphinium_nuttallianum/images/Delphinium_nuttallianum.7923770.jpg,0,18,3,TRUE,1,5,ABZ8EXCHR50HV,20177,57.16,2024/4/15,21:54:28,38DCH97KI0MZQFKO6Z6X3S2YHYYQJ8,FALSE
4709308,Delphinium_nuttallianum,8680240,302464,https://crowdcurio-experiment-images.s3.amazonaws.com/Delphinium_nuttallianum/images/Delphinium_nuttallianum.4709308.jpg,0,11,2,FALSE,5,1,A1TRGLR2ZWMRPE,20414,17.35,2024/4/15,21:54:23,38DCH97KI0MZQFKO6Z6X3S2YHYYQJ8,FALSE
4818029,Delphinium_nuttallianum,8680326,302506,https://crowdcurio-experiment-images.s3.amazonaws.com/Delphinium_nuttallianum/images/Delphinium_nuttallianum.4818029.jpg,0,20,0,FALSE,1,3,A1DN2YSTFEW24A,21010,35.54,2024/4/15,21:54:42,38DCH97KI0MZQFKO6Z6X3S2YHYYQJ8,FALSE
4709663,Delphinium_nuttallianum,8680362,302468,https://crowdcurio-experiment-images.s3.amazonaws.com/Delphinium_nuttallianum/images/Delphinium_nuttallianum.4709663.jpg,0,11,3,FALSE,5,2,A1TRGLR2ZWMRPE,20414,24.84,2024/4/15,21:54:50,38DCH97KI0MZQFKO6Z6X3S2YHYYQJ8,FALSE
10338299,Delphinium_nuttallianum,8680524,302550,https://crowdcurio-experiment-images.s3.amazonaws.com/Delphinium_nuttallianum/images/Delphinium_nuttallianum.10338299.jpg,2,11,6,FALSE,1,6,ABZ8EXCHR50HV,20177,66.12,2024/4/15,21:55:35,38DCH97KI0MZQFKO6Z6X3S2YHYYQJ8,FALSE
4750179,Delphinium_nuttallianum,8680406,302498,https://crowdcurio-experiment-images.s3.amazonaws.com/Delphinium_nuttallianum/images/Delphinium_nuttallianum.4750179.jpg,0,7,0,FALSE,1,4,A1DN2YSTFEW24A,21010,17.01,2024/4/15,21:55:01,38DCH97KI0MZQFKO6Z6X3S2YHYYQJ8,FALSE
4709378,Delphinium_nuttallianum,8680445,302466,https://crowdcurio-experiment-images.s3.amazonaws.com/Delphinium_nuttallianum/images/Delphinium_nuttallianum.4709378.jpg,0,6,0,FALSE,5,3,A1TRGLR2ZWMRPE,20414,21.26,2024/4/15,21:55:15,38DCH97KI0MZQFKO6Z6X3S2YHYYQJ8,FALSE
4750556,Delphinium_nuttallianum,8680490,302502,https://crowdcurio-experiment-images.s3.amazonaws.com/Delphinium_nuttallianum/images/Delphinium_nuttallianum.4750556.jpg,0,7,0,FALSE,1,5,A1DN2YSTFEW24A,21010,24.58,2024/4/15,21:55:27,38DCH97KI0MZQFKO6Z6X3S2YHYYQJ8,FALSE
4709170,Delphinium_nuttallianum,8680521,302463,https://crowdcurio-experiment-images.s3.amazonaws.com/Delphinium_nuttallianum/images/Delphinium_nuttallianum.4709170.jpg,0,4,6,FALSE,5,4,A1TRGLR2ZWMRPE,20414,15.2,2024/4/15,21:55:33,38DCH97KI0MZQFKO6Z6X3S2YHYYQJ8,FALSE
4731871,Delphinium_nuttallianum,8680561,302470,https://crowdcurio-experiment-images.s3.amazonaws.com/Delphinium_nuttallianum/images/Delphinium_nuttallianum.4731871.jpg,0,8,0,FALSE,5,5,A1TRGLR2ZWMRPE,20414,11.69,2024/4/15,21:55:47,38DCH97KI0MZQFKO6Z6X3S2YHYYQJ8,FALSE
4818029,Delphinium_nuttallianum,8680582,302506,https://crowdcurio-experiment-images.s3.amazonaws.com/Delphinium_nuttallianum/images/Delphinium_nuttallianum.4818029.jpg,0,11,0,TRUE,1,6,A1DN2YSTFEW24A,21010,25.15,2024/4/15,21:55:53,38DCH97KI0MZQFKO6Z6X3S2YHYYQJ8,FALSE
8604645,Delphinium_nuttallianum,8680648,302547,https://crowdcurio-experiment-images.s3.amazonaws.com/Delphinium_nuttallianum/images/Delphinium_nuttallianum.8604645.jpg,0,12,0,FALSE,1,7,ABZ8EXCHR50HV,20177,35.88,2024/4/15,21:56:13,38DCH97KI0MZQFKO6Z6X3S2YHYYQJ8,FALSE
4709308,Delphinium_nuttallianum,8680632,302464,https://crowdcurio-experiment-images.s3.amazonaws.com/Delphinium_nuttallianum/images/Delphinium_nuttallianum.4709308.jpg,0,11,1,TRUE,5,6,A1TRGLR2ZWMRPE,20414,19.66,2024/4/15,21:56:08,38DCH97KI0MZQFKO6Z6X3S2YHYYQJ8,FALSE
4750492,Delphinium_nuttallianum,8680718,302501,https://crowdcurio-experiment-images.s3.amazonaws.com/Delphinium_nuttallianum/images/Delphinium_nuttallianum.4750492.jpg,0,6,6,FALSE,1,7,A1DN2YSTFEW24A,21010,38.8,2024/4/15,21:56:33,38DCH97KI0MZQFKO6Z6X3S2YHYYQJ8,FALSE
4707384,Delphinium_nuttallianum,8680769,302462,https://crowdcurio-experiment-images.s3.amazonaws.com/Delphinium_nuttallianum/images/Delphinium_nuttallianum.4707384.jpg,5,14,0,FALSE,5,7,A1TRGLR2ZWMRPE,20414,29.67,2024/4/15,21:56:40,38DCH97KI0MZQFKO6Z6X3S2YHYYQJ8,FALSE
10338300,Delphinium_nuttallianum,8680869,302551,https://crowdcurio-experiment-images.s3.amazonaws.com/Delphinium_nuttallianum/images/Delphinium_nuttallianum.10338300.jpg,0,14,1,FALSE,1,8,ABZ8EXCHR50HV,20177,48.47,2024/4/15,21:57:03,38DCH97KI0MZQFKO6Z6X3S2YHYYQJ8,FALSE
4782138,Delphinium_nuttallianum,8680866,302504,https://crowdcurio-experiment-images.s3.amazonaws.com/Delphinium_nuttallianum/images/Delphinium_nuttallianum.4782138.jpg,0,9,2,FALSE,1,8,A1DN2YSTFEW24A,21010,26.75,2024/4/15,21:57:01,38DCH97KI0MZQFKO6Z6X3S2YHYYQJ8,FALSE
4709309,Delphinium_nuttallianum,8680834,302465,https://crowdcurio-experiment-images.s3.amazonaws.com/Delphinium_nuttallianum/images/Delphinium_nuttallianum.4709309.jpg,0,3,3,FALSE,5,8,A1TRGLR2ZWMRPE,20414,10.76,2024/4/15,21:56:54,38DCH97KI0MZQFKO6Z6X3S2YHYYQJ8,FALSE
4709486,Delphinium_nuttallianum,8680957,302467,https://crowdcurio-experiment-images.s3.amazonaws.com/Delphinium_nuttallianum/images/Delphinium_nuttallianum.4709486.jpg,0,8,7,FALSE,5,9,A1TRGLR2ZWMRPE,20414,23.16,2024/4/15,21:57:20,38DCH97KI0MZQFKO6Z6X3S2YHYYQJ8,FALSE
4750283,Delphinium_nuttallianum,8680949,302500,https://crowdcurio-experiment-images.s3.amazonaws.com/Delphinium_nuttallianum/images/Delphinium_nuttallianum.4750283.jpg,0,3,3,FALSE,1,9,A1DN2YSTFEW24A,21010,16.2,2024/4/15,21:57:18,38DCH97KI0MZQFKO6Z6X3S2YHYYQJ8,FALSE
10338298,Delphinium_nuttallianum,8681152,302549,https://crowdcurio-experiment-images.s3.amazonaws.com/Delphinium_nuttallianum/images/Delphinium_nuttallianum.10338298.jpg,3,12,0,FALSE,1,9,ABZ8EXCHR50HV,20177,60.03,2024/4/15,21:58:04,38DCH97KI0MZQFKO6Z6X3S2YHYYQJ8,FALSE
4750254,Delphinium_nuttallianum,8681050,302499,https://crowdcurio-experiment-images.s3.amazonaws.com/Delphinium_nuttallianum/images/Delphinium_nuttallianum.4750254.jpg,0,7,3,FALSE,1,10,A1DN2YSTFEW24A,21010,18.42,2024/4/15,21:57:38,38DCH97KI0MZQFKO6Z6X3S2YHYYQJ8,FALSE
4711238,Delphinium_nuttallianum,8681075,302469,https://crowdcurio-experiment-images.s3.amazonaws.com/Delphinium_nuttallianum/images/Delphinium_nuttallianum.4711238.jpg,0,11,3,FALSE,5,10,A1TRGLR2ZWMRPE,20414,19.62,2024/4/15,21:57:43,38DCH97KI0MZQFKO6Z6X3S2YHYYQJ8,FALSE
4745643,Delphinium_nuttallianum,8682978,302481,https://crowdcurio-experiment-images.s3.amazonaws.com/Delphinium_nuttallianum/images/Delphinium_nuttallianum.4745643.jpg,0,13,0,FALSE,2,1,A3FJ63E3IYRWMS,20410,715.77,2024/4/15,22:05:05,38DCH97KI0MZQFKO6Z6X3S2YHYYQJ8,FALSE
4702074,Delphinium_nuttallianum,8681189,302451,https://crowdcurio-experiment-images.s3.amazonaws.com/Delphinium_nuttallianum/images/Delphinium_nuttallianum.4702074.jpg,0,12,1,FALSE,6,1,A1TRGLR2ZWMRPE,20414,14.63,2024/4/15,21:58:16,38DCH97KI0MZQFKO6Z6X3S2YHYYQJ8,FALSE
7924039,Delphinium_nuttallianum,8681378,302546,https://crowdcurio-experiment-images.s3.amazonaws.com/Delphinium_nuttallianum/images/Delphinium_nuttallianum.7924039.jpg,1,8,5,FALSE,1,10,ABZ8EXCHR50HV,20177,63.34,2024/4/15,21:59:09,38DCH97KI0MZQFKO6Z6X3S2YHYYQJ8,FALSE
4702078,Delphinium_nuttallianum,8681264,302452,https://crowdcurio-experiment-images.s3.amazonaws.com/Delphinium_nuttallianum/images/Delphinium_nuttallianum.4702078.jpg,4,6,0,FALSE,6,2,A1TRGLR2ZWMRPE,20414,18.05,2024/4/15,21:58:37,38DCH97KI0MZQFKO6Z6X3S2YHYYQJ8,FALSE
4701213,Delphinium_nuttallianum,8681364,302447,https://crowdcurio-experiment-images.s3.amazonaws.com/Delphinium_nuttallianum/images/Delphinium_nuttallianum.4701213.jpg,0,0,16,FALSE,6,3,A1TRGLR2ZWMRPE,20414,22.91,2024/4/15,21:59:02,38DCH97KI0MZQFKO6Z6X3S2YHYYQJ8,FALSE
4701181,Delphinium_nuttallianum,8681439,302446,https://crowdcurio-experiment-images.s3.amazonaws.com/Delphinium_nuttallianum/images/Delphinium_nuttallianum.4701181.jpg,0,9,5,FALSE,6,4,A1TRGLR2ZWMRPE,20414,17.59,2024/4/15,21:59:23,38DCH97KI0MZQFKO6Z6X3S2YHYYQJ8,FALSE
4700877,Delphinium_nuttallianum,8681468,302444,https://crowdcurio-experiment-images.s3.amazonaws.com/Delphinium_nuttallianum/images/Delphinium_nuttallianum.4700877.jpg,0,3,0,FALSE,6,5,A1TRGLR2ZWMRPE,20414,7.28,2024/4/15,21:59:33,38DCH97KI0MZQFKO6Z6X3S2YHYYQJ8,FALSE
4699018,Delphinium_nuttallianum,8681679,302440,https://crowdcurio-experiment-images.s3.amazonaws.com/Delphinium_nuttallianum/images/Delphinium_nuttallianum.4699018.jpg,0,8,1,FALSE,2,1,ABZ8EXCHR50HV,20177,47.84,2024/4/15,22:00:16,38DCH97KI0MZQFKO6Z6X3S2YHYYQJ8,FALSE
4701712,Delphinium_nuttallianum,8681520,302448,https://crowdcurio-experiment-images.s3.amazonaws.com/Delphinium_nuttallianum/images/Delphinium_nuttallianum.4701712.jpg,0,6,0,FALSE,6,6,A1TRGLR2ZWMRPE,20414,10.8,2024/4/15,21:59:47,38DCH97KI0MZQFKO6Z6X3S2YHYYQJ8,FALSE
4702008,Delphinium_nuttallianum,8681598,302449,https://crowdcurio-experiment-images.s3.amazonaws.com/Delphinium_nuttallianum/images/Delphinium_nuttallianum.4702008.jpg,0,16,0,FALSE,6,7,A1TRGLR2ZWMRPE,20414,13.87,2024/4/15,22:00:03,38DCH97KI0MZQFKO6Z6X3S2YHYYQJ8,FALSE
4701117,Delphinium_nuttallianum,8681677,302445,https://crowdcurio-experiment-images.s3.amazonaws.com/Delphinium_nuttallianum/images/Delphinium_nuttallianum.4701117.jpg,0,7,0,FALSE,6,8,A1TRGLR2ZWMRPE,20414,9.47,2024/4/15,22:00:16,38DCH97KI0MZQFKO6Z6X3S2YHYYQJ8,FALSE
4702024,Delphinium_nuttallianum,8681720,302450,https://crowdcurio-experiment-images.s3.amazonaws.com/Delphinium_nuttallianum/images/Delphinium_nuttallianum.4702024.jpg,0,5,0,FALSE,6,9,A1TRGLR2ZWMRPE,20414,7.03,2024/4/15,22:00:26,38DCH97KI0MZQFKO6Z6X3S2YHYYQJ8,FALSE
4697190,Delphinium_nuttallianum,8682043,302435,https://crowdcurio-experiment-images.s3.amazonaws.com/Delphinium_nuttallianum/images/Delphinium_nuttallianum.4697190.jpg,0,10,2,FALSE,2,2,ABZ8EXCHR50HV,20177,86.77,2024/4/15,22:01:44,38DCH97KI0MZQFKO6Z6X3S2YHYYQJ8,FALSE
4701117,Delphinium_nuttallianum,8681775,302445,https://crowdcurio-experiment-images.s3.amazonaws.com/Delphinium_nuttallianum/images/Delphinium_nuttallianum.4701117.jpg,0,6,0,TRUE,6,10,A1TRGLR2ZWMRPE,20414,7.52,2024/4/15,22:00:35,38DCH97KI0MZQFKO6Z6X3S2YHYYQJ8,FALSE
4697036,Delphinium_nuttallianum,8682012,302433,https://crowdcurio-experiment-images.s3.amazonaws.com/Delphinium_nuttallianum/images/Delphinium_nuttallianum.4697036.jpg,18,6,0,FALSE,7,1,A1TRGLR2ZWMRPE,20414,46.29,2024/4/15,22:01:38,38DCH97KI0MZQFKO6Z6X3S2YHYYQJ8,FALSE
4739052,Delphinium_nuttallianum,8682066,302471,https://crowdcurio-experiment-images.s3.amazonaws.com/Delphinium_nuttallianum/images/Delphinium_nuttallianum.4739052.jpg,0,10,4,FALSE,3,1,A2JWU5GINFTOXT,9433,480.59,2024/4/15,22:01:51,38DCH97KI0MZQFKO6Z6X3S2YHYYQJ8,FALSE
4698554,Delphinium_nuttallianum,8682339,302438,https://crowdcurio-experiment-images.s3.amazonaws.com/Delphinium_nuttallianum/images/Delphinium_nuttallianum.4698554.jpg,0,11,3,FALSE,2,3,ABZ8EXCHR50HV,20177,59.73,2024/4/15,22:02:46,38DCH97KI0MZQFKO6Z6X3S2YHYYQJ8,FALSE
1700068,Delphinium_nuttallianum,8682226,302257,https://crowdcurio-experiment-images.s3.amazonaws.com/Delphinium_nuttallianum/images/Delphinium_nuttallianum.1700068.jpg,0,12,15,FALSE,7,2,A1TRGLR2ZWMRPE,20414,41.35,2024/4/15,22:02:22,38DCH97KI0MZQFKO6Z6X3S2YHYYQJ8,FALSE
4741202,Delphinium_nuttallianum,8682378,302478,https://crowdcurio-experiment-images.s3.amazonaws.com/Delphinium_nuttallianum/images/Delphinium_nuttallianum.4741202.jpg,0,2,3,FALSE,3,2,A2JWU5GINFTOXT,9433,61.07,2024/4/15,22:02:54,38DCH97KI0MZQFKO6Z6X3S2YHYYQJ8,FALSE
4696863,Delphinium_nuttallianum,8682332,302432,https://crowdcurio-experiment-images.s3.amazonaws.com/Delphinium_nuttallianum/images/Delphinium_nuttallianum.4696863.jpg,10,7,0,FALSE,7,3,A1TRGLR2ZWMRPE,20414,19.18,2024/4/15,22:02:44,38DCH97KI0MZQFKO6Z6X3S2YHYYQJ8,FALSE
1700109,Delphinium_nuttallianum,8682438,302258,https://crowdcurio-experiment-images.s3.amazonaws.com/Delphinium_nuttallianum/images/Delphinium_nuttallianum.1700109.jpg,2,14,0,FALSE,7,4,A1TRGLR2ZWMRPE,20414,18.59,2024/4/15,22:03:06,38DCH97KI0MZQFKO6Z6X3S2YHYYQJ8,FALSE
4697836,Delphinium_nuttallianum,8682454,302437,https://crowdcurio-experiment-images.s3.amazonaws.com/Delphinium_nuttallianum/images/Delphinium_nuttallianum.4697836.jpg,0,6,0,FALSE,2,4,ABZ8EXCHR50HV,20177,23.89,2024/4/15,22:03:11,38DCH97KI0MZQFKO6Z6X3S2YHYYQJ8,FALSE
1686436,Delphinium_nuttallianum,8682495,302256,https://crowdcurio-experiment-images.s3.amazonaws.com/Delphinium_nuttallianum/images/Delphinium_nuttallianum.1686436.jpg,0,7,0,FALSE,7,5,A1TRGLR2ZWMRPE,20414,12.98,2024/4/15,22:03:22,38DCH97KI0MZQFKO6Z6X3S2YHYYQJ8,FALSE
4698584,Delphinium_nuttallianum,8682669,302439,https://crowdcurio-experiment-images.s3.amazonaws.com/Delphinium_nuttallianum/images/Delphinium_nuttallianum.4698584.jpg,0,8,9,FALSE,2,5,ABZ8EXCHR50HV,20177,49.3,2024/4/15,22:04:02,38DCH97KI0MZQFKO6Z6X3S2YHYYQJ8,FALSE
4740757,Delphinium_nuttallianum,8682658,302476,https://crowdcurio-experiment-images.s3.amazonaws.com/Delphinium_nuttallianum/images/Delphinium_nuttallianum.4740757.jpg,2,7,0,FALSE,3,3,A2JWU5GINFTOXT,9433,62.42,2024/4/15,22:03:59,38DCH97KI0MZQFKO6Z6X3S2YHYYQJ8,FALSE
4696863,Delphinium_nuttallianum,8682631,302432,https://crowdcurio-experiment-images.s3.amazonaws.com/Delphinium_nuttallianum/images/Delphinium_nuttallianum.4696863.jpg,10,8,0,TRUE,7,6,A1TRGLR2ZWMRPE,20414,27.83,2024/4/15,22:03:51,38DCH97KI0MZQFKO6Z6X3S2YHYYQJ8,FALSE
4697155,Delphinium_nuttallianum,8682737,302434,https://crowdcurio-experiment-images.s3.amazonaws.com/Delphinium_nuttallianum/images/Delphinium_nuttallianum.4697155.jpg,1,6,0,FALSE,7,7,A1TRGLR2ZWMRPE,20414,23.27,2024/4/15,22:04:17,38DCH97KI0MZQFKO6Z6X3S2YHYYQJ8,FALSE
4700432,Delphinium_nuttallianum,8682889,302442,https://crowdcurio-experiment-images.s3.amazonaws.com/Delphinium_nuttallianum/images/Delphinium_nuttallianum.4700432.jpg,0,14,3,FALSE,2,6,ABZ8EXCHR50HV,20177,46.24,2024/4/15,22:04:49,38DCH97KI0MZQFKO6Z6X3S2YHYYQJ8,FALSE
4739771,Delphinium_nuttallianum,8682901,302472,https://crowdcurio-experiment-images.s3.amazonaws.com/Delphinium_nuttallianum/images/Delphinium_nuttallianum.4739771.jpg,0,4,4,FALSE,3,4,A2JWU5GINFTOXT,9433,50.96,2024/4/15,22:04:52,38DCH97KI0MZQFKO6Z6X3S2YHYYQJ8,FALSE
4696041,Delphinium_nuttallianum,8682792,302430,https://crowdcurio-experiment-images.s3.amazonaws.com/Delphinium_nuttallianum/images/Delphinium_nuttallianum.4696041.jpg,0,4,0,FALSE,7,8,A1TRGLR2ZWMRPE,20414,8.52,2024/4/15,22:04:29,38DCH97KI0MZQFKO6Z6X3S2YHYYQJ8,FALSE
4696537,Delphinium_nuttallianum,8682888,302431,https://crowdcurio-experiment-images.s3.amazonaws.com/Delphinium_nuttallianum/images/Delphinium_nuttallianum.4696537.jpg,0,12,3,FALSE,7,9,A1TRGLR2ZWMRPE,20414,17.57,2024/4/15,22:04:49,38DCH97KI0MZQFKO6Z6X3S2YHYYQJ8,FALSE
4696015,Delphinium_nuttallianum,8682994,302429,https://crowdcurio-experiment-images.s3.amazonaws.com/Delphinium_nuttallianum/images/Delphinium_nuttallianum.4696015.jpg,0,7,3,FALSE,7,10,A1TRGLR2ZWMRPE,20414,17.29,2024/4/15,22:05:10,38DCH97KI0MZQFKO6Z6X3S2YHYYQJ8,FALSE
4740911,Delphinium_nuttallianum,8682989,302477,https://crowdcurio-experiment-images.s3.amazonaws.com/Delphinium_nuttallianum/images/Delphinium_nuttallianum.4740911.jpg,0,5,0,FALSE,3,5,A2JWU5GINFTOXT,9433,14.02,2024/4/15,22:05:08,38DCH97KI0MZQFKO6Z6X3S2YHYYQJ8,FALSE
4697836,Delphinium_nuttallianum,8683059,302437,https://crowdcurio-experiment-images.s3.amazonaws.com/Delphinium_nuttallianum/images/Delphinium_nuttallianum.4697836.jpg,0,6,0,TRUE,2,7,ABZ8EXCHR50HV,20177,38.16,2024/4/15,22:05:28,38DCH97KI0MZQFKO6Z6X3S2YHYYQJ8,FALSE
4740092,Delphinium_nuttallianum,8683094,302474,https://crowdcurio-experiment-images.s3.amazonaws.com/Delphinium_nuttallianum/images/Delphinium_nuttallianum.4740092.jpg,0,3,3,FALSE,3,6,A2JWU5GINFTOXT,9433,27.41,2024/4/15,22:05:38,38DCH97KI0MZQFKO6Z6X3S2YHYYQJ8,FALSE
23991972,Delphinium_nuttallianum,8683163,302834,https://crowdcurio-experiment-images.s3.amazonaws.com/Delphinium_nuttallianum/images/Delphinium_nuttallianum.23991972.jpg,8,16,0,FALSE,8,1,A1TRGLR2ZWMRPE,20414,23.94,2024/4/15,22:05:54,38DCH97KI0MZQFKO6Z6X3S2YHYYQJ8,FALSE
4700469,Delphinium_nuttallianum,8683162,302443,https://crowdcurio-experiment-images.s3.amazonaws.com/Delphinium_nuttallianum/images/Delphinium_nuttallianum.4700469.jpg,0,4,0,FALSE,2,8,ABZ8EXCHR50HV,20177,23.8,2024/4/15,22:05:54,38DCH97KI0MZQFKO6Z6X3S2YHYYQJ8,FALSE
4740020,Delphinium_nuttallianum,8683261,302473,https://crowdcurio-experiment-images.s3.amazonaws.com/Delphinium_nuttallianum/images/Delphinium_nuttallianum.4740020.jpg,0,10,6,FALSE,3,7,A2JWU5GINFTOXT,9433,39.85,2024/4/15,22:06:20,38DCH97KI0MZQFKO6Z6X3S2YHYYQJ8,FALSE
4744497,Delphinium_nuttallianum,8683215,302480,https://crowdcurio-experiment-images.s3.amazonaws.com/Delphinium_nuttallianum/images/Delphinium_nuttallianum.4744497.jpg,0,15,0,FALSE,2,2,A3FJ63E3IYRWMS,20410,60.54,2024/4/15,22:06:07,38DCH97KI0MZQFKO6Z6X3S2YHYYQJ8,FALSE
1682194,Delphinium_nuttallianum,8683250,302253,https://crowdcurio-experiment-images.s3.amazonaws.com/Delphinium_nuttallianum/images/Delphinium_nuttallianum.1682194.jpg,0,3,0,FALSE,8,2,A1TRGLR2ZWMRPE,20414,19.5,2024/4/15,22:06:16,38DCH97KI0MZQFKO6Z6X3S2YHYYQJ8,FALSE
4700272,Delphinium_nuttallianum,8683532,302441,https://crowdcurio-experiment-images.s3.amazonaws.com/Delphinium_nuttallianum/images/Delphinium_nuttallianum.4700272.jpg,0,18,8,FALSE,2,9,ABZ8EXCHR50HV,20177,88.08,2024/4/15,22:07:23,38DCH97KI0MZQFKO6Z6X3S2YHYYQJ8,FALSE
1681827,Delphinium_nuttallianum,8683316,302251,https://crowdcurio-experiment-images.s3.amazonaws.com/Delphinium_nuttallianum/images/Delphinium_nuttallianum.1681827.jpg,0,4,5,FALSE,8,3,A1TRGLR2ZWMRPE,20414,14.13,2024/4/15,22:06:33,38DCH97KI0MZQFKO6Z6X3S2YHYYQJ8,FALSE
4740192,Delphinium_nuttallianum,8683364,302475,https://crowdcurio-experiment-images.s3.amazonaws.com/Delphinium_nuttallianum/images/Delphinium_nuttallianum.4740192.jpg,0,4,2,FALSE,3,8,A2JWU5GINFTOXT,9433,25.08,2024/4/15,22:06:47,38DCH97KI0MZQFKO6Z6X3S2YHYYQJ8,FALSE
1685897,Delphinium_nuttallianum,8683343,302254,https://crowdcurio-experiment-images.s3.amazonaws.com/Delphinium_nuttallianum/images/Delphinium_nuttallianum.1685897.jpg,0,3,0,FALSE,8,4,A1TRGLR2ZWMRPE,20414,5.09,2024/4/15,22:06:40,38DCH97KI0MZQFKO6Z6X3S2YHYYQJ8,FALSE
22073191,Delphinium_nuttallianum,8683445,302831,https://crowdcurio-experiment-images.s3.amazonaws.com/Delphinium_nuttallianum/images/Delphinium_nuttallianum.22073191.jpg,0,11,6,FALSE,8,5,A1TRGLR2ZWMRPE,20414,19.15,2024/4/15,22:07:03,38DCH97KI0MZQFKO6Z6X3S2YHYYQJ8,FALSE
4741381,Delphinium_nuttallianum,8683604,302479,https://crowdcurio-experiment-images.s3.amazonaws.com/Delphinium_nuttallianum/images/Delphinium_nuttallianum.4741381.jpg,0,9,3,FALSE,3,9,A2JWU5GINFTOXT,9433,51.55,2024/4/15,22:07:41,38DCH97KI0MZQFKO6Z6X3S2YHYYQJ8,FALSE
4745687,Delphinium_nuttallianum,8683466,302482,https://crowdcurio-experiment-images.s3.amazonaws.com/Delphinium_nuttallianum/images/Delphinium_nuttallianum.4745687.jpg,0,12,0,FALSE,2,3,A3FJ63E3IYRWMS,20410,58.98,2024/4/15,22:07:08,38DCH97KI0MZQFKO6Z6X3S2YHYYQJ8,FALSE
22074265,Delphinium_nuttallianum,8683549,302832,https://crowdcurio-experiment-images.s3.amazonaws.com/Delphinium_nuttallianum/images/Delphinium_nuttallianum.22074265.jpg,2,6,0,FALSE,8,6,A1TRGLR2ZWMRPE,20414,20.89,2024/4/15,22:07:27,38DCH97KI0MZQFKO6Z6X3S2YHYYQJ8,FALSE
4745831,Delphinium_nuttallianum,8683719,302485,https://crowdcurio-experiment-images.s3.amazonaws.com/Delphinium_nuttallianum/images/Delphinium_nuttallianum.4745831.jpg,0,22,0,FALSE,2,4,A3FJ63E3IYRWMS,20410,59.52,2024/4/15,22:08:10,38DCH97KI0MZQFKO6Z6X3S2YHYYQJ8,FALSE
4697574,Delphinium_nuttallianum,8683628,302436,https://crowdcurio-experiment-images.s3.amazonaws.com/Delphinium_nuttallianum/images/Delphinium_nuttallianum.4697574.jpg,0,8,0,FALSE,2,10,ABZ8EXCHR50HV,20177,23.24,2024/4/15,22:07:48,38DCH97KI0MZQFKO6Z6X3S2YHYYQJ8,FALSE
4740020,Delphinium_nuttallianum,8684031,302473,https://crowdcurio-experiment-images.s3.amazonaws.com/Delphinium_nuttallianum/images/Delphinium_nuttallianum.4740020.jpg,1,10,3,TRUE,3,10,A2JWU5GINFTOXT,9433,103.77,2024/4/15,22:09:26,38DCH97KI0MZQFKO6Z6X3S2YHYYQJ8,FALSE
1681898,Delphinium_nuttallianum,8683744,302252,https://crowdcurio-experiment-images.s3.amazonaws.com/Delphinium_nuttallianum/images/Delphinium_nuttallianum.1681898.jpg,0,6,4,FALSE,8,7,A1TRGLR2ZWMRPE,20414,46.08,2024/4/15,22:08:16,38DCH97KI0MZQFKO6Z6X3S2YHYYQJ8,FALSE
4702348,Delphinium_nuttallianum,8683871,302454,https://crowdcurio-experiment-images.s3.amazonaws.com/Delphinium_nuttallianum/images/Delphinium_nuttallianum.4702348.jpg,0,6,3,FALSE,1,1,A3RBBU5NGKF7WR,10903,100.75,2024/4/15,22:08:45,38DCH97KI0MZQFKO6Z6X3S2YHYYQJ8,FALSE
21348910,Delphinium_nuttallianum,8683788,302808,https://crowdcurio-experiment-images.s3.amazonaws.com/Delphinium_nuttallianum/images/Delphinium_nuttallianum.21348910.jpg,0,6,0,FALSE,3,1,ABZ8EXCHR50HV,20177,20.68,2024/4/15,22:08:26,38DCH97KI0MZQFKO6Z6X3S2YHYYQJ8,FALSE
4745749,Delphinium_nuttallianum,8683850,302484,https://crowdcurio-experiment-images.s3.amazonaws.com/Delphinium_nuttallianum/images/Delphinium_nuttallianum.4745749.jpg,0,10,5,FALSE,2,5,A3FJ63E3IYRWMS,20410,26.82,2024/4/15,22:08:38,38DCH97KI0MZQFKO6Z6X3S2YHYYQJ8,FALSE
22080389,Delphinium_nuttallianum,8683813,302833,https://crowdcurio-experiment-images.s3.amazonaws.com/Delphinium_nuttallianum/images/Delphinium_nuttallianum.22080389.jpg,0,0,11,FALSE,8,8,A1TRGLR2ZWMRPE,20414,12.07,2024/4/15,22:08:31,38DCH97KI0MZQFKO6Z6X3S2YHYYQJ8,FALSE
21348924,Delphinium_nuttallianum,8683893,302809,https://crowdcurio-experiment-images.s3.amazonaws.com/Delphinium_nuttallianum/images/Delphinium_nuttallianum.21348924.jpg,0,2,2,FALSE,3,2,ABZ8EXCHR50HV,20177,23.18,2024/4/15,22:08:50,38DCH97KI0MZQFKO6Z6X3S2YHYYQJ8,FALSE
1686201,Delphinium_nuttallianum,8683919,302255,https://crowdcurio-experiment-images.s3.amazonaws.com/Delphinium_nuttallianum/images/Delphinium_nuttallianum.1686201.jpg,0,6,0,FALSE,8,9,A1TRGLR2ZWMRPE,20414,22.35,2024/4/15,22:08:56,38DCH97KI0MZQFKO6Z6X3S2YHYYQJ8,FALSE
4702182,Delphinium_nuttallianum,8684100,302453,https://crowdcurio-experiment-images.s3.amazonaws.com/Delphinium_nuttallianum/images/Delphinium_nuttallianum.4702182.jpg,1,5,5,FALSE,1,2,A3RBBU5NGKF7WR,10903,50.29,2024/4/15,22:09:37,38DCH97KI0MZQFKO6Z6X3S2YHYYQJ8,FALSE
20991145,Delphinium_nuttallianum,8684114,302806,https://crowdcurio-experiment-images.s3.amazonaws.com/Delphinium_nuttallianum/images/Delphinium_nuttallianum.20991145.jpg,0,8,6,FALSE,3,3,ABZ8EXCHR50HV,20177,47.24,2024/4/15,22:09:39,38DCH97KI0MZQFKO6Z6X3S2YHYYQJ8,FALSE
1681827,Delphinium_nuttallianum,8684014,302251,https://crowdcurio-experiment-images.s3.amazonaws.com/Delphinium_nuttallianum/images/Delphinium_nuttallianum.1681827.jpg,0,5,5,TRUE,8,10,A1TRGLR2ZWMRPE,20414,20.13,2024/4/15,22:09:17,38DCH97KI0MZQFKO6Z6X3S2YHYYQJ8,FALSE
4745956,Delphinium_nuttallianum,8684154,302487,https://crowdcurio-experiment-images.s3.amazonaws.com/Delphinium_nuttallianum/images/Delphinium_nuttallianum.4745956.jpg,0,12,6,FALSE,2,6,A3FJ63E3IYRWMS,20410,67.22,2024/4/15,22:09:47,38DCH97KI0MZQFKO6Z6X3S2YHYYQJ8,FALSE
20605796,Delphinium_nuttallianum,8684129,302797,https://crowdcurio-experiment-images.s3.amazonaws.com/Delphinium_nuttallianum/images/Delphinium_nuttallianum.20605796.jpg,0,5,0,FALSE,9,1,A1TRGLR2ZWMRPE,20414,7.04,2024/4/15,22:09:42,38DCH97KI0MZQFKO6Z6X3S2YHYYQJ8,FALSE
20864525,Delphinium_nuttallianum,8684170,302800,https://crowdcurio-experiment-images.s3.amazonaws.com/Delphinium_nuttallianum/images/Delphinium_nuttallianum.20864525.jpg,0,4,0,FALSE,9,2,A1TRGLR2ZWMRPE,20414,5.61,2024/4/15,22:09:51,38DCH97KI0MZQFKO6Z6X3S2YHYYQJ8,FALSE
20864599,Delphinium_nuttallianum,8684239,302804,https://crowdcurio-experiment-images.s3.amazonaws.com/Delphinium_nuttallianum/images/Delphinium_nuttallianum.20864599.jpg,0,6,0,FALSE,3,4,ABZ8EXCHR50HV,20177,24.26,2024/4/15,22:10:05,38DCH97KI0MZQFKO6Z6X3S2YHYYQJ8,FALSE
20327917,Delphinium_nuttallianum,8684282,302796,https://crowdcurio-experiment-images.s3.amazonaws.com/Delphinium_nuttallianum/images/Delphinium_nuttallianum.20327917.jpg,9,13,0,FALSE,9,3,A1TRGLR2ZWMRPE,20414,19.61,2024/4/15,22:10:13,38DCH97KI0MZQFKO6Z6X3S2YHYYQJ8,FALSE
20006259,Delphinium_nuttallianum,8684430,302787,https://crowdcurio-experiment-images.s3.amazonaws.com/Delphinium_nuttallianum/images/Delphinium_nuttallianum.20006259.jpg,0,14,0,FALSE,4,1,A2JWU5GINFTOXT,9433,63.55,2024/4/15,22:10:46,38DCH97KI0MZQFKO6Z6X3S2YHYYQJ8,FALSE
4702429,Delphinium_nuttallianum,8684446,302455,https://crowdcurio-experiment-images.s3.amazonaws.com/Delphinium_nuttallianum/images/Delphinium_nuttallianum.4702429.jpg,0,3,9,FALSE,1,3,A3RBBU5NGKF7WR,10903,71.25,2024/4/15,22:10:50,38DCH97KI0MZQFKO6Z6X3S2YHYYQJ8,FALSE
20864580,Delphinium_nuttallianum,8684350,302803,https://crowdcurio-experiment-images.s3.amazonaws.com/Delphinium_nuttallianum/images/Delphinium_nuttallianum.20864580.jpg,0,9,2,FALSE,9,4,A1TRGLR2ZWMRPE,20414,13.1,2024/4/15,22:10:29,38DCH97KI0MZQFKO6Z6X3S2YHYYQJ8,FALSE
20864745,Delphinium_nuttallianum,8684612,302805,https://crowdcurio-experiment-images.s3.amazonaws.com/Delphinium_nuttallianum/images/Delphinium_nuttallianum.20864745.jpg,0,1,19,FALSE,3,5,ABZ8EXCHR50HV,20177,81.45,2024/4/15,22:11:28,38DCH97KI0MZQFKO6Z6X3S2YHYYQJ8,FALSE
20605796,Delphinium_nuttallianum,8684386,302797,https://crowdcurio-experiment-images.s3.amazonaws.com/Delphinium_nuttallianum/images/Delphinium_nuttallianum.20605796.jpg,0,7,0,TRUE,9,5,A1TRGLR2ZWMRPE,20414,8.25,2024/4/15,22:10:39,38DCH97KI0MZQFKO6Z6X3S2YHYYQJ8,FALSE
20606170,Delphinium_nuttallianum,8684450,302798,https://crowdcurio-experiment-images.s3.amazonaws.com/Delphinium_nuttallianum/images/Delphinium_nuttallianum.20606170.jpg,0,8,0,FALSE,9,6,A1TRGLR2ZWMRPE,20414,9.42,2024/4/15,22:10:51,38DCH97KI0MZQFKO6Z6X3S2YHYYQJ8,FALSE
4707195,Delphinium_nuttallianum,8684672,302460,https://crowdcurio-experiment-images.s3.amazonaws.com/Delphinium_nuttallianum/images/Delphinium_nuttallianum.4707195.jpg,0,12,0,FALSE,1,4,A3RBBU5NGKF7WR,10903,50.22,2024/4/15,22:11:44,38DCH97KI0MZQFKO6Z6X3S2YHYYQJ8,FALSE
20864533,Delphinium_nuttallianum,8684535,302801,https://crowdcurio-experiment-images.s3.amazonaws.com/Delphinium_nuttallianum/images/Delphinium_nuttallianum.20864533.jpg,0,7,0,FALSE,9,7,A1TRGLR2ZWMRPE,20414,13.68,2024/4/15,22:11:08,38DCH97KI0MZQFKO6Z6X3S2YHYYQJ8,FALSE
20864546,Delphinium_nuttallianum,8684595,302802,https://crowdcurio-experiment-images.s3.amazonaws.com/Delphinium_nuttallianum/images/Delphinium_nuttallianum.20864546.jpg,4,7,0,FALSE,9,8,A1TRGLR2ZWMRPE,20414,11.97,2024/4/15,22:11:22,38DCH97KI0MZQFKO6Z6X3S2YHYYQJ8,FALSE
20327894,Delphinium_nuttallianum,8684666,302795,https://crowdcurio-experiment-images.s3.amazonaws.com/Delphinium_nuttallianum/images/Delphinium_nuttallianum.20327894.jpg,0,7,13,FALSE,9,9,A1TRGLR2ZWMRPE,20414,17.72,2024/4/15,22:11:43,38DCH97KI0MZQFKO6Z6X3S2YHYYQJ8,FALSE
21348925,Delphinium_nuttallianum,8684908,302810,https://crowdcurio-experiment-images.s3.amazonaws.com/Delphinium_nuttallianum/images/Delphinium_nuttallianum.21348925.jpg,0,18,10,FALSE,3,6,ABZ8EXCHR50HV,20177,78.57,2024/4/15,22:12:48,38DCH97KI0MZQFKO6Z6X3S2YHYYQJ8,FALSE
20607240,Delphinium_nuttallianum,8684773,302799,https://crowdcurio-experiment-images.s3.amazonaws.com/Delphinium_nuttallianum/images/Delphinium_nuttallianum.20607240.jpg,7,9,1,FALSE,9,10,A1TRGLR2ZWMRPE,20414,24.93,2024/4/15,22:12:11,38DCH97KI0MZQFKO6Z6X3S2YHYYQJ8,FALSE
4707170,Delphinium_nuttallianum,8684893,302459,https://crowdcurio-experiment-images.s3.amazonaws.com/Delphinium_nuttallianum/images/Delphinium_nuttallianum.4707170.jpg,0,12,1,FALSE,1,5,A3RBBU5NGKF7WR,10903,56.22,2024/4/15,22:12:42,38DCH97KI0MZQFKO6Z6X3S2YHYYQJ8,FALSE
20006527,Delphinium_nuttallianum,8684792,302788,https://crowdcurio-experiment-images.s3.amazonaws.com/Delphinium_nuttallianum/images/Delphinium_nuttallianum.20006527.jpg,0,3,0,FALSE,4,2,A2JWU5GINFTOXT,9433,86.58,2024/4/15,22:12:15,38DCH97KI0MZQFKO6Z6X3S2YHYYQJ8,FALSE
19803363,Delphinium_nuttallianum,8684938,302768,https://crowdcurio-experiment-images.s3.amazonaws.com/Delphinium_nuttallianum/images/Delphinium_nuttallianum.19803363.jpg,0,10,1,FALSE,10,1,A1TRGLR2ZWMRPE,20414,27.15,2024/4/15,22:12:57,38DCH97KI0MZQFKO6Z6X3S2YHYYQJ8,FALSE
4706221,Delphinium_nuttallianum,8685053,302457,https://crowdcurio-experiment-images.s3.amazonaws.com/Delphinium_nuttallianum/images/Delphinium_nuttallianum.4706221.jpg,0,9,0,FALSE,1,6,A3RBBU5NGKF7WR,10903,36.48,2024/4/15,22:13:20,38DCH97KI0MZQFKO6Z6X3S2YHYYQJ8,FALSE
21348929,Delphinium_nuttallianum,8685181,302812,https://crowdcurio-experiment-images.s3.amazonaws.com/Delphinium_nuttallianum/images/Delphinium_nuttallianum.21348929.jpg,0,21,0,FALSE,3,7,ABZ8EXCHR50HV,20177,60.79,2024/4/15,22:13:50,38DCH97KI0MZQFKO6Z6X3S2YHYYQJ8,FALSE
19987655,Delphinium_nuttallianum,8685013,302773,https://crowdcurio-experiment-images.s3.amazonaws.com/Delphinium_nuttallianum/images/Delphinium_nuttallianum.19987655.jpg,2,6,0,FALSE,10,2,A1TRGLR2ZWMRPE,20414,13.26,2024/4/15,22:13:14,38DCH97KI0MZQFKO6Z6X3S2YHYYQJ8,FALSE
20006554,Delphinium_nuttallianum,8685030,302789,https://crowdcurio-experiment-images.s3.amazonaws.com/Delphinium_nuttallianum/images/Delphinium_nuttallianum.20006554.jpg,0,10,0,FALSE,4,3,A2JWU5GINFTOXT,9433,59.32,2024/4/15,22:13:16,38DCH97KI0MZQFKO6Z6X3S2YHYYQJ8,FALSE
19826063,Delphinium_nuttallianum,8685080,302771,https://crowdcurio-experiment-images.s3.amazonaws.com/Delphinium_nuttallianum/images/Delphinium_nuttallianum.19826063.jpg,2,4,0,FALSE,10,3,A1TRGLR2ZWMRPE,20414,8.42,2024/4/15,22:13:25,38DCH97KI0MZQFKO6Z6X3S2YHYYQJ8,FALSE
20006564,Delphinium_nuttallianum,8685119,302790,https://crowdcurio-experiment-images.s3.amazonaws.com/Delphinium_nuttallianum/images/Delphinium_nuttallianum.20006564.jpg,0,9,0,FALSE,4,4,A2JWU5GINFTOXT,9433,15.26,2024/4/15,22:13:34,38DCH97KI0MZQFKO6Z6X3S2YHYYQJ8,FALSE
4702616,Delphinium_nuttallianum,8685364,302456,https://crowdcurio-experiment-images.s3.amazonaws.com/Delphinium_nuttallianum/images/Delphinium_nuttallianum.4702616.jpg,1,8,1,FALSE,1,7,A3RBBU5NGKF7WR,10903,59.25,2024/4/15,22:14:21,38DCH97KI0MZQFKO6Z6X3S2YHYYQJ8,FALSE
19803363,Delphinium_nuttallianum,8685155,302768,https://crowdcurio-experiment-images.s3.amazonaws.com/Delphinium_nuttallianum/images/Delphinium_nuttallianum.19803363.jpg,0,10,1,TRUE,10,4,A1TRGLR2ZWMRPE,20414,18.47,2024/4/15,22:13:44,38DCH97KI0MZQFKO6Z6X3S2YHYYQJ8,FALSE
20006682,Delphinium_nuttallianum,8685229,302791,https://crowdcurio-experiment-images.s3.amazonaws.com/Delphinium_nuttallianum/images/Delphinium_nuttallianum.20006682.jpg,0,9,0,FALSE,4,5,A2JWU5GINFTOXT,9433,21.55,2024/4/15,22:13:57,38DCH97KI0MZQFKO6Z6X3S2YHYYQJ8,FALSE
19988651,Delphinium_nuttallianum,8685274,302775,https://crowdcurio-experiment-images.s3.amazonaws.com/Delphinium_nuttallianum/images/Delphinium_nuttallianum.19988651.jpg,6,6,0,FALSE,10,5,A1TRGLR2ZWMRPE,20414,18.49,2024/4/15,22:14:06,38DCH97KI0MZQFKO6Z6X3S2YHYYQJ8,FALSE
21348927,Delphinium_nuttallianum,8685478,302811,https://crowdcurio-experiment-images.s3.amazonaws.com/Delphinium_nuttallianum/images/Delphinium_nuttallianum.21348927.jpg,0,8,3,FALSE,3,8,ABZ8EXCHR50HV,20177,46.05,2024/4/15,22:14:38,38DCH97KI0MZQFKO6Z6X3S2YHYYQJ8,FALSE
19987606,Delphinium_nuttallianum,8685474,302772,https://crowdcurio-experiment-images.s3.amazonaws.com/Delphinium_nuttallianum/images/Delphinium_nuttallianum.19987606.jpg,0,11,13,FALSE,10,6,A1TRGLR2ZWMRPE,20414,27.1,2024/4/15,22:14:37,38DCH97KI0MZQFKO6Z6X3S2YHYYQJ8,FALSE
20008352,Delphinium_nuttallianum,8686244,302793,https://crowdcurio-experiment-images.s3.amazonaws.com/Delphinium_nuttallianum/images/Delphinium_nuttallianum.20008352.jpg,0,14,12,FALSE,4,6,A2JWU5GINFTOXT,9433,192.22,2024/4/15,22:17:12,38DCH97KI0MZQFKO6Z6X3S2YHYYQJ8,FALSE
20991145,Delphinium_nuttallianum,8685691,302806,https://crowdcurio-experiment-images.s3.amazonaws.com/Delphinium_nuttallianum/images/Delphinium_nuttallianum.20991145.jpg,0,8,5,TRUE,3,9,ABZ8EXCHR50HV,20177,46.83,2024/4/15,22:15:25,38DCH97KI0MZQFKO6Z6X3S2YHYYQJ8,FALSE
19989263,Delphinium_nuttallianum,8685656,302776,https://crowdcurio-experiment-images.s3.amazonaws.com/Delphinium_nuttallianum/images/Delphinium_nuttallianum.19989263.jpg,1,14,0,FALSE,10,7,A1TRGLR2ZWMRPE,20414,36.12,2024/4/15,22:15:16,38DCH97KI0MZQFKO6Z6X3S2YHYYQJ8,FALSE
4702182,Delphinium_nuttallianum,8685839,302453,https://crowdcurio-experiment-images.s3.amazonaws.com/Delphinium_nuttallianum/images/Delphinium_nuttallianum.4702182.jpg,1,5,5,TRUE,1,8,A3RBBU5NGKF7WR,10903,89.99,2024/4/15,22:15:52,38DCH97KI0MZQFKO6Z6X3S2YHYYQJ8,FALSE
19988289,Delphinium_nuttallianum,8685758,302774,https://crowdcurio-experiment-images.s3.amazonaws.com/Delphinium_nuttallianum/images/Delphinium_nuttallianum.19988289.jpg,8,5,0,FALSE,10,8,A1TRGLR2ZWMRPE,20414,20.44,2024/4/15,22:15:39,38DCH97KI0MZQFKO6Z6X3S2YHYYQJ8,FALSE
21177517,Delphinium_nuttallianum,8685990,302807,https://crowdcurio-experiment-images.s3.amazonaws.com/Delphinium_nuttallianum/images/Delphinium_nuttallianum.21177517.jpg,0,21,0,FALSE,3,10,ABZ8EXCHR50HV,20177,57.22,2024/4/15,22:16:24,38DCH97KI0MZQFKO6Z6X3S2YHYYQJ8,FALSE
19804022,Delphinium_nuttallianum,8685871,302769,https://crowdcurio-experiment-images.s3.amazonaws.com/Delphinium_nuttallianum/images/Delphinium_nuttallianum.19804022.jpg,0,9,3,FALSE,10,9,A1TRGLR2ZWMRPE,20414,16.82,2024/4/15,22:15:58,38DCH97KI0MZQFKO6Z6X3S2YHYYQJ8,FALSE
4745748,Delphinium_nuttallianum,8685934,302483,https://crowdcurio-experiment-images.s3.amazonaws.com/Delphinium_nuttallianum/images/Delphinium_nuttallianum.4745748.jpg,0,5,1,FALSE,2,7,A3FJ63E3IYRWMS,20410,380.87,2024/4/15,22:16:09,38DCH97KI0MZQFKO6Z6X3S2YHYYQJ8,FALSE
4707329,Delphinium_nuttallianum,8686119,302461,https://crowdcurio-experiment-images.s3.amazonaws.com/Delphinium_nuttallianum/images/Delphinium_nuttallianum.4707329.jpg,3,9,2,FALSE,1,9,A3RBBU5NGKF7WR,10903,54.18,2024/4/15,22:16:49,38DCH97KI0MZQFKO6Z6X3S2YHYYQJ8,FALSE
19826061,Delphinium_nuttallianum,8685970,302770,https://crowdcurio-experiment-images.s3.amazonaws.com/Delphinium_nuttallianum/images/Delphinium_nuttallianum.19826061.jpg,1,4,2,FALSE,10,10,A1TRGLR2ZWMRPE,20414,17.36,2024/4/15,22:16:18,38DCH97KI0MZQFKO6Z6X3S2YHYYQJ8,FALSE
4745955,Delphinium_nuttallianum,8685988,302486,https://crowdcurio-experiment-images.s3.amazonaws.com/Delphinium_nuttallianum/images/Delphinium_nuttallianum.4745955.jpg,0,3,2,FALSE,2,8,A3FJ63E3IYRWMS,20410,13.96,2024/4/15,22:16:24,38DCH97KI0MZQFKO6Z6X3S2YHYYQJ8,FALSE
4745687,Delphinium_nuttallianum,8686095,302482,https://crowdcurio-experiment-images.s3.amazonaws.com/Delphinium_nuttallianum/images/Delphinium_nuttallianum.4745687.jpg,0,13,0,TRUE,2,9,A3FJ63E3IYRWMS,20410,19.82,2024/4/15,22:16:45,38DCH97KI0MZQFKO6Z6X3S2YHYYQJ8,FALSE
15371887,Delphinium_nuttallianum,8686435,302755,https://crowdcurio-experiment-images.s3.amazonaws.com/Delphinium_nuttallianum/images/Delphinium_nuttallianum.15371887.jpg,5,25,3,FALSE,11,1,A1TRGLR2ZWMRPE,20414,76.11,2024/4/15,22:17:55,38DCH97KI0MZQFKO6Z6X3S2YHYYQJ8,FALSE
4745985,Delphinium_nuttallianum,8686280,302488,https://crowdcurio-experiment-images.s3.amazonaws.com/Delphinium_nuttallianum/images/Delphinium_nuttallianum.4745985.jpg,0,26,0,FALSE,2,10,A3FJ63E3IYRWMS,20410,33.08,2024/4/15,22:17:19,38DCH97KI0MZQFKO6Z6X3S2YHYYQJ8,FALSE
28086024,Delphinium_nuttallianum,8686338,302932,https://crowdcurio-experiment-images.s3.amazonaws.com/Delphinium_nuttallianum/images/Delphinium_nuttallianum.28086024.jpg,1,8,6,FALSE,1,1,AHM4FX2ZWTHRT,20804,73.36,2024/4/15,22:17:32,38DCH97KI0MZQFKO6Z6X3S2YHYYQJ8,FALSE
14814688,Delphinium_nuttallianum,8686354,302733,https://crowdcurio-experiment-images.s3.amazonaws.com/Delphinium_nuttallianum/images/Delphinium_nuttallianum.14814688.jpg,0,5,5,FALSE,4,1,ABZ8EXCHR50HV,20177,52.15,2024/4/15,22:17:36,38DCH97KI0MZQFKO6Z6X3S2YHYYQJ8,FALSE
4707118,Delphinium_nuttallianum,8686403,302458,https://crowdcurio-experiment-images.s3.amazonaws.com/Delphinium_nuttallianum/images/Delphinium_nuttallianum.4707118.jpg,0,12,7,FALSE,1,10,A3RBBU5NGKF7WR,10903,56.26,2024/4/15,22:17:46,38DCH97KI0MZQFKO6Z6X3S2YHYYQJ8,FALSE
14812740,Delphinium_nuttallianum,8686611,302732,https://crowdcurio-experiment-images.s3.amazonaws.com/Delphinium_nuttallianum/images/Delphinium_nuttallianum.14812740.jpg,0,16,4,FALSE,4,2,ABZ8EXCHR50HV,20177,57.53,2024/4/15,22:18:35,38DCH97KI0MZQFKO6Z6X3S2YHYYQJ8,FALSE
15225440,Delphinium_nuttallianum,8686491,302751,https://crowdcurio-experiment-images.s3.amazonaws.com/Delphinium_nuttallianum/images/Delphinium_nuttallianum.15225440.jpg,0,9,0,FALSE,11,2,A1TRGLR2ZWMRPE,20414,12.02,2024/4/15,22:18:09,38DCH97KI0MZQFKO6Z6X3S2YHYYQJ8,FALSE
19992483,Delphinium_nuttallianum,8686510,302779,https://crowdcurio-experiment-images.s3.amazonaws.com/Delphinium_nuttallianum/images/Delphinium_nuttallianum.19992483.jpg,0,2,0,FALSE,1,1,A38UUB83BIPIUR,19792,62.33,2024/4/15,22:18:13,38DCH97KI0MZQFKO6Z6X3S2YHYYQJ8,FALSE
15222951,Delphinium_nuttallianum,8686534,302750,https://crowdcurio-experiment-images.s3.amazonaws.com/Delphinium_nuttallianum/images/Delphinium_nuttallianum.15222951.jpg,0,3,1,FALSE,11,3,A1TRGLR2ZWMRPE,20414,7.86,2024/4/15,22:18:20,38DCH97KI0MZQFKO6Z6X3S2YHYYQJ8,FALSE
19992559,Delphinium_nuttallianum,8686573,302780,https://crowdcurio-experiment-images.s3.amazonaws.com/Delphinium_nuttallianum/images/Delphinium_nuttallianum.19992559.jpg,0,5,0,FALSE,1,2,A38UUB83BIPIUR,19792,10.73,2024/4/15,22:18:28,38DCH97KI0MZQFKO6Z6X3S2YHYYQJ8,FALSE
15371887,Delphinium_nuttallianum,8686812,302755,https://crowdcurio-experiment-images.s3.amazonaws.com/Delphinium_nuttallianum/images/Delphinium_nuttallianum.15371887.jpg,6,27,1,TRUE,11,4,A1TRGLR2ZWMRPE,20414,49.79,2024/4/15,22:19:11,38DCH97KI0MZQFKO6Z6X3S2YHYYQJ8,FALSE
27170255,Delphinium_nuttallianum,8686634,302925,https://crowdcurio-experiment-images.s3.amazonaws.com/Delphinium_nuttallianum/images/Delphinium_nuttallianum.27170255.jpg,0,3,0,FALSE,1,2,AHM4FX2ZWTHRT,20804,67.08,2024/4/15,22:18:41,38DCH97KI0MZQFKO6Z6X3S2YHYYQJ8,FALSE
19993255,Delphinium_nuttallianum,8686672,302781,https://crowdcurio-experiment-images.s3.amazonaws.com/Delphinium_nuttallianum/images/Delphinium_nuttallianum.19993255.jpg,0,7,0,FALSE,1,3,A38UUB83BIPIUR,19792,15.77,2024/4/15,22:18:47,38DCH97KI0MZQFKO6Z6X3S2YHYYQJ8,FALSE
14895344,Delphinium_nuttallianum,8686846,302738,https://crowdcurio-experiment-images.s3.amazonaws.com/Delphinium_nuttallianum/images/Delphinium_nuttallianum.14895344.jpg,0,18,0,FALSE,4,3,ABZ8EXCHR50HV,20177,42.12,2024/4/15,22:19:18,38DCH97KI0MZQFKO6Z6X3S2YHYYQJ8,FALSE
20316651,Delphinium_nuttallianum,8686839,302794,https://crowdcurio-experiment-images.s3.amazonaws.com/Delphinium_nuttallianum/images/Delphinium_nuttallianum.20316651.jpg,5,6,2,FALSE,4,7,A2JWU5GINFTOXT,9433,122,2024/4/15,22:19:16,38DCH97KI0MZQFKO6Z6X3S2YHYYQJ8,FALSE
19992051,Delphinium_nuttallianum,8686752,302778,https://crowdcurio-experiment-images.s3.amazonaws.com/Delphinium_nuttallianum/images/Delphinium_nuttallianum.19992051.jpg,0,2,0,FALSE,1,4,A38UUB83BIPIUR,19792,11.05,2024/4/15,22:19:01,38DCH97KI0MZQFKO6Z6X3S2YHYYQJ8,FALSE
28163363,Delphinium_nuttallianum,8687093,302933,https://crowdcurio-experiment-images.s3.amazonaws.com/Delphinium_nuttallianum/images/Delphinium_nuttallianum.28163363.jpg,0,19,0,FALSE,1,3,AHM4FX2ZWTHRT,20804,81.14,2024/4/15,22:20:04,38DCH97KI0MZQFKO6Z6X3S2YHYYQJ8,FALSE
15225507,Delphinium_nuttallianum,8687070,302752,https://crowdcurio-experiment-images.s3.amazonaws.com/Delphinium_nuttallianum/images/Delphinium_nuttallianum.15225507.jpg,0,17,12,FALSE,11,5,A1TRGLR2ZWMRPE,20414,46.04,2024/4/15,22:20:00,38DCH97KI0MZQFKO6Z6X3S2YHYYQJ8,FALSE
14818815,Delphinium_nuttallianum,8687223,302734,https://crowdcurio-experiment-images.s3.amazonaws.com/Delphinium_nuttallianum/images/Delphinium_nuttallianum.14818815.jpg,0,6,17,FALSE,4,4,ABZ8EXCHR50HV,20177,62.16,2024/4/15,22:20:22,38DCH97KI0MZQFKO6Z6X3S2YHYYQJ8,FALSE
19997977,Delphinium_nuttallianum,8687044,302786,https://crowdcurio-experiment-images.s3.amazonaws.com/Delphinium_nuttallianum/images/Delphinium_nuttallianum.19997977.jpg,5,8,6,FALSE,4,8,A2JWU5GINFTOXT,9433,36.83,2024/4/15,22:19:55,38DCH97KI0MZQFKO6Z6X3S2YHYYQJ8,FALSE
19997218,Delphinium_nuttallianum,8686944,302785,https://crowdcurio-experiment-images.s3.amazonaws.com/Delphinium_nuttallianum/images/Delphinium_nuttallianum.19997218.jpg,0,4,0,FALSE,1,5,A38UUB83BIPIUR,19792,33.17,2024/4/15,22:19:38,38DCH97KI0MZQFKO6Z6X3S2YHYYQJ8,FALSE
15052795,Delphinium_nuttallianum,8687175,302744,https://crowdcurio-experiment-images.s3.amazonaws.com/Delphinium_nuttallianum/images/Delphinium_nuttallianum.15052795.jpg,9,7,0,FALSE,1,1,APRZ7BR8C0ZMQ,580,31.12,2024/4/15,22:20:15,38DCH97KI0MZQFKO6Z6X3S2YHYYQJ8,FALSE
19992559,Delphinium_nuttallianum,8687119,302780,https://crowdcurio-experiment-images.s3.amazonaws.com/Delphinium_nuttallianum/images/Delphinium_nuttallianum.19992559.jpg,0,7,0,TRUE,1,6,A38UUB83BIPIUR,19792,28.37,2024/4/15,22:20:07,38DCH97KI0MZQFKO6Z6X3S2YHYYQJ8,FALSE
20007747,Delphinium_nuttallianum,8687171,302792,https://crowdcurio-experiment-images.s3.amazonaws.com/Delphinium_nuttallianum/images/Delphinium_nuttallianum.20007747.jpg,0,6,1,FALSE,4,9,A2JWU5GINFTOXT,9433,16.1,2024/4/15,22:20:14,38DCH97KI0MZQFKO6Z6X3S2YHYYQJ8,FALSE
15371866,Delphinium_nuttallianum,8687378,302754,https://crowdcurio-experiment-images.s3.amazonaws.com/Delphinium_nuttallianum/images/Delphinium_nuttallianum.15371866.jpg,10,8,0,FALSE,11,6,A1TRGLR2ZWMRPE,20414,54.61,2024/4/15,22:20:57,38DCH97KI0MZQFKO6Z6X3S2YHYYQJ8,FALSE
27877306,Delphinium_nuttallianum,8687387,302931,https://crowdcurio-experiment-images.s3.amazonaws.com/Delphinium_nuttallianum/images/Delphinium_nuttallianum.27877306.jpg,3,7,0,FALSE,1,4,AHM4FX2ZWTHRT,20804,55.22,2024/4/15,22:21:00,38DCH97KI0MZQFKO6Z6X3S2YHYYQJ8,FALSE
15072980,Delphinium_nuttallianum,8687343,302746,https://crowdcurio-experiment-images.s3.amazonaws.com/Delphinium_nuttallianum/images/Delphinium_nuttallianum.15072980.jpg,0,5,4,FALSE,1,2,APRZ7BR8C0ZMQ,580,31.67,2024/4/15,22:20:48,38DCH97KI0MZQFKO6Z6X3S2YHYYQJ8,FALSE
19994343,Delphinium_nuttallianum,8687365,302782,https://crowdcurio-experiment-images.s3.amazonaws.com/Delphinium_nuttallianum/images/Delphinium_nuttallianum.19994343.jpg,0,3,0,FALSE,1,7,A38UUB83BIPIUR,19792,42.95,2024/4/15,22:20:54,38DCH97KI0MZQFKO6Z6X3S2YHYYQJ8,FALSE
15371899,Delphinium_nuttallianum,8687690,302756,https://crowdcurio-experiment-images.s3.amazonaws.com/Delphinium_nuttallianum/images/Delphinium_nuttallianum.15371899.jpg,13,24,0,FALSE,11,7,A1TRGLR2ZWMRPE,20414,43.85,2024/4/15,22:21:44,38DCH97KI0MZQFKO6Z6X3S2YHYYQJ8,FALSE
15052795,Delphinium_nuttallianum,8687651,302744,https://crowdcurio-experiment-images.s3.amazonaws.com/Delphinium_nuttallianum/images/Delphinium_nuttallianum.15052795.jpg,11,6,0,TRUE,1,3,APRZ7BR8C0ZMQ,580,49.74,2024/4/15,22:21:39,38DCH97KI0MZQFKO6Z6X3S2YHYYQJ8,FALSE
19991258,Delphinium_nuttallianum,8687528,302777,https://crowdcurio-experiment-images.s3.amazonaws.com/Delphinium_nuttallianum/images/Delphinium_nuttallianum.19991258.jpg,0,6,0,FALSE,1,8,A38UUB83BIPIUR,19792,25.57,2024/4/15,22:21:23,38DCH97KI0MZQFKO6Z6X3S2YHYYQJ8,FALSE
27211448,Delphinium_nuttallianum,8687856,302927,https://crowdcurio-experiment-images.s3.amazonaws.com/Delphinium_nuttallianum/images/Delphinium_nuttallianum.27211448.jpg,4,11,0,FALSE,1,5,AHM4FX2ZWTHRT,20804,78,2024/4/15,22:22:20,38DCH97KI0MZQFKO6Z6X3S2YHYYQJ8,FALSE
20006682,Delphinium_nuttallianum,8687679,302791,https://crowdcurio-experiment-images.s3.amazonaws.com/Delphinium_nuttallianum/images/Delphinium_nuttallianum.20006682.jpg,4,8,0,TRUE,4,10,A2JWU5GINFTOXT,9433,86.83,2024/4/15,22:21:43,38DCH97KI0MZQFKO6Z6X3S2YHYYQJ8,FALSE
19996619,Delphinium_nuttallianum,8687672,302784,https://crowdcurio-experiment-images.s3.amazonaws.com/Delphinium_nuttallianum/images/Delphinium_nuttallianum.19996619.jpg,0,2,0,FALSE,1,9,A38UUB83BIPIUR,19792,15.68,2024/4/15,22:21:41,38DCH97KI0MZQFKO6Z6X3S2YHYYQJ8,FALSE
19996556,Delphinium_nuttallianum,8687727,302783,https://crowdcurio-experiment-images.s3.amazonaws.com/Delphinium_nuttallianum/images/Delphinium_nuttallianum.19996556.jpg,0,5,0,FALSE,1,10,A38UUB83BIPIUR,19792,10.65,2024/4/15,22:21:55,38DCH97KI0MZQFKO6Z6X3S2YHYYQJ8,FALSE
14987580,Delphinium_nuttallianum,8687860,302741,https://crowdcurio-experiment-images.s3.amazonaws.com/Delphinium_nuttallianum/images/Delphinium_nuttallianum.14987580.jpg,0,10,4,FALSE,1,4,APRZ7BR8C0ZMQ,580,42.03,2024/4/15,22:22:22,38DCH97KI0MZQFKO6Z6X3S2YHYYQJ8,FALSE
15811109,Delphinium_nuttallianum,8687772,302757,https://crowdcurio-experiment-images.s3.amazonaws.com/Delphinium_nuttallianum/images/Delphinium_nuttallianum.15811109.jpg,2,3,0,FALSE,11,8,A1TRGLR2ZWMRPE,20414,16.09,2024/4/15,22:22:04,38DCH97KI0MZQFKO6Z6X3S2YHYYQJ8,FALSE
15225903,Delphinium_nuttallianum,8687895,302753,https://crowdcurio-experiment-images.s3.amazonaws.com/Delphinium_nuttallianum/images/Delphinium_nuttallianum.15225903.jpg,0,10,6,FALSE,11,9,A1TRGLR2ZWMRPE,20414,23.89,2024/4/15,22:22:30,38DCH97KI0MZQFKO6Z6X3S2YHYYQJ8,FALSE
13825216,Delphinium_nuttallianum,8687845,302722,https://crowdcurio-experiment-images.s3.amazonaws.com/Delphinium_nuttallianum/images/Delphinium_nuttallianum.13825216.jpg,0,3,0,FALSE,2,1,A38UUB83BIPIUR,19792,10.93,2024/4/15,22:22:18,38DCH97KI0MZQFKO6Z6X3S2YHYYQJ8,FALSE
15082468,Delphinium_nuttallianum,8687970,302747,https://crowdcurio-experiment-images.s3.amazonaws.com/Delphinium_nuttallianum/images/Delphinium_nuttallianum.15082468.jpg,0,0,11,FALSE,1,5,APRZ7BR8C0ZMQ,580,29.21,2024/4/15,22:22:53,38DCH97KI0MZQFKO6Z6X3S2YHYYQJ8,FALSE
15811200,Delphinium_nuttallianum,8687980,302758,https://crowdcurio-experiment-images.s3.amazonaws.com/Delphinium_nuttallianum/images/Delphinium_nuttallianum.15811200.jpg,0,14,3,FALSE,11,10,A1TRGLR2ZWMRPE,20414,22.59,2024/4/15,22:22:56,38DCH97KI0MZQFKO6Z6X3S2YHYYQJ8,FALSE
27215555,Delphinium_nuttallianum,8688918,302928,https://crowdcurio-experiment-images.s3.amazonaws.com/Delphinium_nuttallianum/images/Delphinium_nuttallianum.27215555.jpg,0,18,0,FALSE,1,6,AHM4FX2ZWTHRT,20804,245.22,2024/4/15,22:26:26,38DCH97KI0MZQFKO6Z6X3S2YHYYQJ8,FALSE
15090994,Delphinium_nuttallianum,8688080,302749,https://crowdcurio-experiment-images.s3.amazonaws.com/Delphinium_nuttallianum/images/Delphinium_nuttallianum.15090994.jpg,0,10,6,FALSE,1,6,APRZ7BR8C0ZMQ,580,31.06,2024/4/15,22:23:26,38DCH97KI0MZQFKO6Z6X3S2YHYYQJ8,FALSE
15003431,Delphinium_nuttallianum,8688275,302742,https://crowdcurio-experiment-images.s3.amazonaws.com/Delphinium_nuttallianum/images/Delphinium_nuttallianum.15003431.jpg,0,15,1,FALSE,1,7,APRZ7BR8C0ZMQ,580,41.62,2024/4/15,22:24:09,38DCH97KI0MZQFKO6Z6X3S2YHYYQJ8,FALSE
6058132,Delphinium_nuttallianum,8688423,302527,https://crowdcurio-experiment-images.s3.amazonaws.com/Delphinium_nuttallianum/images/Delphinium_nuttallianum.6058132.jpg,3,5,0,FALSE,1,1,A3HZRSZAPWTUXE,19760,1998.83,2024/4/15,22:24:34,38DCH97KI0MZQFKO6Z6X3S2YHYYQJ8,FALSE
15048522,Delphinium_nuttallianum,8688569,302743,https://crowdcurio-experiment-images.s3.amazonaws.com/Delphinium_nuttallianum/images/Delphinium_nuttallianum.15048522.jpg,8,10,0,FALSE,1,8,APRZ7BR8C0ZMQ,580,51.78,2024/4/15,22:25:02,38DCH97KI0MZQFKO6Z6X3S2YHYYQJ8,FALSE
13824989,Delphinium_nuttallianum,8688319,302717,https://crowdcurio-experiment-images.s3.amazonaws.com/Delphinium_nuttallianum/images/Delphinium_nuttallianum.13824989.jpg,0,3,0,FALSE,2,2,A38UUB83BIPIUR,19792,116.63,2024/4/15,22:24:18,38DCH97KI0MZQFKO6Z6X3S2YHYYQJ8,FALSE
13824958,Delphinium_nuttallianum,8688394,302715,https://crowdcurio-experiment-images.s3.amazonaws.com/Delphinium_nuttallianum/images/Delphinium_nuttallianum.13824958.jpg,0,2,0,FALSE,2,3,A38UUB83BIPIUR,19792,7.9,2024/4/15,22:24:29,38DCH97KI0MZQFKO6Z6X3S2YHYYQJ8,FALSE
13825106,Delphinium_nuttallianum,8688484,302719,https://crowdcurio-experiment-images.s3.amazonaws.com/Delphinium_nuttallianum/images/Delphinium_nuttallianum.13825106.jpg,0,6,0,FALSE,2,4,A38UUB83BIPIUR,19792,11.21,2024/4/15,22:24:44,38DCH97KI0MZQFKO6Z6X3S2YHYYQJ8,FALSE
6062431,Delphinium_nuttallianum,8688551,302529,https://crowdcurio-experiment-images.s3.amazonaws.com/Delphinium_nuttallianum/images/Delphinium_nuttallianum.6062431.jpg,0,6,0,FALSE,1,2,A3HZRSZAPWTUXE,19760,22.02,2024/4/15,22:24:58,38DCH97KI0MZQFKO6Z6X3S2YHYYQJ8,FALSE
13825172,Delphinium_nuttallianum,8688552,302720,https://crowdcurio-experiment-images.s3.amazonaws.com/Delphinium_nuttallianum/images/Delphinium_nuttallianum.13825172.jpg,0,6,0,FALSE,2,5,A38UUB83BIPIUR,19792,10.96,2024/4/15,22:24:58,38DCH97KI0MZQFKO6Z6X3S2YHYYQJ8,FALSE
13824976,Delphinium_nuttallianum,8688584,302716,https://crowdcurio-experiment-images.s3.amazonaws.com/Delphinium_nuttallianum/images/Delphinium_nuttallianum.13824976.jpg,0,1,0,FALSE,2,6,A38UUB83BIPIUR,19792,5.06,2024/4/15,22:25:06,38DCH97KI0MZQFKO6Z6X3S2YHYYQJ8,FALSE
15082616,Delphinium_nuttallianum,8688707,302748,https://crowdcurio-experiment-images.s3.amazonaws.com/Delphinium_nuttallianum/images/Delphinium_nuttallianum.15082616.jpg,0,5,6,FALSE,1,9,APRZ7BR8C0ZMQ,580,25.91,2024/4/15,22:25:30,38DCH97KI0MZQFKO6Z6X3S2YHYYQJ8,FALSE
13825013,Delphinium_nuttallianum,8688649,302718,https://crowdcurio-experiment-images.s3.amazonaws.com/Delphinium_nuttallianum/images/Delphinium_nuttallianum.13825013.jpg,0,2,0,FALSE,2,7,A38UUB83BIPIUR,19792,6.33,2024/4/15,22:25:16,38DCH97KI0MZQFKO6Z6X3S2YHYYQJ8,FALSE
14833886,Delphinium_nuttallianum,8688778,302735,https://crowdcurio-experiment-images.s3.amazonaws.com/Delphinium_nuttallianum/images/Delphinium_nuttallianum.14833886.jpg,0,11,0,FALSE,4,5,ABZ8EXCHR50HV,20177,326.93,2024/4/15,22:25:50,38DCH97KI0MZQFKO6Z6X3S2YHYYQJ8,FALSE
13825216,Delphinium_nuttallianum,8688701,302722,https://crowdcurio-experiment-images.s3.amazonaws.com/Delphinium_nuttallianum/images/Delphinium_nuttallianum.13825216.jpg,0,3,0,TRUE,2,8,A38UUB83BIPIUR,19792,10.42,2024/4/15,22:25:28,38DCH97KI0MZQFKO6Z6X3S2YHYYQJ8,FALSE
15060515,Delphinium_nuttallianum,8688828,302745,https://crowdcurio-experiment-images.s3.amazonaws.com/Delphinium_nuttallianum/images/Delphinium_nuttallianum.15060515.jpg,2,6,2,FALSE,1,10,APRZ7BR8C0ZMQ,580,32.58,2024/4/15,22:26:04,38DCH97KI0MZQFKO6Z6X3S2YHYYQJ8,FALSE
13824929,Delphinium_nuttallianum,8688781,302714,https://crowdcurio-experiment-images.s3.amazonaws.com/Delphinium_nuttallianum/images/Delphinium_nuttallianum.13824929.jpg,0,5,0,FALSE,2,9,A38UUB83BIPIUR,19792,20.29,2024/4/15,22:25:52,38DCH97KI0MZQFKO6Z6X3S2YHYYQJ8,FALSE
13825205,Delphinium_nuttallianum,8688829,302721,https://crowdcurio-experiment-images.s3.amazonaws.com/Delphinium_nuttallianum/images/Delphinium_nuttallianum.13825205.jpg,0,5,0,FALSE,2,10,A38UUB83BIPIUR,19792,9.19,2024/4/15,22:26:04,38DCH97KI0MZQFKO6Z6X3S2YHYYQJ8,FALSE
14864939,Delphinium_nuttallianum,8689053,302737,https://crowdcurio-experiment-images.s3.amazonaws.com/Delphinium_nuttallianum/images/Delphinium_nuttallianum.14864939.jpg,0,9,7,FALSE,4,6,ABZ8EXCHR50HV,20177,62.62,2024/4/15,22:26:54,38DCH97KI0MZQFKO6Z6X3S2YHYYQJ8,FALSE
6056311,Delphinium_nuttallianum,8689084,302525,https://crowdcurio-experiment-images.s3.amazonaws.com/Delphinium_nuttallianum/images/Delphinium_nuttallianum.6056311.jpg,6,0,40,FALSE,1,3,A3HZRSZAPWTUXE,19760,120.78,2024/4/15,22:27:01,38DCH97KI0MZQFKO6Z6X3S2YHYYQJ8,FALSE
13823428,Delphinium_nuttallianum,8689076,302689,https://crowdcurio-experiment-images.s3.amazonaws.com/Delphinium_nuttallianum/images/Delphinium_nuttallianum.13823428.jpg,10,9,0,FALSE,2,1,APRZ7BR8C0ZMQ,580,39.6,2024/4/15,22:27:00,38DCH97KI0MZQFKO6Z6X3S2YHYYQJ8,FALSE
27521214,Delphinium_nuttallianum,8689112,302929,https://crowdcurio-experiment-images.s3.amazonaws.com/Delphinium_nuttallianum/images/Delphinium_nuttallianum.27521214.jpg,0,7,0,FALSE,1,7,AHM4FX2ZWTHRT,20804,42.3,2024/4/15,22:27:10,38DCH97KI0MZQFKO6Z6X3S2YHYYQJ8,FALSE
13823425,Delphinium_nuttallianum,8689314,302686,https://crowdcurio-experiment-images.s3.amazonaws.com/Delphinium_nuttallianum/images/Delphinium_nuttallianum.13823425.jpg,0,17,1,FALSE,2,2,APRZ7BR8C0ZMQ,580,38,2024/4/15,22:27:40,38DCH97KI0MZQFKO6Z6X3S2YHYYQJ8,FALSE
14843427,Delphinium_nuttallianum,8689410,302736,https://crowdcurio-experiment-images.s3.amazonaws.com/Delphinium_nuttallianum/images/Delphinium_nuttallianum.14843427.jpg,2,15,0,FALSE,4,7,ABZ8EXCHR50HV,20177,62.46,2024/4/15,22:27:58,38DCH97KI0MZQFKO6Z6X3S2YHYYQJ8,FALSE
14291964,Delphinium_nuttallianum,8689541,302724,https://crowdcurio-experiment-images.s3.amazonaws.com/Delphinium_nuttallianum/images/Delphinium_nuttallianum.14291964.jpg,0,20,2,FALSE,2,1,A3RBBU5NGKF7WR,10903,615.88,2024/4/15,22:28:19,38DCH97KI0MZQFKO6Z6X3S2YHYYQJ8,FALSE
6063869,Delphinium_nuttallianum,8689330,302531,https://crowdcurio-experiment-images.s3.amazonaws.com/Delphinium_nuttallianum/images/Delphinium_nuttallianum.6063869.jpg,5,13,0,FALSE,1,4,A3HZRSZAPWTUXE,19760,38,2024/4/15,22:27:42,38DCH97KI0MZQFKO6Z6X3S2YHYYQJ8,FALSE
27170790,Delphinium_nuttallianum,8689759,302926,https://crowdcurio-experiment-images.s3.amazonaws.com/Delphinium_nuttallianum/images/Delphinium_nuttallianum.27170790.jpg,4,7,1,FALSE,1,8,AHM4FX2ZWTHRT,20804,103.73,2024/4/15,22:28:55,38DCH97KI0MZQFKO6Z6X3S2YHYYQJ8,FALSE
13823452,Delphinium_nuttallianum,8689317,302697,https://crowdcurio-experiment-images.s3.amazonaws.com/Delphinium_nuttallianum/images/Delphinium_nuttallianum.13823452.jpg,0,3,0,FALSE,3,1,A38UUB83BIPIUR,19792,84.83,2024/4/15,22:27:40,38DCH97KI0MZQFKO6Z6X3S2YHYYQJ8,FALSE
13823432,Delphinium_nuttallianum,8689488,302690,https://crowdcurio-experiment-images.s3.amazonaws.com/Delphinium_nuttallianum/images/Delphinium_nuttallianum.13823432.jpg,0,9,5,FALSE,2,3,APRZ7BR8C0ZMQ,580,28.37,2024/4/15,22:28:09,38DCH97KI0MZQFKO6Z6X3S2YHYYQJ8,FALSE
6057516,Delphinium_nuttallianum,8689466,302526,https://crowdcurio-experiment-images.s3.amazonaws.com/Delphinium_nuttallianum/images/Delphinium_nuttallianum.6057516.jpg,1,11,1,FALSE,1,5,A3HZRSZAPWTUXE,19760,22.69,2024/4/15,22:28:07,38DCH97KI0MZQFKO6Z6X3S2YHYYQJ8,FALSE
13823448,Delphinium_nuttallianum,8689420,302696,https://crowdcurio-experiment-images.s3.amazonaws.com/Delphinium_nuttallianum/images/Delphinium_nuttallianum.13823448.jpg,0,3,0,FALSE,3,2,A38UUB83BIPIUR,19792,16.24,2024/4/15,22:27:59,38DCH97KI0MZQFKO6Z6X3S2YHYYQJ8,FALSE
14939468,Delphinium_nuttallianum,8689540,302739,https://crowdcurio-experiment-images.s3.amazonaws.com/Delphinium_nuttallianum/images/Delphinium_nuttallianum.14939468.jpg,0,6,0,FALSE,4,8,ABZ8EXCHR50HV,20177,19.41,2024/4/15,22:28:19,38DCH97KI0MZQFKO6Z6X3S2YHYYQJ8,FALSE
13823443,Delphinium_nuttallianum,8689526,302694,https://crowdcurio-experiment-images.s3.amazonaws.com/Delphinium_nuttallianum/images/Delphinium_nuttallianum.13823443.jpg,0,5,0,FALSE,3,3,A38UUB83BIPIUR,19792,13.4,2024/4/15,22:28:16,38DCH97KI0MZQFKO6Z6X3S2YHYYQJ8,FALSE
13823442,Delphinium_nuttallianum,8689714,302693,https://crowdcurio-experiment-images.s3.amazonaws.com/Delphinium_nuttallianum/images/Delphinium_nuttallianum.13823442.jpg,5,13,0,FALSE,2,4,APRZ7BR8C0ZMQ,580,34.84,2024/4/15,22:28:46,38DCH97KI0MZQFKO6Z6X3S2YHYYQJ8,FALSE
6061233,Delphinium_nuttallianum,8689709,302528,https://crowdcurio-experiment-images.s3.amazonaws.com/Delphinium_nuttallianum/images/Delphinium_nuttallianum.6061233.jpg,1,13,0,FALSE,1,6,A3HZRSZAPWTUXE,19760,36.12,2024/4/15,22:28:45,38DCH97KI0MZQFKO6Z6X3S2YHYYQJ8,FALSE
14818815,Delphinium_nuttallianum,8690003,302734,https://crowdcurio-experiment-images.s3.amazonaws.com/Delphinium_nuttallianum/images/Delphinium_nuttallianum.14818815.jpg,0,7,17,TRUE,4,9,ABZ8EXCHR50HV,20177,69.28,2024/4/15,22:29:29,38DCH97KI0MZQFKO6Z6X3S2YHYYQJ8,FALSE
13823456,Delphinium_nuttallianum,8689605,302698,https://crowdcurio-experiment-images.s3.amazonaws.com/Delphinium_nuttallianum/images/Delphinium_nuttallianum.13823456.jpg,0,2,0,FALSE,3,4,A38UUB83BIPIUR,19792,11.75,2024/4/15,22:28:31,38DCH97KI0MZQFKO6Z6X3S2YHYYQJ8,FALSE
14723437,Delphinium_nuttallianum,8689954,302727,https://crowdcurio-experiment-images.s3.amazonaws.com/Delphinium_nuttallianum/images/Delphinium_nuttallianum.14723437.jpg,0,11,3,FALSE,2,2,A3RBBU5NGKF7WR,10903,61.14,2024/4/15,22:29:21,38DCH97KI0MZQFKO6Z6X3S2YHYYQJ8,FALSE
13823446,Delphinium_nuttallianum,8689765,302695,https://crowdcurio-experiment-images.s3.amazonaws.com/Delphinium_nuttallianum/images/Delphinium_nuttallianum.13823446.jpg,0,5,0,FALSE,3,5,A38UUB83BIPIUR,19792,21.93,2024/4/15,22:28:56,38DCH97KI0MZQFKO6Z6X3S2YHYYQJ8,FALSE
13823427,Delphinium_nuttallianum,8690056,302688,https://crowdcurio-experiment-images.s3.amazonaws.com/Delphinium_nuttallianum/images/Delphinium_nuttallianum.13823427.jpg,13,20,0,FALSE,2,5,APRZ7BR8C0ZMQ,580,51.46,2024/4/15,22:29:39,38DCH97KI0MZQFKO6Z6X3S2YHYYQJ8,FALSE
13823591,Delphinium_nuttallianum,8689874,302699,https://crowdcurio-experiment-images.s3.amazonaws.com/Delphinium_nuttallianum/images/Delphinium_nuttallianum.13823591.jpg,0,1,0,FALSE,3,6,A38UUB83BIPIUR,19792,11.19,2024/4/15,22:29:11,38DCH97KI0MZQFKO6Z6X3S2YHYYQJ8,FALSE
6063869,Delphinium_nuttallianum,8690051,302531,https://crowdcurio-experiment-images.s3.amazonaws.com/Delphinium_nuttallianum/images/Delphinium_nuttallianum.6063869.jpg,8,10,0,TRUE,1,7,A3HZRSZAPWTUXE,19760,51.77,2024/4/15,22:29:38,38DCH97KI0MZQFKO6Z6X3S2YHYYQJ8,FALSE
28086024,Delphinium_nuttallianum,8690080,302932,https://crowdcurio-experiment-images.s3.amazonaws.com/Delphinium_nuttallianum/images/Delphinium_nuttallianum.28086024.jpg,2,9,0,TRUE,1,9,AHM4FX2ZWTHRT,20804,45.82,2024/4/15,22:29:43,38DCH97KI0MZQFKO6Z6X3S2YHYYQJ8,FALSE
13823452,Delphinium_nuttallianum,8689983,302697,https://crowdcurio-experiment-images.s3.amazonaws.com/Delphinium_nuttallianum/images/Delphinium_nuttallianum.13823452.jpg,0,2,0,TRUE,3,7,A38UUB83BIPIUR,19792,13.66,2024/4/15,22:29:25,38DCH97KI0MZQFKO6Z6X3S2YHYYQJ8,FALSE
14800632,Delphinium_nuttallianum,8690313,302729,https://crowdcurio-experiment-images.s3.amazonaws.com/Delphinium_nuttallianum/images/Delphinium_nuttallianum.14800632.jpg,0,9,23,FALSE,2,3,A3RBBU5NGKF7WR,10903,63.26,2024/4/15,22:30:26,38DCH97KI0MZQFKO6Z6X3S2YHYYQJ8,FALSE
14973863,Delphinium_nuttallianum,8690374,302740,https://crowdcurio-experiment-images.s3.amazonaws.com/Delphinium_nuttallianum/images/Delphinium_nuttallianum.14973863.jpg,0,29,0,FALSE,4,10,ABZ8EXCHR50HV,20177,70.94,2024/4/15,22:30:41,38DCH97KI0MZQFKO6Z6X3S2YHYYQJ8,FALSE
13824613,Delphinium_nuttallianum,8690100,302702,https://crowdcurio-experiment-images.s3.amazonaws.com/Delphinium_nuttallianum/images/Delphinium_nuttallianum.13824613.jpg,0,3,0,FALSE,3,8,A38UUB83BIPIUR,19792,18.03,2024/4/15,22:29:47,38DCH97KI0MZQFKO6Z6X3S2YHYYQJ8,FALSE
13823433,Delphinium_nuttallianum,8690182,302691,https://crowdcurio-experiment-images.s3.amazonaws.com/Delphinium_nuttallianum/images/Delphinium_nuttallianum.13823433.jpg,0,8,1,FALSE,2,6,APRZ7BR8C0ZMQ,580,23.88,2024/4/15,22:30:04,38DCH97KI0MZQFKO6Z6X3S2YHYYQJ8,FALSE
13824589,Delphinium_nuttallianum,8690179,302701,https://crowdcurio-experiment-images.s3.amazonaws.com/Delphinium_nuttallianum/images/Delphinium_nuttallianum.13824589.jpg,0,2,0,FALSE,3,9,A38UUB83BIPIUR,19792,13.56,2024/4/15,22:30:04,38DCH97KI0MZQFKO6Z6X3S2YHYYQJ8,FALSE
27572403,Delphinium_nuttallianum,8690447,302930,https://crowdcurio-experiment-images.s3.amazonaws.com/Delphinium_nuttallianum/images/Delphinium_nuttallianum.27572403.jpg,3,7,4,FALSE,1,10,AHM4FX2ZWTHRT,20804,72.73,2024/4/15,22:30:56,38DCH97KI0MZQFKO6Z6X3S2YHYYQJ8,FALSE
13823426,Delphinium_nuttallianum,8690377,302687,https://crowdcurio-experiment-images.s3.amazonaws.com/Delphinium_nuttallianum/images/Delphinium_nuttallianum.13823426.jpg,5,11,0,FALSE,2,7,APRZ7BR8C0ZMQ,580,37.48,2024/4/15,22:30:43,38DCH97KI0MZQFKO6Z6X3S2YHYYQJ8,FALSE
13823424,Delphinium_nuttallianum,8690637,302685,https://crowdcurio-experiment-images.s3.amazonaws.com/Delphinium_nuttallianum/images/Delphinium_nuttallianum.13823424.jpg,1,24,9,FALSE,2,8,APRZ7BR8C0ZMQ,580,51.97,2024/4/15,22:31:37,38DCH97KI0MZQFKO6Z6X3S2YHYYQJ8,FALSE
14811829,Delphinium_nuttallianum,8690573,302731,https://crowdcurio-experiment-images.s3.amazonaws.com/Delphinium_nuttallianum/images/Delphinium_nuttallianum.14811829.jpg,0,7,4,FALSE,2,4,A3RBBU5NGKF7WR,10903,55.44,2024/4/15,22:31:23,38DCH97KI0MZQFKO6Z6X3S2YHYYQJ8,FALSE
13823593,Delphinium_nuttallianum,8690524,302700,https://crowdcurio-experiment-images.s3.amazonaws.com/Delphinium_nuttallianum/images/Delphinium_nuttallianum.13823593.jpg,0,3,0,FALSE,3,10,A38UUB83BIPIUR,19792,61.61,2024/4/15,22:31:09,38DCH97KI0MZQFKO6Z6X3S2YHYYQJ8,FALSE
6063642,Delphinium_nuttallianum,8690698,302530,https://crowdcurio-experiment-images.s3.amazonaws.com/Delphinium_nuttallianum/images/Delphinium_nuttallianum.6063642.jpg,2,2,1,FALSE,1,8,A3HZRSZAPWTUXE,19760,131.09,2024/4/15,22:31:52,38DCH97KI0MZQFKO6Z6X3S2YHYYQJ8,FALSE
14801189,Delphinium_nuttallianum,8690902,302730,https://crowdcurio-experiment-images.s3.amazonaws.com/Delphinium_nuttallianum/images/Delphinium_nuttallianum.14801189.jpg,2,14,1,FALSE,2,5,A3RBBU5NGKF7WR,10903,76.49,2024/4/15,22:32:41,38DCH97KI0MZQFKO6Z6X3S2YHYYQJ8,FALSE
13823442,Delphinium_nuttallianum,8690753,302693,https://crowdcurio-experiment-images.s3.amazonaws.com/Delphinium_nuttallianum/images/Delphinium_nuttallianum.13823442.jpg,6,11,0,TRUE,2,9,APRZ7BR8C0ZMQ,580,28.71,2024/4/15,22:32:06,38DCH97KI0MZQFKO6Z6X3S2YHYYQJ8,FALSE
13823435,Delphinium_nuttallianum,8690920,302692,https://crowdcurio-experiment-images.s3.amazonaws.com/Delphinium_nuttallianum/images/Delphinium_nuttallianum.13823435.jpg,0,13,16,FALSE,2,10,APRZ7BR8C0ZMQ,580,38.5,2024/4/15,22:32:46,38DCH97KI0MZQFKO6Z6X3S2YHYYQJ8,FALSE
13823398,Delphinium_nuttallianum,8690899,302669,https://crowdcurio-experiment-images.s3.amazonaws.com/Delphinium_nuttallianum/images/Delphinium_nuttallianum.13823398.jpg,0,5,0,FALSE,4,1,A38UUB83BIPIUR,19792,79.96,2024/4/15,22:32:41,38DCH97KI0MZQFKO6Z6X3S2YHYYQJ8,FALSE
6070172,Delphinium_nuttallianum,8690945,302532,https://crowdcurio-experiment-images.s3.amazonaws.com/Delphinium_nuttallianum/images/Delphinium_nuttallianum.6070172.jpg,0,2,0,FALSE,1,9,A3HZRSZAPWTUXE,19760,53.94,2024/4/15,22:32:53,38DCH97KI0MZQFKO6Z6X3S2YHYYQJ8,FALSE
13823401,Delphinium_nuttallianum,8691029,302671,https://crowdcurio-experiment-images.s3.amazonaws.com/Delphinium_nuttallianum/images/Delphinium_nuttallianum.13823401.jpg,0,4,0,FALSE,4,2,A38UUB83BIPIUR,19792,26.44,2024/4/15,22:33:11,38DCH97KI0MZQFKO6Z6X3S2YHYYQJ8,FALSE
14722509,Delphinium_nuttallianum,8691188,302726,https://crowdcurio-experiment-images.s3.amazonaws.com/Delphinium_nuttallianum/images/Delphinium_nuttallianum.14722509.jpg,0,11,5,FALSE,2,6,A3RBBU5NGKF7WR,10903,66.35,2024/4/15,22:33:50,38DCH97KI0MZQFKO6Z6X3S2YHYYQJ8,FALSE
6081757,Delphinium_nuttallianum,8691517,302533,https://crowdcurio-experiment-images.s3.amazonaws.com/Delphinium_nuttallianum/images/Delphinium_nuttallianum.6081757.jpg,2,18,0,FALSE,1,10,A3HZRSZAPWTUXE,19760,128.97,2024/4/15,22:35:15,38DCH97KI0MZQFKO6Z6X3S2YHYYQJ8,FALSE
13823419,Delphinium_nuttallianum,8691274,302680,https://crowdcurio-experiment-images.s3.amazonaws.com/Delphinium_nuttallianum/images/Delphinium_nuttallianum.13823419.jpg,0,4,1,FALSE,5,1,ABZ8EXCHR50HV,20177,191.58,2024/4/15,22:34:15,38DCH97KI0MZQFKO6Z6X3S2YHYYQJ8,FALSE
13823407,Delphinium_nuttallianum,8691142,302672,https://crowdcurio-experiment-images.s3.amazonaws.com/Delphinium_nuttallianum/images/Delphinium_nuttallianum.13823407.jpg,0,4,0,FALSE,4,3,A38UUB83BIPIUR,19792,25.44,2024/4/15,22:33:39,38DCH97KI0MZQFKO6Z6X3S2YHYYQJ8,FALSE
13823412,Delphinium_nuttallianum,8691228,302675,https://crowdcurio-experiment-images.s3.amazonaws.com/Delphinium_nuttallianum/images/Delphinium_nuttallianum.13823412.jpg,0,6,0,FALSE,4,4,A38UUB83BIPIUR,19792,18.48,2024/4/15,22:34:01,38DCH97KI0MZQFKO6Z6X3S2YHYYQJ8,FALSE
13823390,Delphinium_nuttallianum,8691271,302667,https://crowdcurio-experiment-images.s3.amazonaws.com/Delphinium_nuttallianum/images/Delphinium_nuttallianum.13823390.jpg,0,7,0,FALSE,4,5,A38UUB83BIPIUR,19792,9.84,2024/4/15,22:34:14,38DCH97KI0MZQFKO6Z6X3S2YHYYQJ8,FALSE
13823399,Delphinium_nuttallianum,8691314,302670,https://crowdcurio-experiment-images.s3.amazonaws.com/Delphinium_nuttallianum/images/Delphinium_nuttallianum.13823399.jpg,0,6,0,FALSE,4,6,A38UUB83BIPIUR,19792,9.19,2024/4/15,22:34:26,38DCH97KI0MZQFKO6Z6X3S2YHYYQJ8,FALSE
13823418,Delphinium_nuttallianum,8691591,302679,https://crowdcurio-experiment-images.s3.amazonaws.com/Delphinium_nuttallianum/images/Delphinium_nuttallianum.13823418.jpg,0,14,16,FALSE,5,2,ABZ8EXCHR50HV,20177,80.33,2024/4/15,22:35:36,38DCH97KI0MZQFKO6Z6X3S2YHYYQJ8,FALSE
13823409,Delphinium_nuttallianum,8691433,302673,https://crowdcurio-experiment-images.s3.amazonaws.com/Delphinium_nuttallianum/images/Delphinium_nuttallianum.13823409.jpg,0,5,0,FALSE,4,7,A38UUB83BIPIUR,19792,23.08,2024/4/15,22:34:53,38DCH97KI0MZQFKO6Z6X3S2YHYYQJ8,FALSE
13823393,Delphinium_nuttallianum,8691494,302668,https://crowdcurio-experiment-images.s3.amazonaws.com/Delphinium_nuttallianum/images/Delphinium_nuttallianum.13823393.jpg,0,5,0,FALSE,4,8,A38UUB83BIPIUR,19792,12.27,2024/4/15,22:35:09,38DCH97KI0MZQFKO6Z6X3S2YHYYQJ8,FALSE
13038817,Delphinium_nuttallianum,8691647,302603,https://crowdcurio-experiment-images.s3.amazonaws.com/Delphinium_nuttallianum/images/Delphinium_nuttallianum.13038817.jpg,0,13,9,FALSE,1,1,AHD5DU3F2FJ34,21066,2790.44,2024/4/15,22:35:47,38DCH97KI0MZQFKO6Z6X3S2YHYYQJ8,FALSE
13823412,Delphinium_nuttallianum,8691578,302675,https://crowdcurio-experiment-images.s3.amazonaws.com/Delphinium_nuttallianum/images/Delphinium_nuttallianum.13823412.jpg,0,7,0,TRUE,4,9,A38UUB83BIPIUR,19792,20.84,2024/4/15,22:35:31,38DCH97KI0MZQFKO6Z6X3S2YHYYQJ8,FALSE
13823422,Delphinium_nuttallianum,8692048,302683,https://crowdcurio-experiment-images.s3.amazonaws.com/Delphinium_nuttallianum/images/Delphinium_nuttallianum.13823422.jpg,0,16,31,FALSE,5,3,ABZ8EXCHR50HV,20177,109.07,2024/4/15,22:37:27,38DCH97KI0MZQFKO6Z6X3S2YHYYQJ8,FALSE
13823411,Delphinium_nuttallianum,8691673,302674,https://crowdcurio-experiment-images.s3.amazonaws.com/Delphinium_nuttallianum/images/Delphinium_nuttallianum.13823411.jpg,0,5,0,FALSE,4,10,A38UUB83BIPIUR,19792,19.7,2024/4/15,22:35:54,38DCH97KI0MZQFKO6Z6X3S2YHYYQJ8,FALSE
13038565,Delphinium_nuttallianum,8691862,302600,https://crowdcurio-experiment-images.s3.amazonaws.com/Delphinium_nuttallianum/images/Delphinium_nuttallianum.13038565.jpg,0,15,7,FALSE,1,2,AHD5DU3F2FJ34,21066,55.45,2024/4/15,22:36:44,38DCH97KI0MZQFKO6Z6X3S2YHYYQJ8,FALSE
13823358,Delphinium_nuttallianum,8691921,302640,https://crowdcurio-experiment-images.s3.amazonaws.com/Delphinium_nuttallianum/images/Delphinium_nuttallianum.13823358.jpg,0,10,0,FALSE,2,1,A3HZRSZAPWTUXE,19760,76,2024/4/15,22:37:01,38DCH97KI0MZQFKO6Z6X3S2YHYYQJ8,FALSE
13823355,Delphinium_nuttallianum,8691785,302638,https://crowdcurio-experiment-images.s3.amazonaws.com/Delphinium_nuttallianum/images/Delphinium_nuttallianum.13823355.jpg,0,3,0,FALSE,5,1,A38UUB83BIPIUR,19792,17.76,2024/4/15,22:36:25,38DCH97KI0MZQFKO6Z6X3S2YHYYQJ8,FALSE
1678576,Delphinium_nuttallianum,8691854,302249,https://crowdcurio-experiment-images.s3.amazonaws.com/Delphinium_nuttallianum/images/Delphinium_nuttallianum.1678576.jpg,0,4,0,FALSE,5,2,A38UUB83BIPIUR,19792,13.49,2024/4/15,22:36:42,38DCH97KI0MZQFKO6Z6X3S2YHYYQJ8,FALSE
13823351,Delphinium_nuttallianum,8691912,302635,https://crowdcurio-experiment-images.s3.amazonaws.com/Delphinium_nuttallianum/images/Delphinium_nuttallianum.13823351.jpg,0,3,0,FALSE,5,3,A38UUB83BIPIUR,19792,13.54,2024/4/15,22:36:58,38DCH97KI0MZQFKO6Z6X3S2YHYYQJ8,FALSE
13038881,Delphinium_nuttallianum,8692093,302605,https://crowdcurio-experiment-images.s3.amazonaws.com/Delphinium_nuttallianum/images/Delphinium_nuttallianum.13038881.jpg,0,33,1,FALSE,1,3,AHD5DU3F2FJ34,21066,52.37,2024/4/15,22:37:39,38DCH97KI0MZQFKO6Z6X3S2YHYYQJ8,FALSE
14678438,Delphinium_nuttallianum,8692188,302725,https://crowdcurio-experiment-images.s3.amazonaws.com/Delphinium_nuttallianum/images/Delphinium_nuttallianum.14678438.jpg,0,19,4,FALSE,2,7,A3RBBU5NGKF7WR,10903,254.74,2024/4/15,22:38:06,38DCH97KI0MZQFKO6Z6X3S2YHYYQJ8,FALSE
13823354,Delphinium_nuttallianum,8692026,302637,https://crowdcurio-experiment-images.s3.amazonaws.com/Delphinium_nuttallianum/images/Delphinium_nuttallianum.13823354.jpg,0,9,0,FALSE,5,4,A38UUB83BIPIUR,19792,19.98,2024/4/15,22:37:22,38DCH97KI0MZQFKO6Z6X3S2YHYYQJ8,FALSE
13823413,Delphinium_nuttallianum,8692393,302676,https://crowdcurio-experiment-images.s3.amazonaws.com/Delphinium_nuttallianum/images/Delphinium_nuttallianum.13823413.jpg,1,22,2,FALSE,5,4,ABZ8EXCHR50HV,20177,80.05,2024/4/15,22:38:48,38DCH97KI0MZQFKO6Z6X3S2YHYYQJ8,FALSE
13823365,Delphinium_nuttallianum,8692441,302645,https://crowdcurio-experiment-images.s3.amazonaws.com/Delphinium_nuttallianum/images/Delphinium_nuttallianum.13823365.jpg,22,5,1,FALSE,2,2,A3HZRSZAPWTUXE,19760,107,2024/4/15,22:38:57,38DCH97KI0MZQFKO6Z6X3S2YHYYQJ8,FALSE
13823379,Delphinium_nuttallianum,8692193,302658,https://crowdcurio-experiment-images.s3.amazonaws.com/Delphinium_nuttallianum/images/Delphinium_nuttallianum.13823379.jpg,1,2,0,FALSE,3,1,APRZ7BR8C0ZMQ,580,298.45,2024/4/15,22:38:07,38DCH97KI0MZQFKO6Z6X3S2YHYYQJ8,FALSE
13038872,Delphinium_nuttallianum,8692481,302604,https://crowdcurio-experiment-images.s3.amazonaws.com/Delphinium_nuttallianum/images/Delphinium_nuttallianum.13038872.jpg,0,34,7,FALSE,1,4,AHD5DU3F2FJ34,21066,82.68,2024/4/15,22:39:04,38DCH97KI0MZQFKO6Z6X3S2YHYYQJ8,FALSE
13823356,Delphinium_nuttallianum,8692189,302639,https://crowdcurio-experiment-images.s3.amazonaws.com/Delphinium_nuttallianum/images/Delphinium_nuttallianum.13823356.jpg,0,5,0,FALSE,5,5,A38UUB83BIPIUR,19792,41.42,2024/4/15,22:38:06,38DCH97KI0MZQFKO6Z6X3S2YHYYQJ8,FALSE
13823380,Delphinium_nuttallianum,8692460,302659,https://crowdcurio-experiment-images.s3.amazonaws.com/Delphinium_nuttallianum/images/Delphinium_nuttallianum.13823380.jpg,4,19,2,FALSE,3,2,APRZ7BR8C0ZMQ,580,52.36,2024/4/15,22:39:01,38DCH97KI0MZQFKO6Z6X3S2YHYYQJ8,FALSE
13823346,Delphinium_nuttallianum,8692228,302633,https://crowdcurio-experiment-images.s3.amazonaws.com/Delphinium_nuttallianum/images/Delphinium_nuttallianum.13823346.jpg,0,3,0,FALSE,5,6,A38UUB83BIPIUR,19792,5.66,2024/4/15,22:38:15,38DCH97KI0MZQFKO6Z6X3S2YHYYQJ8,FALSE
13823352,Delphinium_nuttallianum,8692319,302636,https://crowdcurio-experiment-images.s3.amazonaws.com/Delphinium_nuttallianum/images/Delphinium_nuttallianum.13823352.jpg,0,12,0,FALSE,5,7,A38UUB83BIPIUR,19792,13.67,2024/4/15,22:38:32,38DCH97KI0MZQFKO6Z6X3S2YHYYQJ8,FALSE
14800632,Delphinium_nuttallianum,8692575,302729,https://crowdcurio-experiment-images.s3.amazonaws.com/Delphinium_nuttallianum/images/Delphinium_nuttallianum.14800632.jpg,0,8,21,TRUE,2,8,A3RBBU5NGKF7WR,10903,76.72,2024/4/15,22:39:24,38DCH97KI0MZQFKO6Z6X3S2YHYYQJ8,FALSE
1678599,Delphinium_nuttallianum,8692375,302250,https://crowdcurio-experiment-images.s3.amazonaws.com/Delphinium_nuttallianum/images/Delphinium_nuttallianum.1678599.jpg,0,9,0,FALSE,5,8,A38UUB83BIPIUR,19792,9.32,2024/4/15,22:38:44,38DCH97KI0MZQFKO6Z6X3S2YHYYQJ8,FALSE
13823356,Delphinium_nuttallianum,8692450,302639,https://crowdcurio-experiment-images.s3.amazonaws.com/Delphinium_nuttallianum/images/Delphinium_nuttallianum.13823356.jpg,0,10,0,TRUE,5,9,A38UUB83BIPIUR,19792,13.23,2024/4/15,22:38:59,38DCH97KI0MZQFKO6Z6X3S2YHYYQJ8,FALSE
13823422,Delphinium_nuttallianum,8692924,302683,https://crowdcurio-experiment-images.s3.amazonaws.com/Delphinium_nuttallianum/images/Delphinium_nuttallianum.13823422.jpg,32,14,0,TRUE,5,5,ABZ8EXCHR50HV,20177,106.06,2024/4/15,22:40:35,38DCH97KI0MZQFKO6Z6X3S2YHYYQJ8,FALSE
13823386,Delphinium_nuttallianum,8692761,302665,https://crowdcurio-experiment-images.s3.amazonaws.com/Delphinium_nuttallianum/images/Delphinium_nuttallianum.13823386.jpg,3,20,3,FALSE,3,3,APRZ7BR8C0ZMQ,580,54.26,2024/4/15,22:39:57,38DCH97KI0MZQFKO6Z6X3S2YHYYQJ8,FALSE
13823350,Delphinium_nuttallianum,8692532,302634,https://crowdcurio-experiment-images.s3.amazonaws.com/Delphinium_nuttallianum/images/Delphinium_nuttallianum.13823350.jpg,0,8,0,FALSE,5,10,A38UUB83BIPIUR,19792,11.18,2024/4/15,22:39:13,38DCH97KI0MZQFKO6Z6X3S2YHYYQJ8,FALSE
13823374,Delphinium_nuttallianum,8692932,302653,https://crowdcurio-experiment-images.s3.amazonaws.com/Delphinium_nuttallianum/images/Delphinium_nuttallianum.13823374.jpg,0,19,1,FALSE,1,1,A2VKCIFCUA58TQ,20566,124.58,2024/4/15,22:40:36,38DCH97KI0MZQFKO6Z6X3S2YHYYQJ8,FALSE
13038451,Delphinium_nuttallianum,8693159,302599,https://crowdcurio-experiment-images.s3.amazonaws.com/Delphinium_nuttallianum/images/Delphinium_nuttallianum.13038451.jpg,0,26,11,FALSE,1,5,AHD5DU3F2FJ34,21066,136.36,2024/4/15,22:41:23,38DCH97KI0MZQFKO6Z6X3S2YHYYQJ8,FALSE
14730990,Delphinium_nuttallianum,8692781,302728,https://crowdcurio-experiment-images.s3.amazonaws.com/Delphinium_nuttallianum/images/Delphinium_nuttallianum.14730990.jpg,4,7,0,FALSE,2,9,A3RBBU5NGKF7WR,10903,37.51,2024/4/15,22:40:03,38DCH97KI0MZQFKO6Z6X3S2YHYYQJ8,FALSE
13823360,Delphinium_nuttallianum,8692815,302642,https://crowdcurio-experiment-images.s3.amazonaws.com/Delphinium_nuttallianum/images/Delphinium_nuttallianum.13823360.jpg,1,7,3,FALSE,2,3,A3HZRSZAPWTUXE,19760,66.96,2024/4/15,22:40:14,38DCH97KI0MZQFKO6Z6X3S2YHYYQJ8,FALSE
13825248,Delphinium_nuttallianum,8693032,302723,https://crowdcurio-experiment-images.s3.amazonaws.com/Delphinium_nuttallianum/images/Delphinium_nuttallianum.13825248.jpg,4,16,4,FALSE,2,10,A3RBBU5NGKF7WR,10903,49.95,2024/4/15,22:40:55,38DCH97KI0MZQFKO6Z6X3S2YHYYQJ8,FALSE
13823383,Delphinium_nuttallianum,8692938,302662,https://crowdcurio-experiment-images.s3.amazonaws.com/Delphinium_nuttallianum/images/Delphinium_nuttallianum.13823383.jpg,0,10,0,FALSE,3,4,APRZ7BR8C0ZMQ,580,38.09,2024/4/15,22:40:37,38DCH97KI0MZQFKO6Z6X3S2YHYYQJ8,FALSE
13823417,Delphinium_nuttallianum,8693162,302678,https://crowdcurio-experiment-images.s3.amazonaws.com/Delphinium_nuttallianum/images/Delphinium_nuttallianum.13823417.jpg,0,9,8,FALSE,5,6,ABZ8EXCHR50HV,20177,48.74,2024/4/15,22:41:25,38DCH97KI0MZQFKO6Z6X3S2YHYYQJ8,FALSE
13823382,Delphinium_nuttallianum,8693154,302661,https://crowdcurio-experiment-images.s3.amazonaws.com/Delphinium_nuttallianum/images/Delphinium_nuttallianum.13823382.jpg,16,9,0,FALSE,3,5,APRZ7BR8C0ZMQ,580,42.47,2024/4/15,22:41:21,38DCH97KI0MZQFKO6Z6X3S2YHYYQJ8,FALSE
13823371,Delphinium_nuttallianum,8693316,302650,https://crowdcurio-experiment-images.s3.amazonaws.com/Delphinium_nuttallianum/images/Delphinium_nuttallianum.13823371.jpg,10,13,2,FALSE,1,2,A2VKCIFCUA58TQ,20566,80.35,2024/4/15,22:41:58,38DCH97KI0MZQFKO6Z6X3S2YHYYQJ8,FALSE
13823367,Delphinium_nuttallianum,8693388,302647,https://crowdcurio-experiment-images.s3.amazonaws.com/Delphinium_nuttallianum/images/Delphinium_nuttallianum.13823367.jpg,10,12,0,FALSE,2,4,A3HZRSZAPWTUXE,19760,116.98,2024/4/15,22:42:16,38DCH97KI0MZQFKO6Z6X3S2YHYYQJ8,FALSE
13823381,Delphinium_nuttallianum,8693266,302660,https://crowdcurio-experiment-images.s3.amazonaws.com/Delphinium_nuttallianum/images/Delphinium_nuttallianum.13823381.jpg,4,8,0,FALSE,3,6,APRZ7BR8C0ZMQ,580,24.85,2024/4/15,22:41:48,38DCH97KI0MZQFKO6Z6X3S2YHYYQJ8,FALSE
13823423,Delphinium_nuttallianum,8693335,302684,https://crowdcurio-experiment-images.s3.amazonaws.com/Delphinium_nuttallianum/images/Delphinium_nuttallianum.13823423.jpg,0,12,0,FALSE,5,7,ABZ8EXCHR50HV,20177,38.16,2024/4/15,22:42:05,38DCH97KI0MZQFKO6Z6X3S2YHYYQJ8,FALSE
13038650,Delphinium_nuttallianum,8693398,302602,https://crowdcurio-experiment-images.s3.amazonaws.com/Delphinium_nuttallianum/images/Delphinium_nuttallianum.13038650.jpg,0,22,9,FALSE,1,6,AHD5DU3F2FJ34,21066,51.51,2024/4/15,22:42:18,38DCH97KI0MZQFKO6Z6X3S2YHYYQJ8,FALSE
13823384,Delphinium_nuttallianum,8693494,302663,https://crowdcurio-experiment-images.s3.amazonaws.com/Delphinium_nuttallianum/images/Delphinium_nuttallianum.13823384.jpg,2,22,3,FALSE,3,7,APRZ7BR8C0ZMQ,580,58.32,2024/4/15,22:42:48,38DCH97KI0MZQFKO6Z6X3S2YHYYQJ8,FALSE
13823375,Delphinium_nuttallianum,8693488,302654,https://crowdcurio-experiment-images.s3.amazonaws.com/Delphinium_nuttallianum/images/Delphinium_nuttallianum.13823375.jpg,0,17,2,FALSE,1,3,A2VKCIFCUA58TQ,20566,46.56,2024/4/15,22:42:46,38DCH97KI0MZQFKO6Z6X3S2YHYYQJ8,FALSE
13823421,Delphinium_nuttallianum,8693418,302682,https://crowdcurio-experiment-images.s3.amazonaws.com/Delphinium_nuttallianum/images/Delphinium_nuttallianum.13823421.jpg,0,5,0,FALSE,5,8,ABZ8EXCHR50HV,20177,19.23,2024/4/15,22:42:26,38DCH97KI0MZQFKO6Z6X3S2YHYYQJ8,FALSE
13038308,Delphinium_nuttallianum,8693641,302598,https://crowdcurio-experiment-images.s3.amazonaws.com/Delphinium_nuttallianum/images/Delphinium_nuttallianum.13038308.jpg,1,3,18,FALSE,1,7,AHD5DU3F2FJ34,21066,61.35,2024/4/15,22:43:22,38DCH97KI0MZQFKO6Z6X3S2YHYYQJ8,FALSE
13823420,Delphinium_nuttallianum,8693571,302681,https://crowdcurio-experiment-images.s3.amazonaws.com/Delphinium_nuttallianum/images/Delphinium_nuttallianum.13823420.jpg,0,7,5,FALSE,5,9,ABZ8EXCHR50HV,20177,42.01,2024/4/15,22:43:09,38DCH97KI0MZQFKO6Z6X3S2YHYYQJ8,FALSE
13823368,Delphinium_nuttallianum,8693649,302648,https://crowdcurio-experiment-images.s3.amazonaws.com/Delphinium_nuttallianum/images/Delphinium_nuttallianum.13823368.jpg,0,6,3,FALSE,2,5,A3HZRSZAPWTUXE,19760,59.94,2024/4/15,22:43:24,38DCH97KI0MZQFKO6Z6X3S2YHYYQJ8,FALSE
13823385,Delphinium_nuttallianum,8693648,302664,https://crowdcurio-experiment-images.s3.amazonaws.com/Delphinium_nuttallianum/images/Delphinium_nuttallianum.13823385.jpg,3,10,0,FALSE,3,8,APRZ7BR8C0ZMQ,580,33.98,2024/4/15,22:43:24,38DCH97KI0MZQFKO6Z6X3S2YHYYQJ8,FALSE
13823372,Delphinium_nuttallianum,8693755,302651,https://crowdcurio-experiment-images.s3.amazonaws.com/Delphinium_nuttallianum/images/Delphinium_nuttallianum.13823372.jpg,0,6,16,FALSE,1,4,A2VKCIFCUA58TQ,20566,69.41,2024/4/15,22:43:56,38DCH97KI0MZQFKO6Z6X3S2YHYYQJ8,FALSE
13823414,Delphinium_nuttallianum,8693744,302677,https://crowdcurio-experiment-images.s3.amazonaws.com/Delphinium_nuttallianum/images/Delphinium_nuttallianum.13823414.jpg,0,16,0,FALSE,5,10,ABZ8EXCHR50HV,20177,41.35,2024/4/15,22:43:52,38DCH97KI0MZQFKO6Z6X3S2YHYYQJ8,FALSE
13823383,Delphinium_nuttallianum,8693730,302662,https://crowdcurio-experiment-images.s3.amazonaws.com/Delphinium_nuttallianum/images/Delphinium_nuttallianum.13823383.jpg,1,12,0,TRUE,3,9,APRZ7BR8C0ZMQ,580,22.34,2024/4/15,22:43:47,38DCH97KI0MZQFKO6Z6X3S2YHYYQJ8,FALSE
13038619,Delphinium_nuttallianum,8693872,302601,https://crowdcurio-experiment-images.s3.amazonaws.com/Delphinium_nuttallianum/images/Delphinium_nuttallianum.13038619.jpg,3,13,6,FALSE,1,8,AHD5DU3F2FJ34,21066,59.67,2024/4/15,22:44:24,38DCH97KI0MZQFKO6Z6X3S2YHYYQJ8,FALSE
13823389,Delphinium_nuttallianum,8693768,302666,https://crowdcurio-experiment-images.s3.amazonaws.com/Delphinium_nuttallianum/images/Delphinium_nuttallianum.13823389.jpg,0,3,0,FALSE,3,10,APRZ7BR8C0ZMQ,580,11.58,2024/4/15,22:44:00,38DCH97KI0MZQFKO6Z6X3S2YHYYQJ8,FALSE
13823377,Delphinium_nuttallianum,8694192,302656,https://crowdcurio-experiment-images.s3.amazonaws.com/Delphinium_nuttallianum/images/Delphinium_nuttallianum.13823377.jpg,6,22,0,FALSE,1,5,A2VKCIFCUA58TQ,20566,90.55,2024/4/15,22:45:28,38DCH97KI0MZQFKO6Z6X3S2YHYYQJ8,FALSE
13823364,Delphinium_nuttallianum,8694462,302644,https://crowdcurio-experiment-images.s3.amazonaws.com/Delphinium_nuttallianum/images/Delphinium_nuttallianum.13823364.jpg,11,16,0,FALSE,2,6,A3HZRSZAPWTUXE,19760,175,2024/4/15,22:46:27,38DCH97KI0MZQFKO6Z6X3S2YHYYQJ8,FALSE
1628207,Delphinium_nuttallianum,8693988,302215,https://crowdcurio-experiment-images.s3.amazonaws.com/Delphinium_nuttallianum/images/Delphinium_nuttallianum.1628207.jpg,0,9,2,FALSE,4,1,APRZ7BR8C0ZMQ,580,27.16,2024/4/15,22:44:48,38DCH97KI0MZQFKO6Z6X3S2YHYYQJ8,FALSE
13038872,Delphinium_nuttallianum,8694141,302604,https://crowdcurio-experiment-images.s3.amazonaws.com/Delphinium_nuttallianum/images/Delphinium_nuttallianum.13038872.jpg,0,30,3,TRUE,1,9,AHD5DU3F2FJ34,21066,49.85,2024/4/15,22:45:15,38DCH97KI0MZQFKO6Z6X3S2YHYYQJ8,FALSE
1641162,Delphinium_nuttallianum,8694186,302219,https://crowdcurio-experiment-images.s3.amazonaws.com/Delphinium_nuttallianum/images/Delphinium_nuttallianum.1641162.jpg,1,11,3,FALSE,4,2,APRZ7BR8C0ZMQ,580,37.13,2024/4/15,22:45:26,38DCH97KI0MZQFKO6Z6X3S2YHYYQJ8,FALSE
13037663,Delphinium_nuttallianum,8694339,302597,https://crowdcurio-experiment-images.s3.amazonaws.com/Delphinium_nuttallianum/images/Delphinium_nuttallianum.13037663.jpg,0,7,4,FALSE,1,10,AHD5DU3F2FJ34,21066,38.42,2024/4/15,22:45:55,38DCH97KI0MZQFKO6Z6X3S2YHYYQJ8,FALSE
1638273,Delphinium_nuttallianum,8694328,302218,https://crowdcurio-experiment-images.s3.amazonaws.com/Delphinium_nuttallianum/images/Delphinium_nuttallianum.1638273.jpg,0,0,9,FALSE,4,3,APRZ7BR8C0ZMQ,580,24.76,2024/4/15,22:45:53,38DCH97KI0MZQFKO6Z6X3S2YHYYQJ8,FALSE
13823378,Delphinium_nuttallianum,8694589,302657,https://crowdcurio-experiment-images.s3.amazonaws.com/Delphinium_nuttallianum/images/Delphinium_nuttallianum.13823378.jpg,2,12,0,FALSE,1,6,A2VKCIFCUA58TQ,20566,90.11,2024/4/15,22:47:00,38DCH97KI0MZQFKO6Z6X3S2YHYYQJ8,FALSE
1623587,Delphinium_nuttallianum,8694465,302214,https://crowdcurio-experiment-images.s3.amazonaws.com/Delphinium_nuttallianum/images/Delphinium_nuttallianum.1623587.jpg,0,15,1,FALSE,4,4,APRZ7BR8C0ZMQ,580,33.01,2024/4/15,22:46:27,38DCH97KI0MZQFKO6Z6X3S2YHYYQJ8,FALSE
1644180,Delphinium_nuttallianum,8694504,302221,https://crowdcurio-experiment-images.s3.amazonaws.com/Delphinium_nuttallianum/images/Delphinium_nuttallianum.1644180.jpg,0,1,0,FALSE,4,5,APRZ7BR8C0ZMQ,580,10.68,2024/4/15,22:46:40,38DCH97KI0MZQFKO6Z6X3S2YHYYQJ8,FALSE
13823362,Delphinium_nuttallianum,8694864,302643,https://crowdcurio-experiment-images.s3.amazonaws.com/Delphinium_nuttallianum/images/Delphinium_nuttallianum.13823362.jpg,0,8,5,FALSE,2,7,A3HZRSZAPWTUXE,19760,87.93,2024/4/15,22:48:02,38DCH97KI0MZQFKO6Z6X3S2YHYYQJ8,FALSE
1623392,Delphinium_nuttallianum,8694734,302213,https://crowdcurio-experiment-images.s3.amazonaws.com/Delphinium_nuttallianum/images/Delphinium_nuttallianum.1623392.jpg,4,17,3,FALSE,4,6,APRZ7BR8C0ZMQ,580,51.64,2024/4/15,22:47:33,38DCH97KI0MZQFKO6Z6X3S2YHYYQJ8,FALSE
1648444,Delphinium_nuttallianum,8694577,302225,https://crowdcurio-experiment-images.s3.amazonaws.com/Delphinium_nuttallianum/images/Delphinium_nuttallianum.1648444.jpg,0,5,0,FALSE,1,1,ANIVFNAROGANT,20999,14.7,2024/4/15,22:46:56,38DCH97KI0MZQFKO6Z6X3S2YHYYQJ8,FALSE
1656452,Delphinium_nuttallianum,8694701,302227,https://crowdcurio-experiment-images.s3.amazonaws.com/Delphinium_nuttallianum/images/Delphinium_nuttallianum.1656452.jpg,0,6,6,FALSE,1,2,ANIVFNAROGANT,20999,27.2,2024/4/15,22:47:25,38DCH97KI0MZQFKO6Z6X3S2YHYYQJ8,FALSE
13823376,Delphinium_nuttallianum,8694838,302655,https://crowdcurio-experiment-images.s3.amazonaws.com/Delphinium_nuttallianum/images/Delphinium_nuttallianum.13823376.jpg,5,9,0,FALSE,1,7,A2VKCIFCUA58TQ,20566,51.58,2024/4/15,22:47:53,38DCH97KI0MZQFKO6Z6X3S2YHYYQJ8,FALSE
1656570,Delphinium_nuttallianum,8694785,302230,https://crowdcurio-experiment-images.s3.amazonaws.com/Delphinium_nuttallianum/images/Delphinium_nuttallianum.1656570.jpg,0,10,0,FALSE,1,3,ANIVFNAROGANT,20999,18.45,2024/4/15,22:47:45,38DCH97KI0MZQFKO6Z6X3S2YHYYQJ8,FALSE
1633352,Delphinium_nuttallianum,8694857,302217,https://crowdcurio-experiment-images.s3.amazonaws.com/Delphinium_nuttallianum/images/Delphinium_nuttallianum.1633352.jpg,0,5,4,FALSE,4,7,APRZ7BR8C0ZMQ,580,24.02,2024/4/15,22:47:58,38DCH97KI0MZQFKO6Z6X3S2YHYYQJ8,FALSE
1647939,Delphinium_nuttallianum,8694906,302224,https://crowdcurio-experiment-images.s3.amazonaws.com/Delphinium_nuttallianum/images/Delphinium_nuttallianum.1647939.jpg,0,10,1,FALSE,1,4,ANIVFNAROGANT,20999,22.18,2024/4/15,22:48:08,38DCH97KI0MZQFKO6Z6X3S2YHYYQJ8,FALSE
1631419,Delphinium_nuttallianum,8695131,302216,https://crowdcurio-experiment-images.s3.amazonaws.com/Delphinium_nuttallianum/images/Delphinium_nuttallianum.1631419.jpg,0,10,12,FALSE,4,8,APRZ7BR8C0ZMQ,580,46.02,2024/4/15,22:48:46,38DCH97KI0MZQFKO6Z6X3S2YHYYQJ8,FALSE
13823370,Delphinium_nuttallianum,8695218,302649,https://crowdcurio-experiment-images.s3.amazonaws.com/Delphinium_nuttallianum/images/Delphinium_nuttallianum.13823370.jpg,6,15,1,FALSE,1,8,A2VKCIFCUA58TQ,20566,64.69,2024/4/15,22:48:59,38DCH97KI0MZQFKO6Z6X3S2YHYYQJ8,FALSE
1656452,Delphinium_nuttallianum,8695078,302227,https://crowdcurio-experiment-images.s3.amazonaws.com/Delphinium_nuttallianum/images/Delphinium_nuttallianum.1656452.jpg,0,7,6,TRUE,1,5,ANIVFNAROGANT,20999,26.66,2024/4/15,22:48:35,38DCH97KI0MZQFKO6Z6X3S2YHYYQJ8,FALSE
13823359,Delphinium_nuttallianum,8695517,302641,https://crowdcurio-experiment-images.s3.amazonaws.com/Delphinium_nuttallianum/images/Delphinium_nuttallianum.13823359.jpg,4,9,1,FALSE,2,8,A3HZRSZAPWTUXE,19760,96.92,2024/4/15,22:49:48,38DCH97KI0MZQFKO6Z6X3S2YHYYQJ8,FALSE
1656049,Delphinium_nuttallianum,8695273,302226,https://crowdcurio-experiment-images.s3.amazonaws.com/Delphinium_nuttallianum/images/Delphinium_nuttallianum.1656049.jpg,0,14,1,FALSE,1,6,ANIVFNAROGANT,20999,29.83,2024/4/15,22:49:06,38DCH97KI0MZQFKO6Z6X3S2YHYYQJ8,FALSE
1641162,Delphinium_nuttallianum,8695293,302219,https://crowdcurio-experiment-images.s3.amazonaws.com/Delphinium_nuttallianum/images/Delphinium_nuttallianum.1641162.jpg,0,11,2,TRUE,4,9,APRZ7BR8C0ZMQ,580,23.28,2024/4/15,22:49:10,38DCH97KI0MZQFKO6Z6X3S2YHYYQJ8,FALSE
13823376,Delphinium_nuttallianum,8695506,302655,https://crowdcurio-experiment-images.s3.amazonaws.com/Delphinium_nuttallianum/images/Delphinium_nuttallianum.13823376.jpg,3,11,1,TRUE,1,9,A2VKCIFCUA58TQ,20566,46.8,2024/4/15,22:49:47,38DCH97KI0MZQFKO6Z6X3S2YHYYQJ8,FALSE
1656479,Delphinium_nuttallianum,8695372,302228,https://crowdcurio-experiment-images.s3.amazonaws.com/Delphinium_nuttallianum/images/Delphinium_nuttallianum.1656479.jpg,0,9,0,FALSE,1,7,ANIVFNAROGANT,20999,14.39,2024/4/15,22:49:22,38DCH97KI0MZQFKO6Z6X3S2YHYYQJ8,FALSE
1641726,Delphinium_nuttallianum,8695421,302220,https://crowdcurio-experiment-images.s3.amazonaws.com/Delphinium_nuttallianum/images/Delphinium_nuttallianum.1641726.jpg,0,0,4,FALSE,4,10,APRZ7BR8C0ZMQ,580,18.35,2024/4/15,22:49:30,38DCH97KI0MZQFKO6Z6X3S2YHYYQJ8,FALSE
1647792,Delphinium_nuttallianum,8695541,302223,https://crowdcurio-experiment-images.s3.amazonaws.com/Delphinium_nuttallianum/images/Delphinium_nuttallianum.1647792.jpg,0,12,6,FALSE,1,8,ANIVFNAROGANT,20999,29.84,2024/4/15,22:49:53,38DCH97KI0MZQFKO6Z6X3S2YHYYQJ8,FALSE
13823373,Delphinium_nuttallianum,8695841,302652,https://crowdcurio-experiment-images.s3.amazonaws.com/Delphinium_nuttallianum/images/Delphinium_nuttallianum.13823373.jpg,0,13,6,FALSE,1,10,A2VKCIFCUA58TQ,20566,62.28,2024/4/15,22:50:50,38DCH97KI0MZQFKO6Z6X3S2YHYYQJ8,FALSE
1613529,Delphinium_nuttallianum,8695649,302189,https://crowdcurio-experiment-images.s3.amazonaws.com/Delphinium_nuttallianum/images/Delphinium_nuttallianum.1613529.jpg,0,9,0,FALSE,5,1,APRZ7BR8C0ZMQ,580,23.43,2024/4/15,22:50:11,38DCH97KI0MZQFKO6Z6X3S2YHYYQJ8,FALSE
1646099,Delphinium_nuttallianum,8695646,302222,https://crowdcurio-experiment-images.s3.amazonaws.com/Delphinium_nuttallianum/images/Delphinium_nuttallianum.1646099.jpg,0,8,1,FALSE,1,9,ANIVFNAROGANT,20999,16.51,2024/4/15,22:50:10,38DCH97KI0MZQFKO6Z6X3S2YHYYQJ8,FALSE
13823366,Delphinium_nuttallianum,8695850,302646,https://crowdcurio-experiment-images.s3.amazonaws.com/Delphinium_nuttallianum/images/Delphinium_nuttallianum.13823366.jpg,0,15,0,FALSE,2,9,A3HZRSZAPWTUXE,19760,58.04,2024/4/15,22:50:52,38DCH97KI0MZQFKO6Z6X3S2YHYYQJ8,FALSE
1656493,Delphinium_nuttallianum,8695748,302229,https://crowdcurio-experiment-images.s3.amazonaws.com/Delphinium_nuttallianum/images/Delphinium_nuttallianum.1656493.jpg,0,13,0,FALSE,1,10,ANIVFNAROGANT,20999,18.32,2024/4/15,22:50:30,38DCH97KI0MZQFKO6Z6X3S2YHYYQJ8,FALSE
1616462,Delphinium_nuttallianum,8695840,302193,https://crowdcurio-experiment-images.s3.amazonaws.com/Delphinium_nuttallianum/images/Delphinium_nuttallianum.1616462.jpg,0,16,1,FALSE,5,2,APRZ7BR8C0ZMQ,580,37.01,2024/4/15,22:50:49,38DCH97KI0MZQFKO6Z6X3S2YHYYQJ8,FALSE
13823367,Delphinium_nuttallianum,8696908,302647,https://crowdcurio-experiment-images.s3.amazonaws.com/Delphinium_nuttallianum/images/Delphinium_nuttallianum.13823367.jpg,25,10,0,TRUE,2,10,A3HZRSZAPWTUXE,19760,167.09,2024/4/15,22:53:44,38DCH97KI0MZQFKO6Z6X3S2YHYYQJ8,FALSE
1616381,Delphinium_nuttallianum,8696049,302192,https://crowdcurio-experiment-images.s3.amazonaws.com/Delphinium_nuttallianum/images/Delphinium_nuttallianum.1616381.jpg,1,5,0,FALSE,5,3,APRZ7BR8C0ZMQ,580,34.82,2024/4/15,22:51:26,38DCH97KI0MZQFKO6Z6X3S2YHYYQJ8,FALSE
1609721,Delphinium_nuttallianum,8696196,302178,https://crowdcurio-experiment-images.s3.amazonaws.com/Delphinium_nuttallianum/images/Delphinium_nuttallianum.1609721.jpg,0,5,10,FALSE,2,1,A2VKCIFCUA58TQ,20566,37.07,2024/4/15,22:51:49,38DCH97KI0MZQFKO6Z6X3S2YHYYQJ8,FALSE
1611023,Delphinium_nuttallianum,8696190,302187,https://crowdcurio-experiment-images.s3.amazonaws.com/Delphinium_nuttallianum/images/Delphinium_nuttallianum.1611023.jpg,0,7,0,FALSE,5,4,APRZ7BR8C0ZMQ,580,20.32,2024/4/15,22:51:48,38DCH97KI0MZQFKO6Z6X3S2YHYYQJ8,FALSE
1611751,Delphinium_nuttallianum,8696323,302188,https://crowdcurio-experiment-images.s3.amazonaws.com/Delphinium_nuttallianum/images/Delphinium_nuttallianum.1611751.jpg,0,4,0,FALSE,5,5,APRZ7BR8C0ZMQ,580,20.69,2024/4/15,22:52:10,38DCH97KI0MZQFKO6Z6X3S2YHYYQJ8,FALSE
1609883,Delphinium_nuttallianum,8696611,302180,https://crowdcurio-experiment-images.s3.amazonaws.com/Delphinium_nuttallianum/images/Delphinium_nuttallianum.1609883.jpg,0,8,5,FALSE,2,2,A2VKCIFCUA58TQ,20566,65.7,2024/4/15,22:52:56,38DCH97KI0MZQFKO6Z6X3S2YHYYQJ8,FALSE
1616309,Delphinium_nuttallianum,8696457,302191,https://crowdcurio-experiment-images.s3.amazonaws.com/Delphinium_nuttallianum/images/Delphinium_nuttallianum.1616309.jpg,4,6,0,FALSE,5,6,APRZ7BR8C0ZMQ,580,19.48,2024/4/15,22:52:31,38DCH97KI0MZQFKO6Z6X3S2YHYYQJ8,FALSE
1617277,Delphinium_nuttallianum,8696734,302198,https://crowdcurio-experiment-images.s3.amazonaws.com/Delphinium_nuttallianum/images/Delphinium_nuttallianum.1617277.jpg,7,5,0,FALSE,1,1,A24LKC3LQ8ZOLY,13390,70.44,2024/4/15,22:53:14,38DCH97KI0MZQFKO6Z6X3S2YHYYQJ8,FALSE
1616202,Delphinium_nuttallianum,8696650,302190,https://crowdcurio-experiment-images.s3.amazonaws.com/Delphinium_nuttallianum/images/Delphinium_nuttallianum.1616202.jpg,0,12,1,FALSE,5,7,APRZ7BR8C0ZMQ,580,30.5,2024/4/15,22:53:04,38DCH97KI0MZQFKO6Z6X3S2YHYYQJ8,FALSE
1610744,Delphinium_nuttallianum,8697128,302183,https://crowdcurio-experiment-images.s3.amazonaws.com/Delphinium_nuttallianum/images/Delphinium_nuttallianum.1610744.jpg,2,8,0,FALSE,2,3,A2VKCIFCUA58TQ,20566,88.43,2024/4/15,22:54:26,38DCH97KI0MZQFKO6Z6X3S2YHYYQJ8,FALSE
1621293,Delphinium_nuttallianum,8696954,302211,https://crowdcurio-experiment-images.s3.amazonaws.com/Delphinium_nuttallianum/images/Delphinium_nuttallianum.1621293.jpg,0,19,3,FALSE,2,1,AHD5DU3F2FJ34,21066,442.28,2024/4/15,22:53:52,38DCH97KI0MZQFKO6Z6X3S2YHYYQJ8,FALSE
1616829,Delphinium_nuttallianum,8696796,302194,https://crowdcurio-experiment-images.s3.amazonaws.com/Delphinium_nuttallianum/images/Delphinium_nuttallianum.1616829.jpg,0,13,0,FALSE,5,8,APRZ7BR8C0ZMQ,580,22.73,2024/4/15,22:53:28,38DCH97KI0MZQFKO6Z6X3S2YHYYQJ8,FALSE
1617332,Delphinium_nuttallianum,8697065,302199,https://crowdcurio-experiment-images.s3.amazonaws.com/Delphinium_nuttallianum/images/Delphinium_nuttallianum.1617332.jpg,7,14,0,FALSE,1,2,A24LKC3LQ8ZOLY,13390,58.81,2024/4/15,22:54:16,38DCH97KI0MZQFKO6Z6X3S2YHYYQJ8,FALSE
1616309,Delphinium_nuttallianum,8696957,302191,https://crowdcurio-experiment-images.s3.amazonaws.com/Delphinium_nuttallianum/images/Delphinium_nuttallianum.1616309.jpg,5,5,0,TRUE,5,9,APRZ7BR8C0ZMQ,580,25.56,2024/4/15,22:53:55,38DCH97KI0MZQFKO6Z6X3S2YHYYQJ8,FALSE
1610967,Delphinium_nuttallianum,8697044,302186,https://crowdcurio-experiment-images.s3.amazonaws.com/Delphinium_nuttallianum/images/Delphinium_nuttallianum.1610967.jpg,0,8,0,FALSE,5,10,APRZ7BR8C0ZMQ,580,15.49,2024/4/15,22:54:12,38DCH97KI0MZQFKO6Z6X3S2YHYYQJ8,FALSE
1617971,Delphinium_nuttallianum,8697235,302204,https://crowdcurio-experiment-images.s3.amazonaws.com/Delphinium_nuttallianum/images/Delphinium_nuttallianum.1617971.jpg,0,25,0,FALSE,2,2,AHD5DU3F2FJ34,21066,44.23,2024/4/15,22:54:39,38DCH97KI0MZQFKO6Z6X3S2YHYYQJ8,FALSE
1617208,Delphinium_nuttallianum,8697267,302197,https://crowdcurio-experiment-images.s3.amazonaws.com/Delphinium_nuttallianum/images/Delphinium_nuttallianum.1617208.jpg,0,15,0,FALSE,1,3,A24LKC3LQ8ZOLY,13390,29.11,2024/4/15,22:54:47,38DCH97KI0MZQFKO6Z6X3S2YHYYQJ8,FALSE
1610757,Delphinium_nuttallianum,8697253,302184,https://crowdcurio-experiment-images.s3.amazonaws.com/Delphinium_nuttallianum/images/Delphinium_nuttallianum.1610757.jpg,0,4,0,FALSE,2,4,A2VKCIFCUA58TQ,20566,15.51,2024/4/15,22:54:43,38DCH97KI0MZQFKO6Z6X3S2YHYYQJ8,FALSE
1609345,Delphinium_nuttallianum,8697489,302174,https://crowdcurio-experiment-images.s3.amazonaws.com/Delphinium_nuttallianum/images/Delphinium_nuttallianum.1609345.jpg,0,2,24,FALSE,6,1,APRZ7BR8C0ZMQ,580,54.43,2024/4/15,22:55:24,38DCH97KI0MZQFKO6Z6X3S2YHYYQJ8,FALSE
1617855,Delphinium_nuttallianum,8697578,302202,https://crowdcurio-experiment-images.s3.amazonaws.com/Delphinium_nuttallianum/images/Delphinium_nuttallianum.1617855.jpg,17,14,0,FALSE,1,4,A24LKC3LQ8ZOLY,13390,53.82,2024/4/15,22:55:43,38DCH97KI0MZQFKO6Z6X3S2YHYYQJ8,FALSE
1620211,Delphinium_nuttallianum,8697533,302209,https://crowdcurio-experiment-images.s3.amazonaws.com/Delphinium_nuttallianum/images/Delphinium_nuttallianum.1620211.jpg,0,9,15,FALSE,2,3,AHD5DU3F2FJ34,21066,52.09,2024/4/15,22:55:34,38DCH97KI0MZQFKO6Z6X3S2YHYYQJ8,FALSE
1610578,Delphinium_nuttallianum,8697806,302181,https://crowdcurio-experiment-images.s3.amazonaws.com/Delphinium_nuttallianum/images/Delphinium_nuttallianum.1610578.jpg,11,13,0,FALSE,2,5,A2VKCIFCUA58TQ,20566,93.73,2024/4/15,22:56:18,38DCH97KI0MZQFKO6Z6X3S2YHYYQJ8,FALSE
1609146,Delphinium_nuttallianum,8697625,302170,https://crowdcurio-experiment-images.s3.amazonaws.com/Delphinium_nuttallianum/images/Delphinium_nuttallianum.1609146.jpg,1,6,1,FALSE,6,2,APRZ7BR8C0ZMQ,580,27.77,2024/4/15,22:55:54,38DCH97KI0MZQFKO6Z6X3S2YHYYQJ8,FALSE
1621293,Delphinium_nuttallianum,8697792,302211,https://crowdcurio-experiment-images.s3.amazonaws.com/Delphinium_nuttallianum/images/Delphinium_nuttallianum.1621293.jpg,0,18,6,TRUE,2,4,AHD5DU3F2FJ34,21066,41.31,2024/4/15,22:56:16,38DCH97KI0MZQFKO6Z6X3S2YHYYQJ8,FALSE
1617688,Delphinium_nuttallianum,8697769,302200,https://crowdcurio-experiment-images.s3.amazonaws.com/Delphinium_nuttallianum/images/Delphinium_nuttallianum.1617688.jpg,10,6,0,FALSE,1,5,A24LKC3LQ8ZOLY,13390,27.66,2024/4/15,22:56:13,38DCH97KI0MZQFKO6Z6X3S2YHYYQJ8,FALSE
1609325,Delphinium_nuttallianum,8697877,302173,https://crowdcurio-experiment-images.s3.amazonaws.com/Delphinium_nuttallianum/images/Delphinium_nuttallianum.1609325.jpg,0,8,1,FALSE,6,3,APRZ7BR8C0ZMQ,580,28.96,2024/4/15,22:56:25,38DCH97KI0MZQFKO6Z6X3S2YHYYQJ8,FALSE
1608705,Delphinium_nuttallianum,8698124,302167,https://crowdcurio-experiment-images.s3.amazonaws.com/Delphinium_nuttallianum/images/Delphinium_nuttallianum.1608705.jpg,2,5,0,FALSE,3,1,A3HZRSZAPWTUXE,19760,139.07,2024/4/15,22:56:57,38DCH97KI0MZQFKO6Z6X3S2YHYYQJ8,FALSE
1617190,Delphinium_nuttallianum,8698040,302196,https://crowdcurio-experiment-images.s3.amazonaws.com/Delphinium_nuttallianum/images/Delphinium_nuttallianum.1617190.jpg,0,23,0,FALSE,1,6,A24LKC3LQ8ZOLY,13390,30.16,2024/4/15,22:56:46,38DCH97KI0MZQFKO6Z6X3S2YHYYQJ8,FALSE
1610825,Delphinium_nuttallianum,8698217,302185,https://crowdcurio-experiment-images.s3.amazonaws.com/Delphinium_nuttallianum/images/Delphinium_nuttallianum.1610825.jpg,6,15,0,FALSE,2,6,A2VKCIFCUA58TQ,20566,48.04,2024/4/15,22:57:07,38DCH97KI0MZQFKO6Z6X3S2YHYYQJ8,FALSE
1619741,Delphinium_nuttallianum,8698195,302208,https://crowdcurio-experiment-images.s3.amazonaws.com/Delphinium_nuttallianum/images/Delphinium_nuttallianum.1619741.jpg,0,14,11,FALSE,2,5,AHD5DU3F2FJ34,21066,45.76,2024/4/15,22:57:05,38DCH97KI0MZQFKO6Z6X3S2YHYYQJ8,FALSE
1609345,Delphinium_nuttallianum,8698250,302174,https://crowdcurio-experiment-images.s3.amazonaws.com/Delphinium_nuttallianum/images/Delphinium_nuttallianum.1609345.jpg,0,2,25,TRUE,6,4,APRZ7BR8C0ZMQ,580,46.07,2024/4/15,22:57:12,38DCH97KI0MZQFKO6Z6X3S2YHYYQJ8,FALSE
1617922,Delphinium_nuttallianum,8698245,302203,https://crowdcurio-experiment-images.s3.amazonaws.com/Delphinium_nuttallianum/images/Delphinium_nuttallianum.1617922.jpg,0,15,0,FALSE,1,7,A24LKC3LQ8ZOLY,13390,23.38,2024/4/15,22:57:11,38DCH97KI0MZQFKO6Z6X3S2YHYYQJ8,FALSE
1565296,Delphinium_nuttallianum,8698722,302159,https://crowdcurio-experiment-images.s3.amazonaws.com/Delphinium_nuttallianum/images/Delphinium_nuttallianum.1565296.jpg,1,7,2,FALSE,3,2,A3HZRSZAPWTUXE,19760,70.9,2024/4/15,22:58:15,38DCH97KI0MZQFKO6Z6X3S2YHYYQJ8,FALSE
1609272,Delphinium_nuttallianum,8698456,302172,https://crowdcurio-experiment-images.s3.amazonaws.com/Delphinium_nuttallianum/images/Delphinium_nuttallianum.1609272.jpg,0,7,1,FALSE,6,5,APRZ7BR8C0ZMQ,580,23.03,2024/4/15,22:57:37,38DCH97KI0MZQFKO6Z6X3S2YHYYQJ8,FALSE
1610676,Delphinium_nuttallianum,8698440,302182,https://crowdcurio-experiment-images.s3.amazonaws.com/Delphinium_nuttallianum/images/Delphinium_nuttallianum.1610676.jpg,2,5,0,FALSE,2,7,A2VKCIFCUA58TQ,20566,25.73,2024/4/15,22:57:34,38DCH97KI0MZQFKO6Z6X3S2YHYYQJ8,FALSE
1617738,Delphinium_nuttallianum,8698501,302201,https://crowdcurio-experiment-images.s3.amazonaws.com/Delphinium_nuttallianum/images/Delphinium_nuttallianum.1617738.jpg,0,12,2,FALSE,1,8,A24LKC3LQ8ZOLY,13390,28.42,2024/4/15,22:57:42,38DCH97KI0MZQFKO6Z6X3S2YHYYQJ8,FALSE
1619304,Delphinium_nuttallianum,8698526,302207,https://crowdcurio-experiment-images.s3.amazonaws.com/Delphinium_nuttallianum/images/Delphinium_nuttallianum.1619304.jpg,0,17,4,FALSE,2,6,AHD5DU3F2FJ34,21066,38.53,2024/4/15,22:57:45,38DCH97KI0MZQFKO6Z6X3S2YHYYQJ8,FALSE
1609406,Delphinium_nuttallianum,8698812,302175,https://crowdcurio-experiment-images.s3.amazonaws.com/Delphinium_nuttallianum/images/Delphinium_nuttallianum.1609406.jpg,0,13,11,FALSE,6,6,APRZ7BR8C0ZMQ,580,49,2024/4/15,22:58:27,38DCH97KI0MZQFKO6Z6X3S2YHYYQJ8,FALSE
1610757,Delphinium_nuttallianum,8698738,302184,https://crowdcurio-experiment-images.s3.amazonaws.com/Delphinium_nuttallianum/images/Delphinium_nuttallianum.1610757.jpg,0,4,0,TRUE,2,8,A2VKCIFCUA58TQ,20566,41.66,2024/4/15,22:58:17,38DCH97KI0MZQFKO6Z6X3S2YHYYQJ8,FALSE
1617124,Delphinium_nuttallianum,8698630,302195,https://crowdcurio-experiment-images.s3.amazonaws.com/Delphinium_nuttallianum/images/Delphinium_nuttallianum.1617124.jpg,2,5,0,FALSE,1,9,A24LKC3LQ8ZOLY,13390,15.53,2024/4/15,22:58:00,38DCH97KI0MZQFKO6Z6X3S2YHYYQJ8,FALSE
1618280,Delphinium_nuttallianum,8698675,302206,https://crowdcurio-experiment-images.s3.amazonaws.com/Delphinium_nuttallianum/images/Delphinium_nuttallianum.1618280.jpg,0,6,1,FALSE,2,7,AHD5DU3F2FJ34,21066,20.55,2024/4/15,22:58:08,38DCH97KI0MZQFKO6Z6X3S2YHYYQJ8,FALSE
1617190,Delphinium_nuttallianum,8698916,302196,https://crowdcurio-experiment-images.s3.amazonaws.com/Delphinium_nuttallianum/images/Delphinium_nuttallianum.1617190.jpg,2,22,0,TRUE,1,10,A24LKC3LQ8ZOLY,13390,39.12,2024/4/15,22:58:40,38DCH97KI0MZQFKO6Z6X3S2YHYYQJ8,FALSE
1618027,Delphinium_nuttallianum,8698992,302205,https://crowdcurio-experiment-images.s3.amazonaws.com/Delphinium_nuttallianum/images/Delphinium_nuttallianum.1618027.jpg,0,21,0,FALSE,2,8,AHD5DU3F2FJ34,21066,41.43,2024/4/15,22:58:52,38DCH97KI0MZQFKO6Z6X3S2YHYYQJ8,FALSE
1609566,Delphinium_nuttallianum,8698917,302177,https://crowdcurio-experiment-images.s3.amazonaws.com/Delphinium_nuttallianum/images/Delphinium_nuttallianum.1609566.jpg,0,4,4,FALSE,2,9,A2VKCIFCUA58TQ,20566,22.27,2024/4/15,22:58:40,38DCH97KI0MZQFKO6Z6X3S2YHYYQJ8,FALSE
1588026,Delphinium_nuttallianum,8699192,302162,https://crowdcurio-experiment-images.s3.amazonaws.com/Delphinium_nuttallianum/images/Delphinium_nuttallianum.1588026.jpg,1,7,2,FALSE,3,3,A3HZRSZAPWTUXE,19760,60.91,2024/4/15,22:59:23,38DCH97KI0MZQFKO6Z6X3S2YHYYQJ8,FALSE
1609076,Delphinium_nuttallianum,8698931,302169,https://crowdcurio-experiment-images.s3.amazonaws.com/Delphinium_nuttallianum/images/Delphinium_nuttallianum.1609076.jpg,0,6,0,FALSE,6,7,APRZ7BR8C0ZMQ,580,14.57,2024/4/15,22:58:43,38DCH97KI0MZQFKO6Z6X3S2YHYYQJ8,FALSE
1609502,Delphinium_nuttallianum,8699026,302176,https://crowdcurio-experiment-images.s3.amazonaws.com/Delphinium_nuttallianum/images/Delphinium_nuttallianum.1609502.jpg,0,4,2,FALSE,6,8,APRZ7BR8C0ZMQ,580,14.38,2024/4/15,22:59:00,38DCH97KI0MZQFKO6Z6X3S2YHYYQJ8,FALSE
1609784,Delphinium_nuttallianum,8699337,302179,https://crowdcurio-experiment-images.s3.amazonaws.com/Delphinium_nuttallianum/images/Delphinium_nuttallianum.1609784.jpg,0,16,2,FALSE,2,10,A2VKCIFCUA58TQ,20566,61.34,2024/4/15,22:59:43,38DCH97KI0MZQFKO6Z6X3S2YHYYQJ8,FALSE
1608935,Delphinium_nuttallianum,8699174,302168,https://crowdcurio-experiment-images.s3.amazonaws.com/Delphinium_nuttallianum/images/Delphinium_nuttallianum.1608935.jpg,0,6,1,FALSE,6,9,APRZ7BR8C0ZMQ,580,18.07,2024/4/15,22:59:19,38DCH97KI0MZQFKO6Z6X3S2YHYYQJ8,FALSE
1620838,Delphinium_nuttallianum,8699272,302210,https://crowdcurio-experiment-images.s3.amazonaws.com/Delphinium_nuttallianum/images/Delphinium_nuttallianum.1620838.jpg,0,16,4,FALSE,2,9,AHD5DU3F2FJ34,21066,39.3,2024/4/15,22:59:34,38DCH97KI0MZQFKO6Z6X3S2YHYYQJ8,FALSE
1561954,Delphinium_nuttallianum,8699522,302151,https://crowdcurio-experiment-images.s3.amazonaws.com/Delphinium_nuttallianum/images/Delphinium_nuttallianum.1561954.jpg,1,15,5,FALSE,2,1,A24LKC3LQ8ZOLY,13390,77.13,2024/4/15,23:00:21,38DCH97KI0MZQFKO6Z6X3S2YHYYQJ8,FALSE
1609206,Delphinium_nuttallianum,8699311,302171,https://crowdcurio-experiment-images.s3.amazonaws.com/Delphinium_nuttallianum/images/Delphinium_nuttallianum.1609206.jpg,0,5,6,FALSE,6,10,APRZ7BR8C0ZMQ,580,18.94,2024/4/15,22:59:40,38DCH97KI0MZQFKO6Z6X3S2YHYYQJ8,FALSE
1565681,Delphinium_nuttallianum,8699653,302160,https://crowdcurio-experiment-images.s3.amazonaws.com/Delphinium_nuttallianum/images/Delphinium_nuttallianum.1565681.jpg,0,9,3,FALSE,3,4,A3HZRSZAPWTUXE,19760,75.97,2024/4/15,23:00:45,38DCH97KI0MZQFKO6Z6X3S2YHYYQJ8,FALSE
1474869,Delphinium_nuttallianum,8699563,302132,https://crowdcurio-experiment-images.s3.amazonaws.com/Delphinium_nuttallianum/images/Delphinium_nuttallianum.1474869.jpg,0,10,1,FALSE,7,1,APRZ7BR8C0ZMQ,580,30.01,2024/4/15,23:00:29,38DCH97KI0MZQFKO6Z6X3S2YHYYQJ8,FALSE
1621518,Delphinium_nuttallianum,8699625,302212,https://crowdcurio-experiment-images.s3.amazonaws.com/Delphinium_nuttallianum/images/Delphinium_nuttallianum.1621518.jpg,0,5,16,FALSE,2,10,AHD5DU3F2FJ34,21066,64.5,2024/4/15,23:00:41,38DCH97KI0MZQFKO6Z6X3S2YHYYQJ8,FALSE
1562066,Delphinium_nuttallianum,8699600,302152,https://crowdcurio-experiment-images.s3.amazonaws.com/Delphinium_nuttallianum/images/Delphinium_nuttallianum.1562066.jpg,0,7,0,FALSE,2,2,A24LKC3LQ8ZOLY,13390,13.33,2024/4/15,23:00:37,38DCH97KI0MZQFKO6Z6X3S2YHYYQJ8,FALSE
1491547,Delphinium_nuttallianum,8699774,302134,https://crowdcurio-experiment-images.s3.amazonaws.com/Delphinium_nuttallianum/images/Delphinium_nuttallianum.1491547.jpg,2,16,2,FALSE,7,2,APRZ7BR8C0ZMQ,580,32.72,2024/4/15,23:01:03,38DCH97KI0MZQFKO6Z6X3S2YHYYQJ8,FALSE
1562932,Delphinium_nuttallianum,8699962,302154,https://crowdcurio-experiment-images.s3.amazonaws.com/Delphinium_nuttallianum/images/Delphinium_nuttallianum.1562932.jpg,0,5,5,FALSE,2,3,A24LKC3LQ8ZOLY,13390,47.63,2024/4/15,23:01:27,38DCH97KI0MZQFKO6Z6X3S2YHYYQJ8,FALSE
1478589,Delphinium_nuttallianum,8699980,302133,https://crowdcurio-experiment-images.s3.amazonaws.com/Delphinium_nuttallianum/images/Delphinium_nuttallianum.1478589.jpg,0,16,0,FALSE,7,3,APRZ7BR8C0ZMQ,580,25.11,2024/4/15,23:01:30,38DCH97KI0MZQFKO6Z6X3S2YHYYQJ8,FALSE
1605754,Delphinium_nuttallianum,8700396,302166,https://crowdcurio-experiment-images.s3.amazonaws.com/Delphinium_nuttallianum/images/Delphinium_nuttallianum.1605754.jpg,0,25,3,FALSE,3,5,A3HZRSZAPWTUXE,19760,97.97,2024/4/15,23:02:32,38DCH97KI0MZQFKO6Z6X3S2YHYYQJ8,FALSE
1455886,Delphinium_nuttallianum,8700731,302131,https://crowdcurio-experiment-images.s3.amazonaws.com/Delphinium_nuttallianum/images/Delphinium_nuttallianum.1455886.jpg,1,19,0,FALSE,3,1,A2VKCIFCUA58TQ,20566,191.48,2024/4/15,23:03:14,38DCH97KI0MZQFKO6Z6X3S2YHYYQJ8,FALSE
1562690,Delphinium_nuttallianum,8700165,302153,https://crowdcurio-experiment-images.s3.amazonaws.com/Delphinium_nuttallianum/images/Delphinium_nuttallianum.1562690.jpg,0,6,4,FALSE,2,4,A24LKC3LQ8ZOLY,13390,26.41,2024/4/15,23:01:55,38DCH97KI0MZQFKO6Z6X3S2YHYYQJ8,FALSE
1557027,Delphinium_nuttallianum,8700220,302140,https://crowdcurio-experiment-images.s3.amazonaws.com/Delphinium_nuttallianum/images/Delphinium_nuttallianum.1557027.jpg,0,12,5,FALSE,7,4,APRZ7BR8C0ZMQ,580,33.61,2024/4/15,23:02:05,38DCH97KI0MZQFKO6Z6X3S2YHYYQJ8,FALSE
1563557,Delphinium_nuttallianum,8700413,302156,https://crowdcurio-experiment-images.s3.amazonaws.com/Delphinium_nuttallianum/images/Delphinium_nuttallianum.1563557.jpg,0,10,7,FALSE,2,5,A24LKC3LQ8ZOLY,13390,36.77,2024/4/15,23:02:34,38DCH97KI0MZQFKO6Z6X3S2YHYYQJ8,FALSE
1546017,Delphinium_nuttallianum,8700435,302139,https://crowdcurio-experiment-images.s3.amazonaws.com/Delphinium_nuttallianum/images/Delphinium_nuttallianum.1546017.jpg,1,6,4,FALSE,7,5,APRZ7BR8C0ZMQ,580,31.06,2024/4/15,23:02:38,38DCH97KI0MZQFKO6Z6X3S2YHYYQJ8,FALSE
1527041,Delphinium_nuttallianum,8700803,302136,https://crowdcurio-experiment-images.s3.amazonaws.com/Delphinium_nuttallianum/images/Delphinium_nuttallianum.1527041.jpg,0,8,16,FALSE,7,6,APRZ7BR8C0ZMQ,580,47.91,2024/4/15,23:03:28,38DCH97KI0MZQFKO6Z6X3S2YHYYQJ8,FALSE
1561888,Delphinium_nuttallianum,8700635,302150,https://crowdcurio-experiment-images.s3.amazonaws.com/Delphinium_nuttallianum/images/Delphinium_nuttallianum.1561888.jpg,0,13,1,FALSE,2,6,A24LKC3LQ8ZOLY,13390,25.74,2024/4/15,23:03:02,38DCH97KI0MZQFKO6Z6X3S2YHYYQJ8,FALSE
1596339,Delphinium_nuttallianum,8700919,302163,https://crowdcurio-experiment-images.s3.amazonaws.com/Delphinium_nuttallianum/images/Delphinium_nuttallianum.1596339.jpg,3,13,0,FALSE,3,6,A3HZRSZAPWTUXE,19760,67.14,2024/4/15,23:03:47,38DCH97KI0MZQFKO6Z6X3S2YHYYQJ8,FALSE
1558235,Delphinium_nuttallianum,8700856,302145,https://crowdcurio-experiment-images.s3.amazonaws.com/Delphinium_nuttallianum/images/Delphinium_nuttallianum.1558235.jpg,2,15,0,FALSE,1,1,A2FPBLZNNG4OPB,21163,55.88,2024/4/15,23:03:36,38DCH97KI0MZQFKO6Z6X3S2YHYYQJ8,FALSE
1563272,Delphinium_nuttallianum,8700800,302155,https://crowdcurio-experiment-images.s3.amazonaws.com/Delphinium_nuttallianum/images/Delphinium_nuttallianum.1563272.jpg,1,7,0,FALSE,2,7,A24LKC3LQ8ZOLY,13390,22.97,2024/4/15,23:03:27,38DCH97KI0MZQFKO6Z6X3S2YHYYQJ8,FALSE
1422213,Delphinium_nuttallianum,8701402,302127,https://crowdcurio-experiment-images.s3.amazonaws.com/Delphinium_nuttallianum/images/Delphinium_nuttallianum.1422213.jpg,5,8,2,FALSE,3,2,A2VKCIFCUA58TQ,20566,122.45,2024/4/15,23:05:18,38DCH97KI0MZQFKO6Z6X3S2YHYYQJ8,FALSE
1474869,Delphinium_nuttallianum,8700925,302132,https://crowdcurio-experiment-images.s3.amazonaws.com/Delphinium_nuttallianum/images/Delphinium_nuttallianum.1474869.jpg,0,9,1,TRUE,7,7,APRZ7BR8C0ZMQ,580,19.05,2024/4/15,23:03:48,38DCH97KI0MZQFKO6Z6X3S2YHYYQJ8,FALSE
1563569,Delphinium_nuttallianum,8700906,302157,https://crowdcurio-experiment-images.s3.amazonaws.com/Delphinium_nuttallianum/images/Delphinium_nuttallianum.1563569.jpg,0,9,0,FALSE,2,8,A24LKC3LQ8ZOLY,13390,15.12,2024/4/15,23:03:45,38DCH97KI0MZQFKO6Z6X3S2YHYYQJ8,FALSE
1539821,Delphinium_nuttallianum,8701060,302138,https://crowdcurio-experiment-images.s3.amazonaws.com/Delphinium_nuttallianum/images/Delphinium_nuttallianum.1539821.jpg,0,13,0,FALSE,7,8,APRZ7BR8C0ZMQ,580,22.19,2024/4/15,23:04:11,38DCH97KI0MZQFKO6Z6X3S2YHYYQJ8,FALSE
1564409,Delphinium_nuttallianum,8701056,302158,https://crowdcurio-experiment-images.s3.amazonaws.com/Delphinium_nuttallianum/images/Delphinium_nuttallianum.1564409.jpg,0,9,0,FALSE,2,9,A24LKC3LQ8ZOLY,13390,23.05,2024/4/15,23:04:10,38DCH97KI0MZQFKO6Z6X3S2YHYYQJ8,FALSE
1565681,Delphinium_nuttallianum,8701246,302160,https://crowdcurio-experiment-images.s3.amazonaws.com/Delphinium_nuttallianum/images/Delphinium_nuttallianum.1565681.jpg,0,11,4,TRUE,3,7,A3HZRSZAPWTUXE,19760,49.05,2024/4/15,23:04:42,38DCH97KI0MZQFKO6Z6X3S2YHYYQJ8,FALSE
1502377,Delphinium_nuttallianum,8701157,302135,https://crowdcurio-experiment-images.s3.amazonaws.com/Delphinium_nuttallianum/images/Delphinium_nuttallianum.1502377.jpg,0,9,0,FALSE,7,9,APRZ7BR8C0ZMQ,580,14.43,2024/4/15,23:04:27,38DCH97KI0MZQFKO6Z6X3S2YHYYQJ8,FALSE
1562932,Delphinium_nuttallianum,8701259,302154,https://crowdcurio-experiment-images.s3.amazonaws.com/Delphinium_nuttallianum/images/Delphinium_nuttallianum.1562932.jpg,0,5,6,TRUE,2,10,A24LKC3LQ8ZOLY,13390,32.73,2024/4/15,23:04:44,38DCH97KI0MZQFKO6Z6X3S2YHYYQJ8,FALSE
1531773,Delphinium_nuttallianum,8701273,302137,https://crowdcurio-experiment-images.s3.amazonaws.com/Delphinium_nuttallianum/images/Delphinium_nuttallianum.1531773.jpg,0,11,0,FALSE,7,10,APRZ7BR8C0ZMQ,580,17.78,2024/4/15,23:04:47,38DCH97KI0MZQFKO6Z6X3S2YHYYQJ8,FALSE
1561809,Delphinium_nuttallianum,8701285,302149,https://crowdcurio-experiment-images.s3.amazonaws.com/Delphinium_nuttallianum/images/Delphinium_nuttallianum.1561809.jpg,0,6,2,FALSE,1,2,A2FPBLZNNG4OPB,21163,71.98,2024/4/15,23:04:50,38DCH97KI0MZQFKO6Z6X3S2YHYYQJ8,FALSE
1558182,Delphinium_nuttallianum,8701426,302144,https://crowdcurio-experiment-images.s3.amazonaws.com/Delphinium_nuttallianum/images/Delphinium_nuttallianum.1558182.jpg,3,14,0,FALSE,1,3,A2FPBLZNNG4OPB,21163,30.95,2024/4/15,23:05:23,38DCH97KI0MZQFKO6Z6X3S2YHYYQJ8,FALSE
1340706,Delphinium_nuttallianum,8701472,302107,https://crowdcurio-experiment-images.s3.amazonaws.com/Delphinium_nuttallianum/images/Delphinium_nuttallianum.1340706.jpg,0,5,10,FALSE,3,1,A24LKC3LQ8ZOLY,13390,30.72,2024/4/15,23:05:32,38DCH97KI0MZQFKO6Z6X3S2YHYYQJ8,FALSE
1338026,Delphinium_nuttallianum,8701587,302099,https://crowdcurio-experiment-images.s3.amazonaws.com/Delphinium_nuttallianum/images/Delphinium_nuttallianum.1338026.jpg,1,9,0,FALSE,8,1,APRZ7BR8C0ZMQ,580,53.6,2024/4/15,23:06:00,38DCH97KI0MZQFKO6Z6X3S2YHYYQJ8,FALSE
1605462,Delphinium_nuttallianum,8701632,302165,https://crowdcurio-experiment-images.s3.amazonaws.com/Delphinium_nuttallianum/images/Delphinium_nuttallianum.1605462.jpg,1,9,2,FALSE,3,8,A3HZRSZAPWTUXE,19760,77.96,2024/4/15,23:06:06,38DCH97KI0MZQFKO6Z6X3S2YHYYQJ8,FALSE
1444139,Delphinium_nuttallianum,8701875,302129,https://crowdcurio-experiment-images.s3.amazonaws.com/Delphinium_nuttallianum/images/Delphinium_nuttallianum.1444139.jpg,0,7,3,FALSE,3,3,A2VKCIFCUA58TQ,20566,97.32,2024/4/15,23:06:57,38DCH97KI0MZQFKO6Z6X3S2YHYYQJ8,FALSE
1561221,Delphinium_nuttallianum,8701578,302148,https://crowdcurio-experiment-images.s3.amazonaws.com/Delphinium_nuttallianum/images/Delphinium_nuttallianum.1561221.jpg,0,7,1,FALSE,1,4,A2FPBLZNNG4OPB,21163,33.12,2024/4/15,23:05:58,38DCH97KI0MZQFKO6Z6X3S2YHYYQJ8,FALSE
1340484,Delphinium_nuttallianum,8701672,302105,https://crowdcurio-experiment-images.s3.amazonaws.com/Delphinium_nuttallianum/images/Delphinium_nuttallianum.1340484.jpg,0,8,0,FALSE,3,2,A24LKC3LQ8ZOLY,13390,37,2024/4/15,23:06:11,38DCH97KI0MZQFKO6Z6X3S2YHYYQJ8,FALSE
1337128,Delphinium_nuttallianum,8701674,302098,https://crowdcurio-experiment-images.s3.amazonaws.com/Delphinium_nuttallianum/images/Delphinium_nuttallianum.1337128.jpg,0,3,0,FALSE,8,2,APRZ7BR8C0ZMQ,580,10.22,2024/4/15,23:06:11,38DCH97KI0MZQFKO6Z6X3S2YHYYQJ8,FALSE
1558235,Delphinium_nuttallianum,8701764,302145,https://crowdcurio-experiment-images.s3.amazonaws.com/Delphinium_nuttallianum/images/Delphinium_nuttallianum.1558235.jpg,3,13,0,TRUE,1,5,A2FPBLZNNG4OPB,21163,33.15,2024/4/15,23:06:32,38DCH97KI0MZQFKO6Z6X3S2YHYYQJ8,FALSE
1340771,Delphinium_nuttallianum,8701737,302108,https://crowdcurio-experiment-images.s3.amazonaws.com/Delphinium_nuttallianum/images/Delphinium_nuttallianum.1340771.jpg,1,3,0,FALSE,3,3,A24LKC3LQ8ZOLY,13390,12.51,2024/4/15,23:06:26,38DCH97KI0MZQFKO6Z6X3S2YHYYQJ8,FALSE
1340045,Delphinium_nuttallianum,8701755,302102,https://crowdcurio-experiment-images.s3.amazonaws.com/Delphinium_nuttallianum/images/Delphinium_nuttallianum.1340045.jpg,0,7,1,FALSE,8,3,APRZ7BR8C0ZMQ,580,16.87,2024/4/15,23:06:30,38DCH97KI0MZQFKO6Z6X3S2YHYYQJ8,FALSE
1583071,Delphinium_nuttallianum,8701893,302161,https://crowdcurio-experiment-images.s3.amazonaws.com/Delphinium_nuttallianum/images/Delphinium_nuttallianum.1583071.jpg,0,9,2,FALSE,3,9,A3HZRSZAPWTUXE,19760,44.05,2024/4/15,23:07:01,38DCH97KI0MZQFKO6Z6X3S2YHYYQJ8,FALSE
1341595,Delphinium_nuttallianum,8701851,302112,https://crowdcurio-experiment-images.s3.amazonaws.com/Delphinium_nuttallianum/images/Delphinium_nuttallianum.1341595.jpg,1,7,0,FALSE,3,4,A24LKC3LQ8ZOLY,13390,25.27,2024/4/15,23:06:53,38DCH97KI0MZQFKO6Z6X3S2YHYYQJ8,FALSE
1339723,Delphinium_nuttallianum,8701962,302101,https://crowdcurio-experiment-images.s3.amazonaws.com/Delphinium_nuttallianum/images/Delphinium_nuttallianum.1339723.jpg,5,12,0,FALSE,8,4,APRZ7BR8C0ZMQ,580,41.55,2024/4/15,23:07:13,38DCH97KI0MZQFKO6Z6X3S2YHYYQJ8,FALSE
1557330,Delphinium_nuttallianum,8701967,302141,https://crowdcurio-experiment-images.s3.amazonaws.com/Delphinium_nuttallianum/images/Delphinium_nuttallianum.1557330.jpg,0,3,5,FALSE,1,6,A2FPBLZNNG4OPB,21163,38.94,2024/4/15,23:07:13,38DCH97KI0MZQFKO6Z6X3S2YHYYQJ8,FALSE
1341476,Delphinium_nuttallianum,8702046,302111,https://crowdcurio-experiment-images.s3.amazonaws.com/Delphinium_nuttallianum/images/Delphinium_nuttallianum.1341476.jpg,2,2,6,FALSE,3,5,A24LKC3LQ8ZOLY,13390,30.42,2024/4/15,23:07:26,38DCH97KI0MZQFKO6Z6X3S2YHYYQJ8,FALSE
1452364,Delphinium_nuttallianum,8702203,302130,https://crowdcurio-experiment-images.s3.amazonaws.com/Delphinium_nuttallianum/images/Delphinium_nuttallianum.1452364.jpg,3,11,0,FALSE,3,4,A2VKCIFCUA58TQ,20566,65.12,2024/4/15,23:08:03,38DCH97KI0MZQFKO6Z6X3S2YHYYQJ8,FALSE
1596605,Delphinium_nuttallianum,8702331,302164,https://crowdcurio-experiment-images.s3.amazonaws.com/Delphinium_nuttallianum/images/Delphinium_nuttallianum.1596605.jpg,2,16,0,FALSE,3,10,A3HZRSZAPWTUXE,19760,90.96,2024/4/15,23:08:40,38DCH97KI0MZQFKO6Z6X3S2YHYYQJ8,FALSE
1340306,Delphinium_nuttallianum,8702102,302104,https://crowdcurio-experiment-images.s3.amazonaws.com/Delphinium_nuttallianum/images/Delphinium_nuttallianum.1340306.jpg,1,13,1,FALSE,8,5,APRZ7BR8C0ZMQ,580,22.31,2024/4/15,23:07:37,38DCH97KI0MZQFKO6Z6X3S2YHYYQJ8,FALSE
1558047,Delphinium_nuttallianum,8702310,302143,https://crowdcurio-experiment-images.s3.amazonaws.com/Delphinium_nuttallianum/images/Delphinium_nuttallianum.1558047.jpg,2,9,0,FALSE,1,7,A2FPBLZNNG4OPB,21163,74.97,2024/4/15,23:08:31,38DCH97KI0MZQFKO6Z6X3S2YHYYQJ8,FALSE
1342672,Delphinium_nuttallianum,8702129,302113,https://crowdcurio-experiment-images.s3.amazonaws.com/Delphinium_nuttallianum/images/Delphinium_nuttallianum.1342672.jpg,0,4,1,FALSE,3,6,A24LKC3LQ8ZOLY,13390,16.58,2024/4/15,23:07:45,38DCH97KI0MZQFKO6Z6X3S2YHYYQJ8,FALSE
1338998,Delphinium_nuttallianum,8702204,302100,https://crowdcurio-experiment-images.s3.amazonaws.com/Delphinium_nuttallianum/images/Delphinium_nuttallianum.1338998.jpg,0,7,8,FALSE,8,6,APRZ7BR8C0ZMQ,580,24.66,2024/4/15,23:08:03,38DCH97KI0MZQFKO6Z6X3S2YHYYQJ8,FALSE
1336772,Delphinium_nuttallianum,8702278,302096,https://crowdcurio-experiment-images.s3.amazonaws.com/Delphinium_nuttallianum/images/Delphinium_nuttallianum.1336772.jpg,0,5,2,FALSE,8,7,APRZ7BR8C0ZMQ,580,18.03,2024/4/15,23:08:23,38DCH97KI0MZQFKO6Z6X3S2YHYYQJ8,FALSE
1436955,Delphinium_nuttallianum,8702479,302128,https://crowdcurio-experiment-images.s3.amazonaws.com/Delphinium_nuttallianum/images/Delphinium_nuttallianum.1436955.jpg,0,3,1,FALSE,3,5,A2VKCIFCUA58TQ,20566,73.16,2024/4/15,23:09:18,38DCH97KI0MZQFKO6Z6X3S2YHYYQJ8,FALSE
1340557,Delphinium_nuttallianum,8702394,302106,https://crowdcurio-experiment-images.s3.amazonaws.com/Delphinium_nuttallianum/images/Delphinium_nuttallianum.1340557.jpg,2,9,0,FALSE,3,7,A24LKC3LQ8ZOLY,13390,68.97,2024/4/15,23:08:56,38DCH97KI0MZQFKO6Z6X3S2YHYYQJ8,FALSE
1340100,Delphinium_nuttallianum,8702362,302103,https://crowdcurio-experiment-images.s3.amazonaws.com/Delphinium_nuttallianum/images/Delphinium_nuttallianum.1340100.jpg,0,6,4,FALSE,8,8,APRZ7BR8C0ZMQ,580,22.65,2024/4/15,23:08:47,38DCH97KI0MZQFKO6Z6X3S2YHYYQJ8,FALSE
1560788,Delphinium_nuttallianum,8702447,302147,https://crowdcurio-experiment-images.s3.amazonaws.com/Delphinium_nuttallianum/images/Delphinium_nuttallianum.1560788.jpg,0,3,5,FALSE,1,8,A2FPBLZNNG4OPB,21163,36.68,2024/4/15,23:09:10,38DCH97KI0MZQFKO6Z6X3S2YHYYQJ8,FALSE
1340045,Delphinium_nuttallianum,8702436,302102,https://crowdcurio-experiment-images.s3.amazonaws.com/Delphinium_nuttallianum/images/Delphinium_nuttallianum.1340045.jpg,0,7,1,TRUE,8,9,APRZ7BR8C0ZMQ,580,18.83,2024/4/15,23:09:07,38DCH97KI0MZQFKO6Z6X3S2YHYYQJ8,FALSE
1341238,Delphinium_nuttallianum,8702535,302110,https://crowdcurio-experiment-images.s3.amazonaws.com/Delphinium_nuttallianum/images/Delphinium_nuttallianum.1341238.jpg,0,8,0,FALSE,3,8,A24LKC3LQ8ZOLY,13390,32.5,2024/4/15,23:09:31,38DCH97KI0MZQFKO6Z6X3S2YHYYQJ8,FALSE
1336971,Delphinium_nuttallianum,8702533,302097,https://crowdcurio-experiment-images.s3.amazonaws.com/Delphinium_nuttallianum/images/Delphinium_nuttallianum.1336971.jpg,0,6,1,FALSE,8,10,APRZ7BR8C0ZMQ,580,22.14,2024/4/15,23:09:31,38DCH97KI0MZQFKO6Z6X3S2YHYYQJ8,FALSE
1560047,Delphinium_nuttallianum,8702618,302146,https://crowdcurio-experiment-images.s3.amazonaws.com/Delphinium_nuttallianum/images/Delphinium_nuttallianum.1560047.jpg,0,3,3,FALSE,1,9,A2FPBLZNNG4OPB,21163,37.36,2024/4/15,23:09:49,38DCH97KI0MZQFKO6Z6X3S2YHYYQJ8,FALSE
1336425,Delphinium_nuttallianum,8702695,302095,https://crowdcurio-experiment-images.s3.amazonaws.com/Delphinium_nuttallianum/images/Delphinium_nuttallianum.1336425.jpg,0,8,0,FALSE,9,1,APRZ7BR8C0ZMQ,580,18.09,2024/4/15,23:10:08,38DCH97KI0MZQFKO6Z6X3S2YHYYQJ8,FALSE
1340771,Delphinium_nuttallianum,8702667,302108,https://crowdcurio-experiment-images.s3.amazonaws.com/Delphinium_nuttallianum/images/Delphinium_nuttallianum.1340771.jpg,1,2,0,TRUE,3,9,A24LKC3LQ8ZOLY,13390,30.63,2024/4/15,23:10:02,38DCH97KI0MZQFKO6Z6X3S2YHYYQJ8,FALSE
1418755,Delphinium_nuttallianum,8702848,302124,https://crowdcurio-experiment-images.s3.amazonaws.com/Delphinium_nuttallianum/images/Delphinium_nuttallianum.1418755.jpg,0,5,0,FALSE,3,6,A2VKCIFCUA58TQ,20566,86.84,2024/4/15,23:10:46,38DCH97KI0MZQFKO6Z6X3S2YHYYQJ8,FALSE
1557896,Delphinium_nuttallianum,8702765,302142,https://crowdcurio-experiment-images.s3.amazonaws.com/Delphinium_nuttallianum/images/Delphinium_nuttallianum.1557896.jpg,1,8,0,FALSE,1,10,A2FPBLZNNG4OPB,21163,35.8,2024/4/15,23:10:27,38DCH97KI0MZQFKO6Z6X3S2YHYYQJ8,FALSE
1335842,Delphinium_nuttallianum,8702776,302090,https://crowdcurio-experiment-images.s3.amazonaws.com/Delphinium_nuttallianum/images/Delphinium_nuttallianum.1335842.jpg,0,11,0,FALSE,9,2,APRZ7BR8C0ZMQ,580,20.59,2024/4/15,23:10:30,38DCH97KI0MZQFKO6Z6X3S2YHYYQJ8,FALSE
1340887,Delphinium_nuttallianum,8702787,302109,https://crowdcurio-experiment-images.s3.amazonaws.com/Delphinium_nuttallianum/images/Delphinium_nuttallianum.1340887.jpg,1,8,0,FALSE,3,10,A24LKC3LQ8ZOLY,13390,29.2,2024/4/15,23:10:34,38DCH97KI0MZQFKO6Z6X3S2YHYYQJ8,FALSE
1335409,Delphinium_nuttallianum,8702879,302087,https://crowdcurio-experiment-images.s3.amazonaws.com/Delphinium_nuttallianum/images/Delphinium_nuttallianum.1335409.jpg,0,10,0,FALSE,9,3,APRZ7BR8C0ZMQ,580,25.76,2024/4/15,23:10:58,38DCH97KI0MZQFKO6Z6X3S2YHYYQJ8,FALSE
1418807,Delphinium_nuttallianum,8703134,302125,https://crowdcurio-experiment-images.s3.amazonaws.com/Delphinium_nuttallianum/images/Delphinium_nuttallianum.1418807.jpg,0,4,5,FALSE,3,7,A2VKCIFCUA58TQ,20566,64.78,2024/4/15,23:11:53,38DCH97KI0MZQFKO6Z6X3S2YHYYQJ8,FALSE
1336093,Delphinium_nuttallianum,8703132,302091,https://crowdcurio-experiment-images.s3.amazonaws.com/Delphinium_nuttallianum/images/Delphinium_nuttallianum.1336093.jpg,12,17,0,FALSE,9,4,APRZ7BR8C0ZMQ,580,52.59,2024/4/15,23:11:52,38DCH97KI0MZQFKO6Z6X3S2YHYYQJ8,FALSE
1311374,Delphinium_nuttallianum,8702973,302079,https://crowdcurio-experiment-images.s3.amazonaws.com/Delphinium_nuttallianum/images/Delphinium_nuttallianum.1311374.jpg,0,13,0,FALSE,2,1,A2FPBLZNNG4OPB,21163,34.44,2024/4/15,23:11:19,38DCH97KI0MZQFKO6Z6X3S2YHYYQJ8,FALSE
1271586,Delphinium_nuttallianum,8703137,302070,https://crowdcurio-experiment-images.s3.amazonaws.com/Delphinium_nuttallianum/images/Delphinium_nuttallianum.1271586.jpg,4,10,0,FALSE,4,1,A24LKC3LQ8ZOLY,13390,63.95,2024/4/15,23:11:53,38DCH97KI0MZQFKO6Z6X3S2YHYYQJ8,FALSE
1312242,Delphinium_nuttallianum,8703127,302082,https://crowdcurio-experiment-images.s3.amazonaws.com/Delphinium_nuttallianum/images/Delphinium_nuttallianum.1312242.jpg,0,9,9,FALSE,2,2,A2FPBLZNNG4OPB,21163,30.33,2024/4/15,23:11:51,38DCH97KI0MZQFKO6Z6X3S2YHYYQJ8,FALSE
1336425,Delphinium_nuttallianum,8703242,302095,https://crowdcurio-experiment-images.s3.amazonaws.com/Delphinium_nuttallianum/images/Delphinium_nuttallianum.1336425.jpg,0,9,0,TRUE,9,5,APRZ7BR8C0ZMQ,580,20.36,2024/4/15,23:12:13,38DCH97KI0MZQFKO6Z6X3S2YHYYQJ8,FALSE
1418393,Delphinium_nuttallianum,8703284,302123,https://crowdcurio-experiment-images.s3.amazonaws.com/Delphinium_nuttallianum/images/Delphinium_nuttallianum.1418393.jpg,0,6,5,FALSE,3,8,A2VKCIFCUA58TQ,20566,28.47,2024/4/15,23:12:22,38DCH97KI0MZQFKO6Z6X3S2YHYYQJ8,FALSE
1306850,Delphinium_nuttallianum,8703378,302076,https://crowdcurio-experiment-images.s3.amazonaws.com/Delphinium_nuttallianum/images/Delphinium_nuttallianum.1306850.jpg,11,8,0,FALSE,4,2,A24LKC3LQ8ZOLY,13390,52.03,2024/4/15,23:12:47,38DCH97KI0MZQFKO6Z6X3S2YHYYQJ8,FALSE
1307347,Delphinium_nuttallianum,8703393,302078,https://crowdcurio-experiment-images.s3.amazonaws.com/Delphinium_nuttallianum/images/Delphinium_nuttallianum.1307347.jpg,3,14,7,FALSE,2,3,A2FPBLZNNG4OPB,21163,57.45,2024/4/15,23:12:51,38DCH97KI0MZQFKO6Z6X3S2YHYYQJ8,FALSE
1335551,Delphinium_nuttallianum,8703321,302088,https://crowdcurio-experiment-images.s3.amazonaws.com/Delphinium_nuttallianum/images/Delphinium_nuttallianum.1335551.jpg,0,12,0,FALSE,9,6,APRZ7BR8C0ZMQ,580,19.59,2024/4/15,23:12:35,38DCH97KI0MZQFKO6Z6X3S2YHYYQJ8,FALSE
1422213,Delphinium_nuttallianum,8703801,302127,https://crowdcurio-experiment-images.s3.amazonaws.com/Delphinium_nuttallianum/images/Delphinium_nuttallianum.1422213.jpg,6,9,4,TRUE,3,9,A2VKCIFCUA58TQ,20566,128.2,2024/4/15,23:14:31,38DCH97KI0MZQFKO6Z6X3S2YHYYQJ8,FALSE
1336302,Delphinium_nuttallianum,8703422,302094,https://crowdcurio-experiment-images.s3.amazonaws.com/Delphinium_nuttallianum/images/Delphinium_nuttallianum.1336302.jpg,0,7,0,FALSE,9,7,APRZ7BR8C0ZMQ,580,21.22,2024/4/15,23:12:58,38DCH97KI0MZQFKO6Z6X3S2YHYYQJ8,FALSE
1271513,Delphinium_nuttallianum,8703563,302069,https://crowdcurio-experiment-images.s3.amazonaws.com/Delphinium_nuttallianum/images/Delphinium_nuttallianum.1271513.jpg,0,10,1,FALSE,4,3,A24LKC3LQ8ZOLY,13390,47.85,2024/4/15,23:13:38,38DCH97KI0MZQFKO6Z6X3S2YHYYQJ8,FALSE
1336224,Delphinium_nuttallianum,8703529,302093,https://crowdcurio-experiment-images.s3.amazonaws.com/Delphinium_nuttallianum/images/Delphinium_nuttallianum.1336224.jpg,0,6,3,FALSE,9,8,APRZ7BR8C0ZMQ,580,21.76,2024/4/15,23:13:21,38DCH97KI0MZQFKO6Z6X3S2YHYYQJ8,FALSE
1335574,Delphinium_nuttallianum,8703640,302089,https://crowdcurio-experiment-images.s3.amazonaws.com/Delphinium_nuttallianum/images/Delphinium_nuttallianum.1335574.jpg,0,6,0,FALSE,9,9,APRZ7BR8C0ZMQ,580,28.3,2024/4/15,23:13:51,38DCH97KI0MZQFKO6Z6X3S2YHYYQJ8,FALSE
1417795,Delphinium_nuttallianum,8704321,302121,https://crowdcurio-experiment-images.s3.amazonaws.com/Delphinium_nuttallianum/images/Delphinium_nuttallianum.1417795.jpg,0,29,2,FALSE,3,8,AHD5DU3F2FJ34,21066,14.51,2024/4/15,23:17:31,38DCH97KI0MZQFKO6Z6X3S2YHYYQJ8,FALSE
1301610,Delphinium_nuttallianum,8703846,302071,https://crowdcurio-experiment-images.s3.amazonaws.com/Delphinium_nuttallianum/images/Delphinium_nuttallianum.1301610.jpg,13,16,0,FALSE,4,4,A24LKC3LQ8ZOLY,13390,63.74,2024/4/15,23:14:44,38DCH97KI0MZQFKO6Z6X3S2YHYYQJ8,FALSE
1336136,Delphinium_nuttallianum,8703733,302092,https://crowdcurio-experiment-images.s3.amazonaws.com/Delphinium_nuttallianum/images/Delphinium_nuttallianum.1336136.jpg,2,10,0,FALSE,9,10,APRZ7BR8C0ZMQ,580,21.91,2024/4/15,23:14:14,38DCH97KI0MZQFKO6Z6X3S2YHYYQJ8,FALSE
1312166,Delphinium_nuttallianum,8703824,302081,https://crowdcurio-experiment-images.s3.amazonaws.com/Delphinium_nuttallianum/images/Delphinium_nuttallianum.1312166.jpg,0,3,4,FALSE,2,4,A2FPBLZNNG4OPB,21163,104.57,2024/4/15,23:14:38,38DCH97KI0MZQFKO6Z6X3S2YHYYQJ8,FALSE
1422199,Delphinium_nuttallianum,8703923,302126,https://crowdcurio-experiment-images.s3.amazonaws.com/Delphinium_nuttallianum/images/Delphinium_nuttallianum.1422199.jpg,3,9,0,FALSE,3,10,A2VKCIFCUA58TQ,20566,32.41,2024/4/15,23:15:05,38DCH97KI0MZQFKO6Z6X3S2YHYYQJ8,FALSE
1306568,Delphinium_nuttallianum,8704053,302075,https://crowdcurio-experiment-images.s3.amazonaws.com/Delphinium_nuttallianum/images/Delphinium_nuttallianum.1306568.jpg,0,17,15,FALSE,4,5,A24LKC3LQ8ZOLY,13390,56.47,2024/4/15,23:15:42,38DCH97KI0MZQFKO6Z6X3S2YHYYQJ8,FALSE
1267141,Delphinium_nuttallianum,8703992,302054,https://crowdcurio-experiment-images.s3.amazonaws.com/Delphinium_nuttallianum/images/Delphinium_nuttallianum.1267141.jpg,0,8,2,FALSE,10,1,APRZ7BR8C0ZMQ,580,54.02,2024/4/15,23:15:27,38DCH97KI0MZQFKO6Z6X3S2YHYYQJ8,FALSE
1311456,Delphinium_nuttallianum,8703985,302080,https://crowdcurio-experiment-images.s3.amazonaws.com/Delphinium_nuttallianum/images/Delphinium_nuttallianum.1311456.jpg,1,2,1,FALSE,2,5,A2FPBLZNNG4OPB,21163,45.18,2024/4/15,23:15:25,38DCH97KI0MZQFKO6Z6X3S2YHYYQJ8,FALSE
1334987,Delphinium_nuttallianum,8704047,302084,https://crowdcurio-experiment-images.s3.amazonaws.com/Delphinium_nuttallianum/images/Delphinium_nuttallianum.1334987.jpg,0,7,0,FALSE,2,6,A2FPBLZNNG4OPB,21163,14.27,2024/4/15,23:15:41,38DCH97KI0MZQFKO6Z6X3S2YHYYQJ8,FALSE
1269316,Delphinium_nuttallianum,8704075,302059,https://crowdcurio-experiment-images.s3.amazonaws.com/Delphinium_nuttallianum/images/Delphinium_nuttallianum.1269316.jpg,0,15,0,FALSE,10,2,APRZ7BR8C0ZMQ,580,26.68,2024/4/15,23:15:55,38DCH97KI0MZQFKO6Z6X3S2YHYYQJ8,FALSE
1303212,Delphinium_nuttallianum,8704150,302074,https://crowdcurio-experiment-images.s3.amazonaws.com/Delphinium_nuttallianum/images/Delphinium_nuttallianum.1303212.jpg,0,13,7,FALSE,4,6,A24LKC3LQ8ZOLY,13390,42,2024/4/15,23:16:27,38DCH97KI0MZQFKO6Z6X3S2YHYYQJ8,FALSE
1398089,Delphinium_nuttallianum,8704118,302117,https://crowdcurio-experiment-images.s3.amazonaws.com/Delphinium_nuttallianum/images/Delphinium_nuttallianum.1398089.jpg,0,7,7,FALSE,1,1,AHD5DU3F2FJ34,21066,21.05,2024/4/15,23:16:11,38DCH97KI0MZQFKO6Z6X3S2YHYYQJ8,FALSE
1237604,Delphinium_nuttallianum,8704151,302051,https://crowdcurio-experiment-images.s3.amazonaws.com/Delphinium_nuttallianum/images/Delphinium_nuttallianum.1237604.jpg,0,6,5,FALSE,10,3,APRZ7BR8C0ZMQ,580,30.86,2024/4/15,23:16:27,38DCH97KI0MZQFKO6Z6X3S2YHYYQJ8,FALSE
1212664,Delphinium_nuttallianum,8704186,302050,https://crowdcurio-experiment-images.s3.amazonaws.com/Delphinium_nuttallianum/images/Delphinium_nuttallianum.1212664.jpg,0,4,4,FALSE,4,1,A2VKCIFCUA58TQ,20566,80.35,2024/4/15,23:16:42,38DCH97KI0MZQFKO6Z6X3S2YHYYQJ8,FALSE
1414800,Delphinium_nuttallianum,8704156,302120,https://crowdcurio-experiment-images.s3.amazonaws.com/Delphinium_nuttallianum/images/Delphinium_nuttallianum.1414800.jpg,0,2,1,FALSE,1,2,AHD5DU3F2FJ34,21066,18.44,2024/4/15,23:16:30,38DCH97KI0MZQFKO6Z6X3S2YHYYQJ8,FALSE
1266442,Delphinium_nuttallianum,8704187,302053,https://crowdcurio-experiment-images.s3.amazonaws.com/Delphinium_nuttallianum/images/Delphinium_nuttallianum.1266442.jpg,1,4,0,FALSE,10,4,APRZ7BR8C0ZMQ,580,13.43,2024/4/15,23:16:42,38DCH97KI0MZQFKO6Z6X3S2YHYYQJ8,FALSE
1343518,Delphinium_nuttallianum,8704264,302116,https://crowdcurio-experiment-images.s3.amazonaws.com/Delphinium_nuttallianum/images/Delphinium_nuttallianum.1343518.jpg,0,5,0,FALSE,1,3,AHD5DU3F2FJ34,21066,44.95,2024/4/15,23:17:16,38DCH97KI0MZQFKO6Z6X3S2YHYYQJ8,FALSE
1307310,Delphinium_nuttallianum,8704260,302077,https://crowdcurio-experiment-images.s3.amazonaws.com/Delphinium_nuttallianum/images/Delphinium_nuttallianum.1307310.jpg,4,12,0,FALSE,4,7,A24LKC3LQ8ZOLY,13390,44.2,2024/4/15,23:17:14,38DCH97KI0MZQFKO6Z6X3S2YHYYQJ8,FALSE
1267540,Delphinium_nuttallianum,8704310,302056,https://crowdcurio-experiment-images.s3.amazonaws.com/Delphinium_nuttallianum/images/Delphinium_nuttallianum.1267540.jpg,0,2,27,FALSE,10,5,APRZ7BR8C0ZMQ,580,45.09,2024/4/15,23:17:29,38DCH97KI0MZQFKO6Z6X3S2YHYYQJ8,FALSE
27169868,Delphinium_nuttallianum,8704639,302884,https://crowdcurio-experiment-images.s3.amazonaws.com/Delphinium_nuttallianum/images/Delphinium_nuttallianum.27169868.jpg,14,4,0,FALSE,4,2,A2VKCIFCUA58TQ,20566,134.84,2024/4/15,23:18:58,38DCH97KI0MZQFKO6Z6X3S2YHYYQJ8,FALSE
1306850,Delphinium_nuttallianum,8704505,302076,https://crowdcurio-experiment-images.s3.amazonaws.com/Delphinium_nuttallianum/images/Delphinium_nuttallianum.1306850.jpg,17,10,0,TRUE,4,8,A24LKC3LQ8ZOLY,13390,67.42,2024/4/15,23:18:22,38DCH97KI0MZQFKO6Z6X3S2YHYYQJ8,FALSE
1259935,Delphinium_nuttallianum,8704397,302052,https://crowdcurio-experiment-images.s3.amazonaws.com/Delphinium_nuttallianum/images/Delphinium_nuttallianum.1259935.jpg,0,16,0,FALSE,10,6,APRZ7BR8C0ZMQ,580,21.79,2024/4/15,23:17:52,38DCH97KI0MZQFKO6Z6X3S2YHYYQJ8,FALSE
1343002,Delphinium_nuttallianum,8704375,302115,https://crowdcurio-experiment-images.s3.amazonaws.com/Delphinium_nuttallianum/images/Delphinium_nuttallianum.1343002.jpg,0,12,0,FALSE,1,5,AHD5DU3F2FJ34,21066,12.61,2024/4/15,23:17:45,38DCH97KI0MZQFKO6Z6X3S2YHYYQJ8,FALSE
1414800,Delphinium_nuttallianum,8704402,302120,https://crowdcurio-experiment-images.s3.amazonaws.com/Delphinium_nuttallianum/images/Delphinium_nuttallianum.1414800.jpg,0,2,2,TRUE,1,6,AHD5DU3F2FJ34,21066,9.77,2024/4/15,23:17:56,38DCH97KI0MZQFKO6Z6X3S2YHYYQJ8,FALSE
1269316,Delphinium_nuttallianum,8704498,302059,https://crowdcurio-experiment-images.s3.amazonaws.com/Delphinium_nuttallianum/images/Delphinium_nuttallianum.1269316.jpg,0,15,0,TRUE,10,7,APRZ7BR8C0ZMQ,580,27.03,2024/4/15,23:18:20,38DCH97KI0MZQFKO6Z6X3S2YHYYQJ8,FALSE
1418121,Delphinium_nuttallianum,8704486,302122,https://crowdcurio-experiment-images.s3.amazonaws.com/Delphinium_nuttallianum/images/Delphinium_nuttallianum.1418121.jpg,0,10,10,FALSE,1,7,AHD5DU3F2FJ34,21066,19.91,2024/4/15,23:18:17,38DCH97KI0MZQFKO6Z6X3S2YHYYQJ8,FALSE
1399565,Delphinium_nuttallianum,8704571,302118,https://crowdcurio-experiment-images.s3.amazonaws.com/Delphinium_nuttallianum/images/Delphinium_nuttallianum.1399565.jpg,0,17,0,FALSE,1,8,AHD5DU3F2FJ34,21066,18.16,2024/4/15,23:18:38,38DCH97KI0MZQFKO6Z6X3S2YHYYQJ8,FALSE
1267634,Delphinium_nuttallianum,8704647,302057,https://crowdcurio-experiment-images.s3.amazonaws.com/Delphinium_nuttallianum/images/Delphinium_nuttallianum.1267634.jpg,0,3,6,FALSE,10,8,APRZ7BR8C0ZMQ,580,38.38,2024/4/15,23:19:00,38DCH97KI0MZQFKO6Z6X3S2YHYYQJ8,FALSE
1302699,Delphinium_nuttallianum,8704701,302073,https://crowdcurio-experiment-images.s3.amazonaws.com/Delphinium_nuttallianum/images/Delphinium_nuttallianum.1302699.jpg,0,8,8,FALSE,4,9,A24LKC3LQ8ZOLY,13390,46.67,2024/4/15,23:19:11,38DCH97KI0MZQFKO6Z6X3S2YHYYQJ8,FALSE
1402455,Delphinium_nuttallianum,8704624,302119,https://crowdcurio-experiment-images.s3.amazonaws.com/Delphinium_nuttallianum/images/Delphinium_nuttallianum.1402455.jpg,0,8,3,FALSE,1,9,AHD5DU3F2FJ34,21066,17.44,2024/4/15,23:18:56,38DCH97KI0MZQFKO6Z6X3S2YHYYQJ8,FALSE
1342717,Delphinium_nuttallianum,8704682,302114,https://crowdcurio-experiment-images.s3.amazonaws.com/Delphinium_nuttallianum/images/Delphinium_nuttallianum.1342717.jpg,0,7,0,FALSE,1,10,AHD5DU3F2FJ34,21066,9.95,2024/4/15,23:19:07,38DCH97KI0MZQFKO6Z6X3S2YHYYQJ8,FALSE
1267510,Delphinium_nuttallianum,8704743,302055,https://crowdcurio-experiment-images.s3.amazonaws.com/Delphinium_nuttallianum/images/Delphinium_nuttallianum.1267510.jpg,5,14,0,FALSE,10,9,APRZ7BR8C0ZMQ,580,24,2024/4/15,23:19:26,38DCH97KI0MZQFKO6Z6X3S2YHYYQJ8,FALSE
27169875,Delphinium_nuttallianum,8704723,302885,https://crowdcurio-experiment-images.s3.amazonaws.com/Delphinium_nuttallianum/images/Delphinium_nuttallianum.27169875.jpg,0,7,1,FALSE,4,3,A2VKCIFCUA58TQ,20566,19.86,2024/4/15,23:19:19,38DCH97KI0MZQFKO6Z6X3S2YHYYQJ8,FALSE
27169900,Delphinium_nuttallianum,8704939,302887,https://crowdcurio-experiment-images.s3.amazonaws.com/Delphinium_nuttallianum/images/Delphinium_nuttallianum.27169900.jpg,1,10,2,FALSE,4,4,A2VKCIFCUA58TQ,20566,73.77,2024/4/15,23:20:34,38DCH97KI0MZQFKO6Z6X3S2YHYYQJ8,FALSE
1302265,Delphinium_nuttallianum,8704887,302072,https://crowdcurio-experiment-images.s3.amazonaws.com/Delphinium_nuttallianum/images/Delphinium_nuttallianum.1302265.jpg,0,20,5,FALSE,4,10,A24LKC3LQ8ZOLY,13390,57.21,2024/4/15,23:20:11,38DCH97KI0MZQFKO6Z6X3S2YHYYQJ8,FALSE
1267960,Delphinium_nuttallianum,8704867,302058,https://crowdcurio-experiment-images.s3.amazonaws.com/Delphinium_nuttallianum/images/Delphinium_nuttallianum.1267960.jpg,0,3,15,FALSE,10,10,APRZ7BR8C0ZMQ,580,36,2024/4/15,23:20:03,38DCH97KI0MZQFKO6Z6X3S2YHYYQJ8,FALSE
26756260,Delphinium_nuttallianum,8705000,302873,https://crowdcurio-experiment-images.s3.amazonaws.com/Delphinium_nuttallianum/images/Delphinium_nuttallianum.26756260.jpg,8,14,0,FALSE,11,1,APRZ7BR8C0ZMQ,580,33.08,2024/4/15,23:20:57,38DCH97KI0MZQFKO6Z6X3S2YHYYQJ8,FALSE
1190348,Delphinium_nuttallianum,8705228,302048,https://crowdcurio-experiment-images.s3.amazonaws.com/Delphinium_nuttallianum/images/Delphinium_nuttallianum.1190348.jpg,11,2,7,FALSE,4,5,A2VKCIFCUA58TQ,20566,91.27,2024/4/15,23:22:06,38DCH97KI0MZQFKO6Z6X3S2YHYYQJ8,FALSE
24639445,Delphinium_nuttallianum,8705183,302857,https://crowdcurio-experiment-images.s3.amazonaws.com/Delphinium_nuttallianum/images/Delphinium_nuttallianum.24639445.jpg,5,18,3,FALSE,5,1,A24LKC3LQ8ZOLY,13390,80.58,2024/4/15,23:21:55,38DCH97KI0MZQFKO6Z6X3S2YHYYQJ8,FALSE
26752927,Delphinium_nuttallianum,8705097,302871,https://crowdcurio-experiment-images.s3.amazonaws.com/Delphinium_nuttallianum/images/Delphinium_nuttallianum.26752927.jpg,0,9,0,FALSE,11,2,APRZ7BR8C0ZMQ,580,31.11,2024/4/15,23:21:30,38DCH97KI0MZQFKO6Z6X3S2YHYYQJ8,FALSE
25109019,Delphinium_nuttallianum,8705170,302868,https://crowdcurio-experiment-images.s3.amazonaws.com/Delphinium_nuttallianum/images/Delphinium_nuttallianum.25109019.jpg,3,5,0,FALSE,11,3,APRZ7BR8C0ZMQ,580,19.99,2024/4/15,23:21:51,38DCH97KI0MZQFKO6Z6X3S2YHYYQJ8,FALSE
26762816,Delphinium_nuttallianum,8705301,302874,https://crowdcurio-experiment-images.s3.amazonaws.com/Delphinium_nuttallianum/images/Delphinium_nuttallianum.26762816.jpg,3,17,3,FALSE,11,4,APRZ7BR8C0ZMQ,580,40.88,2024/4/15,23:22:34,38DCH97KI0MZQFKO6Z6X3S2YHYYQJ8,FALSE
24768133,Delphinium_nuttallianum,8705277,302863,https://crowdcurio-experiment-images.s3.amazonaws.com/Delphinium_nuttallianum/images/Delphinium_nuttallianum.24768133.jpg,8,4,0,FALSE,5,2,A24LKC3LQ8ZOLY,13390,25.98,2024/4/15,23:22:23,38DCH97KI0MZQFKO6Z6X3S2YHYYQJ8,FALSE
24683552,Delphinium_nuttallianum,8705317,302859,https://crowdcurio-experiment-images.s3.amazonaws.com/Delphinium_nuttallianum/images/Delphinium_nuttallianum.24683552.jpg,0,5,0,FALSE,5,3,A24LKC3LQ8ZOLY,13390,13.26,2024/4/15,23:22:39,38DCH97KI0MZQFKO6Z6X3S2YHYYQJ8,FALSE
27169896,Delphinium_nuttallianum,8705342,302886,https://crowdcurio-experiment-images.s3.amazonaws.com/Delphinium_nuttallianum/images/Delphinium_nuttallianum.27169896.jpg,0,5,0,FALSE,4,6,A2VKCIFCUA58TQ,20566,38.09,2024/4/15,23:22:46,38DCH97KI0MZQFKO6Z6X3S2YHYYQJ8,FALSE
24897381,Delphinium_nuttallianum,8705392,302866,https://crowdcurio-experiment-images.s3.amazonaws.com/Delphinium_nuttallianum/images/Delphinium_nuttallianum.24897381.jpg,14,3,0,FALSE,11,5,APRZ7BR8C0ZMQ,580,31.26,2024/4/15,23:23:06,38DCH97KI0MZQFKO6Z6X3S2YHYYQJ8,FALSE
24743531,Delphinium_nuttallianum,8705413,302862,https://crowdcurio-experiment-images.s3.amazonaws.com/Delphinium_nuttallianum/images/Delphinium_nuttallianum.24743531.jpg,9,7,0,FALSE,5,4,A24LKC3LQ8ZOLY,13390,31.29,2024/4/15,23:23:12,38DCH97KI0MZQFKO6Z6X3S2YHYYQJ8,FALSE
1212664,Delphinium_nuttallianum,8705468,302050,https://crowdcurio-experiment-images.s3.amazonaws.com/Delphinium_nuttallianum/images/Delphinium_nuttallianum.1212664.jpg,0,4,4,TRUE,4,7,A2VKCIFCUA58TQ,20566,41.17,2024/4/15,23:23:28,38DCH97KI0MZQFKO6Z6X3S2YHYYQJ8,FALSE
26751291,Delphinium_nuttallianum,8705555,302870,https://crowdcurio-experiment-images.s3.amazonaws.com/Delphinium_nuttallianum/images/Delphinium_nuttallianum.26751291.jpg,16,14,0,FALSE,11,6,APRZ7BR8C0ZMQ,580,47.32,2024/4/15,23:23:55,38DCH97KI0MZQFKO6Z6X3S2YHYYQJ8,FALSE
24742966,Delphinium_nuttallianum,8705544,302860,https://crowdcurio-experiment-images.s3.amazonaws.com/Delphinium_nuttallianum/images/Delphinium_nuttallianum.24742966.jpg,7,4,0,FALSE,5,5,A24LKC3LQ8ZOLY,13390,36.51,2024/4/15,23:23:51,38DCH97KI0MZQFKO6Z6X3S2YHYYQJ8,FALSE
27169866,Delphinium_nuttallianum,8705725,302883,https://crowdcurio-experiment-images.s3.amazonaws.com/Delphinium_nuttallianum/images/Delphinium_nuttallianum.27169866.jpg,7,5,0,FALSE,1,1,A66GVEZ7BBLH,3019,130.51,2024/4/15,23:24:38,38DCH97KI0MZQFKO6Z6X3S2YHYYQJ8,FALSE
27169901,Delphinium_nuttallianum,8705587,302888,https://crowdcurio-experiment-images.s3.amazonaws.com/Delphinium_nuttallianum/images/Delphinium_nuttallianum.27169901.jpg,5,5,1,FALSE,4,8,A2VKCIFCUA58TQ,20566,34.38,2024/4/15,23:24:03,38DCH97KI0MZQFKO6Z6X3S2YHYYQJ8,FALSE
26753772,Delphinium_nuttallianum,8705676,302872,https://crowdcurio-experiment-images.s3.amazonaws.com/Delphinium_nuttallianum/images/Delphinium_nuttallianum.26753772.jpg,1,10,8,FALSE,11,7,APRZ7BR8C0ZMQ,580,28.62,2024/4/15,23:24:25,38DCH97KI0MZQFKO6Z6X3S2YHYYQJ8,FALSE
24743152,Delphinium_nuttallianum,8705590,302861,https://crowdcurio-experiment-images.s3.amazonaws.com/Delphinium_nuttallianum/images/Delphinium_nuttallianum.24743152.jpg,0,0,0,FALSE,5,6,A24LKC3LQ8ZOLY,13390,11.05,2024/4/15,23:24:04,38DCH97KI0MZQFKO6Z6X3S2YHYYQJ8,FALSE
1189946,Delphinium_nuttallianum,8705692,302047,https://crowdcurio-experiment-images.s3.amazonaws.com/Delphinium_nuttallianum/images/Delphinium_nuttallianum.1189946.jpg,0,3,2,FALSE,4,9,A2VKCIFCUA58TQ,20566,24.51,2024/4/15,23:24:29,38DCH97KI0MZQFKO6Z6X3S2YHYYQJ8,FALSE
24683552,Delphinium_nuttallianum,8705642,302859,https://crowdcurio-experiment-images.s3.amazonaws.com/Delphinium_nuttallianum/images/Delphinium_nuttallianum.24683552.jpg,0,4,0,TRUE,5,7,A24LKC3LQ8ZOLY,13390,12.03,2024/4/15,23:24:17,38DCH97KI0MZQFKO6Z6X3S2YHYYQJ8,FALSE
24768323,Delphinium_nuttallianum,8705829,302864,https://crowdcurio-experiment-images.s3.amazonaws.com/Delphinium_nuttallianum/images/Delphinium_nuttallianum.24768323.jpg,10,16,1,FALSE,5,8,A24LKC3LQ8ZOLY,13390,59.49,2024/4/15,23:25:18,38DCH97KI0MZQFKO6Z6X3S2YHYYQJ8,FALSE
26751291,Delphinium_nuttallianum,8705824,302870,https://crowdcurio-experiment-images.s3.amazonaws.com/Delphinium_nuttallianum/images/Delphinium_nuttallianum.26751291.jpg,16,16,0,TRUE,11,8,APRZ7BR8C0ZMQ,580,49.09,2024/4/15,23:25:15,38DCH97KI0MZQFKO6Z6X3S2YHYYQJ8,FALSE
1202585,Delphinium_nuttallianum,8705887,302049,https://crowdcurio-experiment-images.s3.amazonaws.com/Delphinium_nuttallianum/images/Delphinium_nuttallianum.1202585.jpg,0,4,9,FALSE,4,10,A2VKCIFCUA58TQ,20566,63.22,2024/4/15,23:25:34,38DCH97KI0MZQFKO6Z6X3S2YHYYQJ8,FALSE
27018365,Delphinium_nuttallianum,8705827,302878,https://crowdcurio-experiment-images.s3.amazonaws.com/Delphinium_nuttallianum/images/Delphinium_nuttallianum.27018365.jpg,3,2,0,FALSE,1,2,A66GVEZ7BBLH,3019,36.59,2024/4/15,23:25:17,38DCH97KI0MZQFKO6Z6X3S2YHYYQJ8,FALSE
25245426,Delphinium_nuttallianum,8706040,302869,https://crowdcurio-experiment-images.s3.amazonaws.com/Delphinium_nuttallianum/images/Delphinium_nuttallianum.25245426.jpg,13,23,2,FALSE,11,9,APRZ7BR8C0ZMQ,580,70.61,2024/4/15,23:26:28,38DCH97KI0MZQFKO6Z6X3S2YHYYQJ8,FALSE
24768324,Delphinium_nuttallianum,8706031,302865,https://crowdcurio-experiment-images.s3.amazonaws.com/Delphinium_nuttallianum/images/Delphinium_nuttallianum.24768324.jpg,1,20,5,FALSE,5,9,A24LKC3LQ8ZOLY,13390,63.71,2024/4/15,23:26:24,38DCH97KI0MZQFKO6Z6X3S2YHYYQJ8,FALSE
26763051,Delphinium_nuttallianum,8706090,302877,https://crowdcurio-experiment-images.s3.amazonaws.com/Delphinium_nuttallianum/images/Delphinium_nuttallianum.26763051.jpg,19,10,0,FALSE,1,3,A66GVEZ7BBLH,3019,90.36,2024/4/15,23:26:48,38DCH97KI0MZQFKO6Z6X3S2YHYYQJ8,FALSE
24639436,Delphinium_nuttallianum,8706241,302852,https://crowdcurio-experiment-images.s3.amazonaws.com/Delphinium_nuttallianum/images/Delphinium_nuttallianum.24639436.jpg,1,4,0,FALSE,5,1,A2VKCIFCUA58TQ,20566,111.96,2024/4/15,23:27:47,38DCH97KI0MZQFKO6Z6X3S2YHYYQJ8,FALSE
24647232,Delphinium_nuttallianum,8706155,302858,https://crowdcurio-experiment-images.s3.amazonaws.com/Delphinium_nuttallianum/images/Delphinium_nuttallianum.24647232.jpg,6,11,2,FALSE,5,10,A24LKC3LQ8ZOLY,13390,46.8,2024/4/15,23:27:13,38DCH97KI0MZQFKO6Z6X3S2YHYYQJ8,FALSE
24897712,Delphinium_nuttallianum,8706125,302867,https://crowdcurio-experiment-images.s3.amazonaws.com/Delphinium_nuttallianum/images/Delphinium_nuttallianum.24897712.jpg,12,4,0,FALSE,11,10,APRZ7BR8C0ZMQ,580,28.91,2024/4/15,23:26:58,38DCH97KI0MZQFKO6Z6X3S2YHYYQJ8,FALSE
27169866,Delphinium_nuttallianum,8706182,302883,https://crowdcurio-experiment-images.s3.amazonaws.com/Delphinium_nuttallianum/images/Delphinium_nuttallianum.27169866.jpg,6,5,0,TRUE,1,4,A66GVEZ7BBLH,3019,36.04,2024/4/15,23:27:26,38DCH97KI0MZQFKO6Z6X3S2YHYYQJ8,FALSE
24605045,Delphinium_nuttallianum,8706332,302845,https://crowdcurio-experiment-images.s3.amazonaws.com/Delphinium_nuttallianum/images/Delphinium_nuttallianum.24605045.jpg,0,16,4,FALSE,12,1,APRZ7BR8C0ZMQ,580,59.87,2024/4/15,23:28:22,38DCH97KI0MZQFKO6Z6X3S2YHYYQJ8,FALSE
24227735,Delphinium_nuttallianum,8706305,302838,https://crowdcurio-experiment-images.s3.amazonaws.com/Delphinium_nuttallianum/images/Delphinium_nuttallianum.24227735.jpg,2,10,2,FALSE,6,1,A24LKC3LQ8ZOLY,13390,33.49,2024/4/15,23:28:06,38DCH97KI0MZQFKO6Z6X3S2YHYYQJ8,FALSE
1335111,Delphinium_nuttallianum,8706253,302085,https://crowdcurio-experiment-images.s3.amazonaws.com/Delphinium_nuttallianum/images/Delphinium_nuttallianum.1335111.jpg,0,11,0,FALSE,2,7,A2FPBLZNNG4OPB,21163,726.86,2024/4/15,23:27:50,38DCH97KI0MZQFKO6Z6X3S2YHYYQJ8,FALSE
27128215,Delphinium_nuttallianum,8706453,302881,https://crowdcurio-experiment-images.s3.amazonaws.com/Delphinium_nuttallianum/images/Delphinium_nuttallianum.27128215.jpg,3,8,1,FALSE,1,5,A66GVEZ7BBLH,3019,106.1,2024/4/15,23:29:13,38DCH97KI0MZQFKO6Z6X3S2YHYYQJ8,FALSE
24639444,Delphinium_nuttallianum,8707187,302856,https://crowdcurio-experiment-images.s3.amazonaws.com/Delphinium_nuttallianum/images/Delphinium_nuttallianum.24639444.jpg,2,0,24,FALSE,5,2,A2VKCIFCUA58TQ,20566,449.46,2024/4/15,23:35:18,38DCH97KI0MZQFKO6Z6X3S2YHYYQJ8,FALSE
24227686,Delphinium_nuttallianum,8706406,302836,https://crowdcurio-experiment-images.s3.amazonaws.com/Delphinium_nuttallianum/images/Delphinium_nuttallianum.24227686.jpg,0,12,4,FALSE,6,2,A24LKC3LQ8ZOLY,13390,46.88,2024/4/15,23:28:55,38DCH97KI0MZQFKO6Z6X3S2YHYYQJ8,FALSE
24604904,Delphinium_nuttallianum,8706377,302844,https://crowdcurio-experiment-images.s3.amazonaws.com/Delphinium_nuttallianum/images/Delphinium_nuttallianum.24604904.jpg,7,8,0,FALSE,12,2,APRZ7BR8C0ZMQ,580,19.98,2024/4/15,23:28:44,38DCH97KI0MZQFKO6Z6X3S2YHYYQJ8,FALSE
24398233,Delphinium_nuttallianum,8706434,302842,https://crowdcurio-experiment-images.s3.amazonaws.com/Delphinium_nuttallianum/images/Delphinium_nuttallianum.24398233.jpg,6,4,0,FALSE,12,3,APRZ7BR8C0ZMQ,580,19.65,2024/4/15,23:29:05,38DCH97KI0MZQFKO6Z6X3S2YHYYQJ8,FALSE
1312166,Delphinium_nuttallianum,8706477,302081,https://crowdcurio-experiment-images.s3.amazonaws.com/Delphinium_nuttallianum/images/Delphinium_nuttallianum.1312166.jpg,0,8,6,TRUE,2,8,A2FPBLZNNG4OPB,21163,92.61,2024/4/15,23:29:24,38DCH97KI0MZQFKO6Z6X3S2YHYYQJ8,FALSE
4109068,Delphinium_nuttallianum,8706489,302425,https://crowdcurio-experiment-images.s3.amazonaws.com/Delphinium_nuttallianum/images/Delphinium_nuttallianum.4109068.jpg,2,11,0,FALSE,6,3,A24LKC3LQ8ZOLY,13390,33.21,2024/4/15,23:29:30,38DCH97KI0MZQFKO6Z6X3S2YHYYQJ8,FALSE
24228435,Delphinium_nuttallianum,8706492,302839,https://crowdcurio-experiment-images.s3.amazonaws.com/Delphinium_nuttallianum/images/Delphinium_nuttallianum.24228435.jpg,0,8,2,FALSE,12,4,APRZ7BR8C0ZMQ,580,28.71,2024/4/15,23:29:35,38DCH97KI0MZQFKO6Z6X3S2YHYYQJ8,FALSE
24227721,Delphinium_nuttallianum,8706541,302837,https://crowdcurio-experiment-images.s3.amazonaws.com/Delphinium_nuttallianum/images/Delphinium_nuttallianum.24227721.jpg,2,7,0,FALSE,6,4,A24LKC3LQ8ZOLY,13390,18.47,2024/4/15,23:29:51,38DCH97KI0MZQFKO6Z6X3S2YHYYQJ8,FALSE
24605075,Delphinium_nuttallianum,8706538,302847,https://crowdcurio-experiment-images.s3.amazonaws.com/Delphinium_nuttallianum/images/Delphinium_nuttallianum.24605075.jpg,0,7,0,FALSE,12,5,APRZ7BR8C0ZMQ,580,12.43,2024/4/15,23:29:49,38DCH97KI0MZQFKO6Z6X3S2YHYYQJ8,FALSE
1312372,Delphinium_nuttallianum,8706638,302083,https://crowdcurio-experiment-images.s3.amazonaws.com/Delphinium_nuttallianum/images/Delphinium_nuttallianum.1312372.jpg,3,7,12,FALSE,2,9,A2FPBLZNNG4OPB,21163,57.45,2024/4/15,23:30:23,38DCH97KI0MZQFKO6Z6X3S2YHYYQJ8,FALSE
24605072,Delphinium_nuttallianum,8706624,302846,https://crowdcurio-experiment-images.s3.amazonaws.com/Delphinium_nuttallianum/images/Delphinium_nuttallianum.24605072.jpg,1,6,2,FALSE,12,6,APRZ7BR8C0ZMQ,580,24.29,2024/4/15,23:30:15,38DCH97KI0MZQFKO6Z6X3S2YHYYQJ8,FALSE
27128435,Delphinium_nuttallianum,8706673,302882,https://crowdcurio-experiment-images.s3.amazonaws.com/Delphinium_nuttallianum/images/Delphinium_nuttallianum.27128435.jpg,3,8,8,FALSE,1,6,A66GVEZ7BBLH,3019,87.73,2024/4/15,23:30:43,38DCH97KI0MZQFKO6Z6X3S2YHYYQJ8,FALSE
4117609,Delphinium_nuttallianum,8706612,302426,https://crowdcurio-experiment-images.s3.amazonaws.com/Delphinium_nuttallianum/images/Delphinium_nuttallianum.4117609.jpg,0,9,0,FALSE,6,5,A24LKC3LQ8ZOLY,13390,16.23,2024/4/15,23:30:09,38DCH97KI0MZQFKO6Z6X3S2YHYYQJ8,FALSE
4109068,Delphinium_nuttallianum,8706667,302425,https://crowdcurio-experiment-images.s3.amazonaws.com/Delphinium_nuttallianum/images/Delphinium_nuttallianum.4109068.jpg,1,13,0,TRUE,6,6,A24LKC3LQ8ZOLY,13390,27.71,2024/4/15,23:30:38,38DCH97KI0MZQFKO6Z6X3S2YHYYQJ8,FALSE
24398233,Delphinium_nuttallianum,8706661,302842,https://crowdcurio-experiment-images.s3.amazonaws.com/Delphinium_nuttallianum/images/Delphinium_nuttallianum.24398233.jpg,7,3,0,TRUE,12,7,APRZ7BR8C0ZMQ,580,19.61,2024/4/15,23:30:36,38DCH97KI0MZQFKO6Z6X3S2YHYYQJ8,FALSE
4102421,Delphinium_nuttallianum,8706695,302424,https://crowdcurio-experiment-images.s3.amazonaws.com/Delphinium_nuttallianum/images/Delphinium_nuttallianum.4102421.jpg,4,2,0,FALSE,6,7,A24LKC3LQ8ZOLY,13390,15.36,2024/4/15,23:30:56,38DCH97KI0MZQFKO6Z6X3S2YHYYQJ8,FALSE
24392348,Delphinium_nuttallianum,8706747,302841,https://crowdcurio-experiment-images.s3.amazonaws.com/Delphinium_nuttallianum/images/Delphinium_nuttallianum.24392348.jpg,0,9,1,FALSE,12,8,APRZ7BR8C0ZMQ,580,35.75,2024/4/15,23:31:13,38DCH97KI0MZQFKO6Z6X3S2YHYYQJ8,FALSE
1335297,Delphinium_nuttallianum,8706749,302086,https://crowdcurio-experiment-images.s3.amazonaws.com/Delphinium_nuttallianum/images/Delphinium_nuttallianum.1335297.jpg,0,10,0,FALSE,2,10,A2FPBLZNNG4OPB,21163,47.57,2024/4/15,23:31:13,38DCH97KI0MZQFKO6Z6X3S2YHYYQJ8,FALSE
24217164,Delphinium_nuttallianum,8706777,302835,https://crowdcurio-experiment-images.s3.amazonaws.com/Delphinium_nuttallianum/images/Delphinium_nuttallianum.24217164.jpg,0,9,3,FALSE,6,8,A24LKC3LQ8ZOLY,13390,24.69,2024/4/15,23:31:22,38DCH97KI0MZQFKO6Z6X3S2YHYYQJ8,FALSE
24228505,Delphinium_nuttallianum,8706842,302840,https://crowdcurio-experiment-images.s3.amazonaws.com/Delphinium_nuttallianum/images/Delphinium_nuttallianum.24228505.jpg,1,15,4,FALSE,12,9,APRZ7BR8C0ZMQ,580,36.39,2024/4/15,23:31:51,38DCH97KI0MZQFKO6Z6X3S2YHYYQJ8,FALSE
27118670,Delphinium_nuttallianum,8706847,302880,https://crowdcurio-experiment-images.s3.amazonaws.com/Delphinium_nuttallianum/images/Delphinium_nuttallianum.27118670.jpg,0,7,4,FALSE,1,7,A66GVEZ7BBLH,3019,70.3,2024/4/15,23:31:54,38DCH97KI0MZQFKO6Z6X3S2YHYYQJ8,FALSE
4695255,Delphinium_nuttallianum,8706851,302428,https://crowdcurio-experiment-images.s3.amazonaws.com/Delphinium_nuttallianum/images/Delphinium_nuttallianum.4695255.jpg,0,10,1,FALSE,6,9,A24LKC3LQ8ZOLY,13390,31.52,2024/4/15,23:31:56,38DCH97KI0MZQFKO6Z6X3S2YHYYQJ8,FALSE
24604893,Delphinium_nuttallianum,8706884,302843,https://crowdcurio-experiment-images.s3.amazonaws.com/Delphinium_nuttallianum/images/Delphinium_nuttallianum.24604893.jpg,0,5,3,FALSE,12,10,APRZ7BR8C0ZMQ,580,20.93,2024/4/15,23:32:13,38DCH97KI0MZQFKO6Z6X3S2YHYYQJ8,FALSE
4694557,Delphinium_nuttallianum,8706896,302427,https://crowdcurio-experiment-images.s3.amazonaws.com/Delphinium_nuttallianum/images/Delphinium_nuttallianum.4694557.jpg,0,8,0,FALSE,6,10,A24LKC3LQ8ZOLY,13390,26.07,2024/4/15,23:32:24,38DCH97KI0MZQFKO6Z6X3S2YHYYQJ8,FALSE
27118505,Delphinium_nuttallianum,8707008,302879,https://crowdcurio-experiment-images.s3.amazonaws.com/Delphinium_nuttallianum/images/Delphinium_nuttallianum.27118505.jpg,2,5,12,FALSE,1,8,A66GVEZ7BBLH,3019,108.06,2024/4/15,23:33:44,38DCH97KI0MZQFKO6Z6X3S2YHYYQJ8,FALSE
3510172,Delphinium_nuttallianum,8706953,302414,https://crowdcurio-experiment-images.s3.amazonaws.com/Delphinium_nuttallianum/images/Delphinium_nuttallianum.3510172.jpg,0,7,3,FALSE,7,1,A24LKC3LQ8ZOLY,13390,24.91,2024/4/15,23:33:07,38DCH97KI0MZQFKO6Z6X3S2YHYYQJ8,FALSE
3405358,Delphinium_nuttallianum,8707059,302412,https://crowdcurio-experiment-images.s3.amazonaws.com/Delphinium_nuttallianum/images/Delphinium_nuttallianum.3405358.jpg,19,8,2,FALSE,7,2,A24LKC3LQ8ZOLY,13390,77.28,2024/4/15,23:34:26,38DCH97KI0MZQFKO6Z6X3S2YHYYQJ8,FALSE
26763046,Delphinium_nuttallianum,8707151,302875,https://crowdcurio-experiment-images.s3.amazonaws.com/Delphinium_nuttallianum/images/Delphinium_nuttallianum.26763046.jpg,0,1,20,FALSE,1,9,A66GVEZ7BBLH,3019,75.05,2024/4/15,23:35:01,38DCH97KI0MZQFKO6Z6X3S2YHYYQJ8,FALSE
3405367,Delphinium_nuttallianum,8707100,302413,https://crowdcurio-experiment-images.s3.amazonaws.com/Delphinium_nuttallianum/images/Delphinium_nuttallianum.3405367.jpg,0,2,2,FALSE,7,3,A24LKC3LQ8ZOLY,13390,15.21,2024/4/15,23:34:43,38DCH97KI0MZQFKO6Z6X3S2YHYYQJ8,FALSE
3231553,Delphinium_nuttallianum,8707203,302408,https://crowdcurio-experiment-images.s3.amazonaws.com/Delphinium_nuttallianum/images/Delphinium_nuttallianum.3231553.jpg,4,11,4,FALSE,7,4,A24LKC3LQ8ZOLY,13390,42.54,2024/4/15,23:35:28,38DCH97KI0MZQFKO6Z6X3S2YHYYQJ8,FALSE
26763047,Delphinium_nuttallianum,8707227,302876,https://crowdcurio-experiment-images.s3.amazonaws.com/Delphinium_nuttallianum/images/Delphinium_nuttallianum.26763047.jpg,0,7,0,FALSE,1,10,A66GVEZ7BBLH,3019,37.76,2024/4/15,23:35:41,38DCH97KI0MZQFKO6Z6X3S2YHYYQJ8,FALSE
24605104,Delphinium_nuttallianum,8707952,302850,https://crowdcurio-experiment-images.s3.amazonaws.com/Delphinium_nuttallianum/images/Delphinium_nuttallianum.24605104.jpg,5,17,0,FALSE,5,3,A2VKCIFCUA58TQ,20566,314.38,2024/4/15,23:40:34,38DCH97KI0MZQFKO6Z6X3S2YHYYQJ8,FALSE
3231550,Delphinium_nuttallianum,8707292,302407,https://crowdcurio-experiment-images.s3.amazonaws.com/Delphinium_nuttallianum/images/Delphinium_nuttallianum.3231550.jpg,0,23,0,FALSE,7,5,A24LKC3LQ8ZOLY,13390,44.64,2024/4/15,23:36:15,38DCH97KI0MZQFKO6Z6X3S2YHYYQJ8,FALSE
3231543,Delphinium_nuttallianum,8707554,302404,https://crowdcurio-experiment-images.s3.amazonaws.com/Delphinium_nuttallianum/images/Delphinium_nuttallianum.3231543.jpg,9,12,0,FALSE,2,1,A66GVEZ7BBLH,3019,120.26,2024/4/15,23:37:59,38DCH97KI0MZQFKO6Z6X3S2YHYYQJ8,FALSE
4018705,Delphinium_nuttallianum,8707369,302420,https://crowdcurio-experiment-images.s3.amazonaws.com/Delphinium_nuttallianum/images/Delphinium_nuttallianum.4018705.jpg,19,5,0,FALSE,13,1,APRZ7BR8C0ZMQ,580,252.4,2024/4/15,23:36:44,38DCH97KI0MZQFKO6Z6X3S2YHYYQJ8,FALSE
3293840,Delphinium_nuttallianum,8707346,302411,https://crowdcurio-experiment-images.s3.amazonaws.com/Delphinium_nuttallianum/images/Delphinium_nuttallianum.3293840.jpg,0,6,0,FALSE,7,6,A24LKC3LQ8ZOLY,13390,16.18,2024/4/15,23:36:33,38DCH97KI0MZQFKO6Z6X3S2YHYYQJ8,FALSE
3231744,Delphinium_nuttallianum,8707447,302409,https://crowdcurio-experiment-images.s3.amazonaws.com/Delphinium_nuttallianum/images/Delphinium_nuttallianum.3231744.jpg,4,14,1,FALSE,7,7,A24LKC3LQ8ZOLY,13390,33.22,2024/4/15,23:37:09,38DCH97KI0MZQFKO6Z6X3S2YHYYQJ8,FALSE
4089593,Delphinium_nuttallianum,8707512,302422,https://crowdcurio-experiment-images.s3.amazonaws.com/Delphinium_nuttallianum/images/Delphinium_nuttallianum.4089593.jpg,0,31,1,FALSE,13,2,APRZ7BR8C0ZMQ,580,58.22,2024/4/15,23:37:44,38DCH97KI0MZQFKO6Z6X3S2YHYYQJ8,FALSE
3293840,Delphinium_nuttallianum,8707505,302411,https://crowdcurio-experiment-images.s3.amazonaws.com/Delphinium_nuttallianum/images/Delphinium_nuttallianum.3293840.jpg,0,6,1,TRUE,7,8,A24LKC3LQ8ZOLY,13390,25.06,2024/4/15,23:37:35,38DCH97KI0MZQFKO6Z6X3S2YHYYQJ8,FALSE
3231549,Delphinium_nuttallianum,8707574,302406,https://crowdcurio-experiment-images.s3.amazonaws.com/Delphinium_nuttallianum/images/Delphinium_nuttallianum.3231549.jpg,1,1,5,FALSE,7,9,A24LKC3LQ8ZOLY,13390,34.55,2024/4/15,23:38:11,38DCH97KI0MZQFKO6Z6X3S2YHYYQJ8,FALSE
3814747,Delphinium_nuttallianum,8707612,302416,https://crowdcurio-experiment-images.s3.amazonaws.com/Delphinium_nuttallianum/images/Delphinium_nuttallianum.3814747.jpg,0,14,8,FALSE,13,3,APRZ7BR8C0ZMQ,580,40.83,2024/4/15,23:38:26,38DCH97KI0MZQFKO6Z6X3S2YHYYQJ8,FALSE
3231382,Delphinium_nuttallianum,8707782,302400,https://crowdcurio-experiment-images.s3.amazonaws.com/Delphinium_nuttallianum/images/Delphinium_nuttallianum.3231382.jpg,1,10,9,FALSE,2,2,A66GVEZ7BBLH,3019,95.83,2024/4/15,23:39:37,38DCH97KI0MZQFKO6Z6X3S2YHYYQJ8,FALSE
3281849,Delphinium_nuttallianum,8707616,302410,https://crowdcurio-experiment-images.s3.amazonaws.com/Delphinium_nuttallianum/images/Delphinium_nuttallianum.3281849.jpg,0,8,0,FALSE,7,10,A24LKC3LQ8ZOLY,13390,15.57,2024/4/15,23:38:29,38DCH97KI0MZQFKO6Z6X3S2YHYYQJ8,FALSE
4089590,Delphinium_nuttallianum,8707843,302421,https://crowdcurio-experiment-images.s3.amazonaws.com/Delphinium_nuttallianum/images/Delphinium_nuttallianum.4089590.jpg,20,28,0,FALSE,13,4,APRZ7BR8C0ZMQ,580,90.38,2024/4/15,23:39:58,38DCH97KI0MZQFKO6Z6X3S2YHYYQJ8,FALSE
3103176,Delphinium_nuttallianum,8707740,302389,https://crowdcurio-experiment-images.s3.amazonaws.com/Delphinium_nuttallianum/images/Delphinium_nuttallianum.3103176.jpg,4,7,0,FALSE,8,1,A24LKC3LQ8ZOLY,13390,36.65,2024/4/15,23:39:23,38DCH97KI0MZQFKO6Z6X3S2YHYYQJ8,FALSE
3112737,Delphinium_nuttallianum,8707794,302394,https://crowdcurio-experiment-images.s3.amazonaws.com/Delphinium_nuttallianum/images/Delphinium_nuttallianum.3112737.jpg,0,1,2,FALSE,8,2,A24LKC3LQ8ZOLY,13390,16.12,2024/4/15,23:39:42,38DCH97KI0MZQFKO6Z6X3S2YHYYQJ8,FALSE
3231547,Delphinium_nuttallianum,8707852,302405,https://crowdcurio-experiment-images.s3.amazonaws.com/Delphinium_nuttallianum/images/Delphinium_nuttallianum.3231547.jpg,0,5,0,FALSE,2,3,A66GVEZ7BBLH,3019,24.98,2024/4/15,23:40:03,38DCH97KI0MZQFKO6Z6X3S2YHYYQJ8,FALSE
3110650,Delphinium_nuttallianum,8707858,302393,https://crowdcurio-experiment-images.s3.amazonaws.com/Delphinium_nuttallianum/images/Delphinium_nuttallianum.3110650.jpg,3,3,0,FALSE,8,3,A24LKC3LQ8ZOLY,13390,21.34,2024/4/15,23:40:05,38DCH97KI0MZQFKO6Z6X3S2YHYYQJ8,FALSE
4089608,Delphinium_nuttallianum,8708016,302423,https://crowdcurio-experiment-images.s3.amazonaws.com/Delphinium_nuttallianum/images/Delphinium_nuttallianum.4089608.jpg,0,31,3,FALSE,13,5,APRZ7BR8C0ZMQ,580,55.49,2024/4/15,23:40:55,38DCH97KI0MZQFKO6Z6X3S2YHYYQJ8,FALSE
3103176,Delphinium_nuttallianum,8707979,302389,https://crowdcurio-experiment-images.s3.amazonaws.com/Delphinium_nuttallianum/images/Delphinium_nuttallianum.3103176.jpg,11,6,0,TRUE,8,4,A24LKC3LQ8ZOLY,13390,37.02,2024/4/15,23:40:43,38DCH97KI0MZQFKO6Z6X3S2YHYYQJ8,FALSE
3226451,Delphinium_nuttallianum,8707989,302397,https://crowdcurio-experiment-images.s3.amazonaws.com/Delphinium_nuttallianum/images/Delphinium_nuttallianum.3226451.jpg,7,11,0,FALSE,2,4,A66GVEZ7BBLH,3019,41.06,2024/4/15,23:40:46,38DCH97KI0MZQFKO6Z6X3S2YHYYQJ8,FALSE
24639440,Delphinium_nuttallianum,8708456,302854,https://crowdcurio-experiment-images.s3.amazonaws.com/Delphinium_nuttallianum/images/Delphinium_nuttallianum.24639440.jpg,5,10,0,FALSE,5,4,A2VKCIFCUA58TQ,20566,170.9,2024/4/15,23:43:26,38DCH97KI0MZQFKO6Z6X3S2YHYYQJ8,FALSE
3103175,Delphinium_nuttallianum,8708064,302388,https://crowdcurio-experiment-images.s3.amazonaws.com/Delphinium_nuttallianum/images/Delphinium_nuttallianum.3103175.jpg,3,4,0,FALSE,8,5,A24LKC3LQ8ZOLY,13390,26.91,2024/4/15,23:41:12,38DCH97KI0MZQFKO6Z6X3S2YHYYQJ8,FALSE
3835252,Delphinium_nuttallianum,8708123,302418,https://crowdcurio-experiment-images.s3.amazonaws.com/Delphinium_nuttallianum/images/Delphinium_nuttallianum.3835252.jpg,6,10,1,FALSE,13,6,APRZ7BR8C0ZMQ,580,40.43,2024/4/15,23:41:37,38DCH97KI0MZQFKO6Z6X3S2YHYYQJ8,FALSE
3231379,Delphinium_nuttallianum,8708202,302399,https://crowdcurio-experiment-images.s3.amazonaws.com/Delphinium_nuttallianum/images/Delphinium_nuttallianum.3231379.jpg,4,6,0,FALSE,2,5,A66GVEZ7BBLH,3019,72.44,2024/4/15,23:42:00,38DCH97KI0MZQFKO6Z6X3S2YHYYQJ8,FALSE
3110649,Delphinium_nuttallianum,8708165,302392,https://crowdcurio-experiment-images.s3.amazonaws.com/Delphinium_nuttallianum/images/Delphinium_nuttallianum.3110649.jpg,13,3,0,FALSE,8,6,A24LKC3LQ8ZOLY,13390,32.28,2024/4/15,23:41:47,38DCH97KI0MZQFKO6Z6X3S2YHYYQJ8,FALSE
3990967,Delphinium_nuttallianum,8708262,302419,https://crowdcurio-experiment-images.s3.amazonaws.com/Delphinium_nuttallianum/images/Delphinium_nuttallianum.3990967.jpg,0,6,16,FALSE,13,7,APRZ7BR8C0ZMQ,580,44.12,2024/4/15,23:42:22,38DCH97KI0MZQFKO6Z6X3S2YHYYQJ8,FALSE
3226450,Delphinium_nuttallianum,8708252,302396,https://crowdcurio-experiment-images.s3.amazonaws.com/Delphinium_nuttallianum/images/Delphinium_nuttallianum.3226450.jpg,0,4,0,FALSE,8,7,A24LKC3LQ8ZOLY,13390,28.4,2024/4/15,23:42:18,38DCH97KI0MZQFKO6Z6X3S2YHYYQJ8,FALSE
3231543,Delphinium_nuttallianum,8708380,302404,https://crowdcurio-experiment-images.s3.amazonaws.com/Delphinium_nuttallianum/images/Delphinium_nuttallianum.3231543.jpg,0,10,0,TRUE,2,6,A66GVEZ7BBLH,3019,54.3,2024/4/15,23:42:55,38DCH97KI0MZQFKO6Z6X3S2YHYYQJ8,FALSE
3110646,Delphinium_nuttallianum,8708354,302391,https://crowdcurio-experiment-images.s3.amazonaws.com/Delphinium_nuttallianum/images/Delphinium_nuttallianum.3110646.jpg,2,3,3,FALSE,8,8,A24LKC3LQ8ZOLY,13390,28.42,2024/4/15,23:42:48,38DCH97KI0MZQFKO6Z6X3S2YHYYQJ8,FALSE
3815454,Delphinium_nuttallianum,8708350,302417,https://crowdcurio-experiment-images.s3.amazonaws.com/Delphinium_nuttallianum/images/Delphinium_nuttallianum.3815454.jpg,0,10,0,FALSE,13,8,APRZ7BR8C0ZMQ,580,23.38,2024/4/15,23:42:47,38DCH97KI0MZQFKO6Z6X3S2YHYYQJ8,FALSE
3835252,Delphinium_nuttallianum,8708469,302418,https://crowdcurio-experiment-images.s3.amazonaws.com/Delphinium_nuttallianum/images/Delphinium_nuttallianum.3835252.jpg,3,8,0,TRUE,13,9,APRZ7BR8C0ZMQ,580,43.31,2024/4/15,23:43:31,38DCH97KI0MZQFKO6Z6X3S2YHYYQJ8,FALSE
3103501,Delphinium_nuttallianum,8708431,302390,https://crowdcurio-experiment-images.s3.amazonaws.com/Delphinium_nuttallianum/images/Delphinium_nuttallianum.3103501.jpg,0,6,3,FALSE,8,9,A24LKC3LQ8ZOLY,13390,27.18,2024/4/15,23:43:18,38DCH97KI0MZQFKO6Z6X3S2YHYYQJ8,FALSE
3231385,Delphinium_nuttallianum,8708573,302403,https://crowdcurio-experiment-images.s3.amazonaws.com/Delphinium_nuttallianum/images/Delphinium_nuttallianum.3231385.jpg,12,17,0,FALSE,2,7,A66GVEZ7BBLH,3019,60.01,2024/4/15,23:43:57,38DCH97KI0MZQFKO6Z6X3S2YHYYQJ8,FALSE
3126763,Delphinium_nuttallianum,8708515,302395,https://crowdcurio-experiment-images.s3.amazonaws.com/Delphinium_nuttallianum/images/Delphinium_nuttallianum.3126763.jpg,4,4,0,FALSE,8,10,A24LKC3LQ8ZOLY,13390,22.9,2024/4/15,23:43:43,38DCH97KI0MZQFKO6Z6X3S2YHYYQJ8,FALSE
24637086,Delphinium_nuttallianum,8708888,302851,https://crowdcurio-experiment-images.s3.amazonaws.com/Delphinium_nuttallianum/images/Delphinium_nuttallianum.24637086.jpg,0,2,7,FALSE,5,5,A2VKCIFCUA58TQ,20566,139.78,2024/4/15,23:45:47,38DCH97KI0MZQFKO6Z6X3S2YHYYQJ8,FALSE
3814531,Delphinium_nuttallianum,8708761,302415,https://crowdcurio-experiment-images.s3.amazonaws.com/Delphinium_nuttallianum/images/Delphinium_nuttallianum.3814531.jpg,0,27,19,FALSE,13,10,APRZ7BR8C0ZMQ,580,74.03,2024/4/15,23:44:47,38DCH97KI0MZQFKO6Z6X3S2YHYYQJ8,FALSE
3231383,Delphinium_nuttallianum,8708769,302401,https://crowdcurio-experiment-images.s3.amazonaws.com/Delphinium_nuttallianum/images/Delphinium_nuttallianum.3231383.jpg,12,11,0,FALSE,2,8,A66GVEZ7BBLH,3019,50.64,2024/4/15,23:44:49,38DCH97KI0MZQFKO6Z6X3S2YHYYQJ8,FALSE
3226452,Delphinium_nuttallianum,8708843,302398,https://crowdcurio-experiment-images.s3.amazonaws.com/Delphinium_nuttallianum/images/Delphinium_nuttallianum.3226452.jpg,0,6,0,FALSE,2,9,A66GVEZ7BBLH,3019,30.84,2024/4/15,23:45:22,38DCH97KI0MZQFKO6Z6X3S2YHYYQJ8,FALSE
3231384,Delphinium_nuttallianum,8708976,302402,https://crowdcurio-experiment-images.s3.amazonaws.com/Delphinium_nuttallianum/images/Delphinium_nuttallianum.3231384.jpg,6,5,0,FALSE,2,10,A66GVEZ7BBLH,3019,58.33,2024/4/15,23:46:22,38DCH97KI0MZQFKO6Z6X3S2YHYYQJ8,FALSE
24605104,Delphinium_nuttallianum,8709287,302850,https://crowdcurio-experiment-images.s3.amazonaws.com/Delphinium_nuttallianum/images/Delphinium_nuttallianum.24605104.jpg,2,16,3,TRUE,5,6,A2VKCIFCUA58TQ,20566,165.49,2024/4/15,23:48:34,38DCH97KI0MZQFKO6Z6X3S2YHYYQJ8,FALSE
3044941,Delphinium_nuttallianum,8709273,302357,https://crowdcurio-experiment-images.s3.amazonaws.com/Delphinium_nuttallianum/images/Delphinium_nuttallianum.3044941.jpg,10,5,0,FALSE,1,1,A3BU69EKYL6SH3,11662,73.85,2024/4/15,23:48:30,38DCH97KI0MZQFKO6Z6X3S2YHYYQJ8,FALSE
3044934,Delphinium_nuttallianum,8709318,302356,https://crowdcurio-experiment-images.s3.amazonaws.com/Delphinium_nuttallianum/images/Delphinium_nuttallianum.3044934.jpg,0,2,3,FALSE,1,2,A3BU69EKYL6SH3,11662,18.74,2024/4/15,23:48:50,38DCH97KI0MZQFKO6Z6X3S2YHYYQJ8,FALSE
24605103,Delphinium_nuttallianum,8709544,302849,https://crowdcurio-experiment-images.s3.amazonaws.com/Delphinium_nuttallianum/images/Delphinium_nuttallianum.24605103.jpg,1,6,1,FALSE,5,7,A2VKCIFCUA58TQ,20566,87.45,2024/4/15,23:50:02,38DCH97KI0MZQFKO6Z6X3S2YHYYQJ8,FALSE
3043828,Delphinium_nuttallianum,8709484,302352,https://crowdcurio-experiment-images.s3.amazonaws.com/Delphinium_nuttallianum/images/Delphinium_nuttallianum.3043828.jpg,3,9,1,FALSE,1,3,A3BU69EKYL6SH3,11662,48.98,2024/4/15,23:49:40,38DCH97KI0MZQFKO6Z6X3S2YHYYQJ8,FALSE
3044967,Delphinium_nuttallianum,8709642,302359,https://crowdcurio-experiment-images.s3.amazonaws.com/Delphinium_nuttallianum/images/Delphinium_nuttallianum.3044967.jpg,7,14,0,FALSE,1,4,A3BU69EKYL6SH3,11662,54.75,2024/4/15,23:50:36,38DCH97KI0MZQFKO6Z6X3S2YHYYQJ8,FALSE
24639438,Delphinium_nuttallianum,8710352,302853,https://crowdcurio-experiment-images.s3.amazonaws.com/Delphinium_nuttallianum/images/Delphinium_nuttallianum.24639438.jpg,2,16,15,FALSE,5,8,A2VKCIFCUA58TQ,20566,351.32,2024/4/15,23:55:55,38DCH97KI0MZQFKO6Z6X3S2YHYYQJ8,FALSE
3044975,Delphinium_nuttallianum,8709737,302360,https://crowdcurio-experiment-images.s3.amazonaws.com/Delphinium_nuttallianum/images/Delphinium_nuttallianum.3044975.jpg,3,4,5,FALSE,1,5,A3BU69EKYL6SH3,11662,58.17,2024/4/15,23:51:36,38DCH97KI0MZQFKO6Z6X3S2YHYYQJ8,FALSE
3044882,Delphinium_nuttallianum,8709844,302354,https://crowdcurio-experiment-images.s3.amazonaws.com/Delphinium_nuttallianum/images/Delphinium_nuttallianum.3044882.jpg,4,9,0,FALSE,1,6,A3BU69EKYL6SH3,11662,34.88,2024/4/15,23:52:12,38DCH97KI0MZQFKO6Z6X3S2YHYYQJ8,FALSE
1270298,Delphinium_nuttallianum,8710103,302060,https://crowdcurio-experiment-images.s3.amazonaws.com/Delphinium_nuttallianum/images/Delphinium_nuttallianum.1270298.jpg,8,7,0,FALSE,1,1,A2U7UDW9Y1WGWF,19116,1058.13,2024/4/15,23:53:59,38DCH97KI0MZQFKO6Z6X3S2YHYYQJ8,FALSE
3044956,Delphinium_nuttallianum,8709939,302358,https://crowdcurio-experiment-images.s3.amazonaws.com/Delphinium_nuttallianum/images/Delphinium_nuttallianum.3044956.jpg,0,14,4,FALSE,1,7,A3BU69EKYL6SH3,11662,39.2,2024/4/15,23:52:52,38DCH97KI0MZQFKO6Z6X3S2YHYYQJ8,FALSE
3043828,Delphinium_nuttallianum,8710039,302352,https://crowdcurio-experiment-images.s3.amazonaws.com/Delphinium_nuttallianum/images/Delphinium_nuttallianum.3043828.jpg,4,9,1,TRUE,1,8,A3BU69EKYL6SH3,11662,34.2,2024/4/15,23:53:27,38DCH97KI0MZQFKO6Z6X3S2YHYYQJ8,FALSE
3043829,Delphinium_nuttallianum,8710114,302353,https://crowdcurio-experiment-images.s3.amazonaws.com/Delphinium_nuttallianum/images/Delphinium_nuttallianum.3043829.jpg,3,3,4,FALSE,1,9,A3BU69EKYL6SH3,11662,37.71,2024/4/15,23:54:06,38DCH97KI0MZQFKO6Z6X3S2YHYYQJ8,FALSE
3044922,Delphinium_nuttallianum,8710219,302355,https://crowdcurio-experiment-images.s3.amazonaws.com/Delphinium_nuttallianum/images/Delphinium_nuttallianum.3044922.jpg,0,15,2,FALSE,1,10,A3BU69EKYL6SH3,11662,36.44,2024/4/15,23:54:43,38DCH97KI0MZQFKO6Z6X3S2YHYYQJ8,FALSE
1270405,Delphinium_nuttallianum,8710563,302063,https://crowdcurio-experiment-images.s3.amazonaws.com/Delphinium_nuttallianum/images/Delphinium_nuttallianum.1270405.jpg,11,10,0,FALSE,1,2,A2U7UDW9Y1WGWF,19116,184.47,2024/4/15,23:57:06,38DCH97KI0MZQFKO6Z6X3S2YHYYQJ8,FALSE
24605076,Delphinium_nuttallianum,8710579,302848,https://crowdcurio-experiment-images.s3.amazonaws.com/Delphinium_nuttallianum/images/Delphinium_nuttallianum.24605076.jpg,0,8,4,FALSE,5,9,A2VKCIFCUA58TQ,20566,74.43,2024/4/15,23:57:11,38DCH97KI0MZQFKO6Z6X3S2YHYYQJ8,FALSE
24639441,Delphinium_nuttallianum,8711124,302855,https://crowdcurio-experiment-images.s3.amazonaws.com/Delphinium_nuttallianum/images/Delphinium_nuttallianum.24639441.jpg,0,17,5,FALSE,5,10,A2VKCIFCUA58TQ,20566,187.14,2024/4/16,0:00:19,38DCH97KI0MZQFKO6Z6X3S2YHYYQJ8,FALSE
1271321,Delphinium_nuttallianum,8711144,302068,https://crowdcurio-experiment-images.s3.amazonaws.com/Delphinium_nuttallianum/images/Delphinium_nuttallianum.1271321.jpg,1,19,0,FALSE,1,3,A2U7UDW9Y1WGWF,19116,200.27,2024/4/16,0:00:28,38DCH97KI0MZQFKO6Z6X3S2YHYYQJ8,FALSE
1271275,Delphinium_nuttallianum,8711769,302067,https://crowdcurio-experiment-images.s3.amazonaws.com/Delphinium_nuttallianum/images/Delphinium_nuttallianum.1271275.jpg,5,10,2,FALSE,1,4,A2U7UDW9Y1WGWF,19116,169.88,2024/4/16,0:03:21,38DCH97KI0MZQFKO6Z6X3S2YHYYQJ8,FALSE
2882274,Delphinium_nuttallianum,8711496,302321,https://crowdcurio-experiment-images.s3.amazonaws.com/Delphinium_nuttallianum/images/Delphinium_nuttallianum.2882274.jpg,0,22,1,FALSE,6,1,A2VKCIFCUA58TQ,20566,78.69,2024/4/16,0:02:14,38DCH97KI0MZQFKO6Z6X3S2YHYYQJ8,FALSE
3015964,Delphinium_nuttallianum,8711774,302334,https://crowdcurio-experiment-images.s3.amazonaws.com/Delphinium_nuttallianum/images/Delphinium_nuttallianum.3015964.jpg,19,16,0,FALSE,2,1,A3BU69EKYL6SH3,11662,501.61,2024/4/16,0:03:22,38DCH97KI0MZQFKO6Z6X3S2YHYYQJ8,FALSE
2862463,Delphinium_nuttallianum,8711873,302316,https://crowdcurio-experiment-images.s3.amazonaws.com/Delphinium_nuttallianum/images/Delphinium_nuttallianum.2862463.jpg,0,16,0,FALSE,6,2,A2VKCIFCUA58TQ,20566,108.57,2024/4/16,0:04:04,38DCH97KI0MZQFKO6Z6X3S2YHYYQJ8,FALSE
2885533,Delphinium_nuttallianum,8711990,302330,https://crowdcurio-experiment-images.s3.amazonaws.com/Delphinium_nuttallianum/images/Delphinium_nuttallianum.2885533.jpg,0,12,3,FALSE,1,1,AR7WOIN8DFX24,21179,110.12,2024/4/16,0:04:39,38DCH97KI0MZQFKO6Z6X3S2YHYYQJ8,FALSE
3015965,Delphinium_nuttallianum,8711859,302335,https://crowdcurio-experiment-images.s3.amazonaws.com/Delphinium_nuttallianum/images/Delphinium_nuttallianum.3015965.jpg,0,8,9,FALSE,2,2,A3BU69EKYL6SH3,11662,33.75,2024/4/16,0:03:57,38DCH97KI0MZQFKO6Z6X3S2YHYYQJ8,FALSE
1270365,Delphinium_nuttallianum,8711895,302061,https://crowdcurio-experiment-images.s3.amazonaws.com/Delphinium_nuttallianum/images/Delphinium_nuttallianum.1270365.jpg,2,5,0,FALSE,1,5,A2U7UDW9Y1WGWF,19116,46.07,2024/4/16,0:04:10,38DCH97KI0MZQFKO6Z6X3S2YHYYQJ8,FALSE
3030329,Delphinium_nuttallianum,8711948,302342,https://crowdcurio-experiment-images.s3.amazonaws.com/Delphinium_nuttallianum/images/Delphinium_nuttallianum.3030329.jpg,0,7,4,FALSE,2,3,A3BU69EKYL6SH3,11662,26.72,2024/4/16,0:04:25,38DCH97KI0MZQFKO6Z6X3S2YHYYQJ8,FALSE
2863184,Delphinium_nuttallianum,8712222,302318,https://crowdcurio-experiment-images.s3.amazonaws.com/Delphinium_nuttallianum/images/Delphinium_nuttallianum.2863184.jpg,0,6,18,FALSE,6,3,A2VKCIFCUA58TQ,20566,101.29,2024/4/16,0:05:46,38DCH97KI0MZQFKO6Z6X3S2YHYYQJ8,FALSE
1270423,Delphinium_nuttallianum,8712200,302064,https://crowdcurio-experiment-images.s3.amazonaws.com/Delphinium_nuttallianum/images/Delphinium_nuttallianum.1270423.jpg,4,8,0,FALSE,1,6,A2U7UDW9Y1WGWF,19116,87.78,2024/4/16,0:05:39,38DCH97KI0MZQFKO6Z6X3S2YHYYQJ8,FALSE
3030325,Delphinium_nuttallianum,8711969,302338,https://crowdcurio-experiment-images.s3.amazonaws.com/Delphinium_nuttallianum/images/Delphinium_nuttallianum.3030325.jpg,0,3,0,FALSE,2,4,A3BU69EKYL6SH3,11662,7.72,2024/4/16,0:04:34,38DCH97KI0MZQFKO6Z6X3S2YHYYQJ8,FALSE
3030326,Delphinium_nuttallianum,8712067,302339,https://crowdcurio-experiment-images.s3.amazonaws.com/Delphinium_nuttallianum/images/Delphinium_nuttallianum.3030326.jpg,0,2,4,FALSE,2,5,A3BU69EKYL6SH3,11662,27.14,2024/4/16,0:05:02,38DCH97KI0MZQFKO6Z6X3S2YHYYQJ8,FALSE
2884237,Delphinium_nuttallianum,8716754,302327,https://crowdcurio-experiment-images.s3.amazonaws.com/Delphinium_nuttallianum/images/Delphinium_nuttallianum.2884237.jpg,8,4,0,FALSE,1,2,AR7WOIN8DFX24,21179,2108.05,2024/4/16,0:39:54,38DCH97KI0MZQFKO6Z6X3S2YHYYQJ8,FALSE
3030329,Delphinium_nuttallianum,8712160,302342,https://crowdcurio-experiment-images.s3.amazonaws.com/Delphinium_nuttallianum/images/Delphinium_nuttallianum.3030329.jpg,0,7,4,TRUE,2,6,A3BU69EKYL6SH3,11662,27.26,2024/4/16,0:05:30,38DCH97KI0MZQFKO6Z6X3S2YHYYQJ8,FALSE
3030327,Delphinium_nuttallianum,8712225,302340,https://crowdcurio-experiment-images.s3.amazonaws.com/Delphinium_nuttallianum/images/Delphinium_nuttallianum.3030327.jpg,1,6,0,FALSE,2,7,A3BU69EKYL6SH3,11662,17.08,2024/4/16,0:05:48,38DCH97KI0MZQFKO6Z6X3S2YHYYQJ8,FALSE
2883323,Delphinium_nuttallianum,8712820,302322,https://crowdcurio-experiment-images.s3.amazonaws.com/Delphinium_nuttallianum/images/Delphinium_nuttallianum.2883323.jpg,0,9,9,FALSE,6,4,A2VKCIFCUA58TQ,20566,160.11,2024/4/16,0:08:28,38DCH97KI0MZQFKO6Z6X3S2YHYYQJ8,FALSE
3030324,Delphinium_nuttallianum,8712338,302337,https://crowdcurio-experiment-images.s3.amazonaws.com/Delphinium_nuttallianum/images/Delphinium_nuttallianum.3030324.jpg,2,14,0,FALSE,2,8,A3BU69EKYL6SH3,11662,30.29,2024/4/16,0:06:20,38DCH97KI0MZQFKO6Z6X3S2YHYYQJ8,FALSE
1270385,Delphinium_nuttallianum,8712650,302062,https://crowdcurio-experiment-images.s3.amazonaws.com/Delphinium_nuttallianum/images/Delphinium_nuttallianum.1270385.jpg,2,11,0,FALSE,1,7,A2U7UDW9Y1WGWF,19116,116.25,2024/4/16,0:07:39,38DCH97KI0MZQFKO6Z6X3S2YHYYQJ8,FALSE
3030328,Delphinium_nuttallianum,8712459,302341,https://crowdcurio-experiment-images.s3.amazonaws.com/Delphinium_nuttallianum/images/Delphinium_nuttallianum.3030328.jpg,4,13,0,FALSE,2,9,A3BU69EKYL6SH3,11662,29.22,2024/4/16,0:06:50,38DCH97KI0MZQFKO6Z6X3S2YHYYQJ8,FALSE
3030323,Delphinium_nuttallianum,8712592,302336,https://crowdcurio-experiment-images.s3.amazonaws.com/Delphinium_nuttallianum/images/Delphinium_nuttallianum.3030323.jpg,1,7,8,FALSE,2,10,A3BU69EKYL6SH3,11662,30.27,2024/4/16,0:07:22,38DCH97KI0MZQFKO6Z6X3S2YHYYQJ8,FALSE
2818690,Delphinium_nuttallianum,8712706,302301,https://crowdcurio-experiment-images.s3.amazonaws.com/Delphinium_nuttallianum/images/Delphinium_nuttallianum.2818690.jpg,0,11,0,FALSE,3,1,A3BU69EKYL6SH3,11662,17.02,2024/4/16,0:07:55,38DCH97KI0MZQFKO6Z6X3S2YHYYQJ8,FALSE
1270465,Delphinium_nuttallianum,8712923,302065,https://crowdcurio-experiment-images.s3.amazonaws.com/Delphinium_nuttallianum/images/Delphinium_nuttallianum.1270465.jpg,0,9,0,FALSE,1,8,A2U7UDW9Y1WGWF,19116,66.6,2024/4/16,0:08:49,38DCH97KI0MZQFKO6Z6X3S2YHYYQJ8,FALSE
2822329,Delphinium_nuttallianum,8712805,302306,https://crowdcurio-experiment-images.s3.amazonaws.com/Delphinium_nuttallianum/images/Delphinium_nuttallianum.2822329.jpg,0,9,5,FALSE,3,2,A3BU69EKYL6SH3,11662,24.11,2024/4/16,0:08:20,38DCH97KI0MZQFKO6Z6X3S2YHYYQJ8,FALSE
2820561,Delphinium_nuttallianum,8713005,302303,https://crowdcurio-experiment-images.s3.amazonaws.com/Delphinium_nuttallianum/images/Delphinium_nuttallianum.2820561.jpg,8,12,0,FALSE,3,3,A3BU69EKYL6SH3,11662,49.95,2024/4/16,0:09:11,38DCH97KI0MZQFKO6Z6X3S2YHYYQJ8,FALSE
2864872,Delphinium_nuttallianum,8713093,302320,https://crowdcurio-experiment-images.s3.amazonaws.com/Delphinium_nuttallianum/images/Delphinium_nuttallianum.2864872.jpg,0,7,10,FALSE,6,5,A2VKCIFCUA58TQ,20566,64.99,2024/4/16,0:09:34,38DCH97KI0MZQFKO6Z6X3S2YHYYQJ8,FALSE
1270365,Delphinium_nuttallianum,8713067,302061,https://crowdcurio-experiment-images.s3.amazonaws.com/Delphinium_nuttallianum/images/Delphinium_nuttallianum.1270365.jpg,1,5,0,TRUE,1,9,A2U7UDW9Y1WGWF,19116,35.1,2024/4/16,0:09:27,38DCH97KI0MZQFKO6Z6X3S2YHYYQJ8,FALSE
2818247,Delphinium_nuttallianum,8713126,302300,https://crowdcurio-experiment-images.s3.amazonaws.com/Delphinium_nuttallianum/images/Delphinium_nuttallianum.2818247.jpg,0,10,4,FALSE,3,4,A3BU69EKYL6SH3,11662,33.13,2024/4/16,0:09:46,38DCH97KI0MZQFKO6Z6X3S2YHYYQJ8,FALSE
1270644,Delphinium_nuttallianum,8713411,302066,https://crowdcurio-experiment-images.s3.amazonaws.com/Delphinium_nuttallianum/images/Delphinium_nuttallianum.1270644.jpg,0,14,3,FALSE,1,10,A2U7UDW9Y1WGWF,19116,86.64,2024/4/16,0:10:58,38DCH97KI0MZQFKO6Z6X3S2YHYYQJ8,FALSE
2822329,Delphinium_nuttallianum,8713225,302306,https://crowdcurio-experiment-images.s3.amazonaws.com/Delphinium_nuttallianum/images/Delphinium_nuttallianum.2822329.jpg,0,9,5,TRUE,3,5,A3BU69EKYL6SH3,11662,22.55,2024/4/16,0:10:09,38DCH97KI0MZQFKO6Z6X3S2YHYYQJ8,FALSE
2883629,Delphinium_nuttallianum,8713426,302324,https://crowdcurio-experiment-images.s3.amazonaws.com/Delphinium_nuttallianum/images/Delphinium_nuttallianum.2883629.jpg,0,25,1,FALSE,6,6,A2VKCIFCUA58TQ,20566,87.06,2024/4/16,0:11:02,38DCH97KI0MZQFKO6Z6X3S2YHYYQJ8,FALSE
2822245,Delphinium_nuttallianum,8713396,302304,https://crowdcurio-experiment-images.s3.amazonaws.com/Delphinium_nuttallianum/images/Delphinium_nuttallianum.2822245.jpg,0,18,3,FALSE,3,6,A3BU69EKYL6SH3,11662,41.23,2024/4/16,0:10:52,38DCH97KI0MZQFKO6Z6X3S2YHYYQJ8,FALSE
2820166,Delphinium_nuttallianum,8713519,302302,https://crowdcurio-experiment-images.s3.amazonaws.com/Delphinium_nuttallianum/images/Delphinium_nuttallianum.2820166.jpg,4,17,1,FALSE,3,7,A3BU69EKYL6SH3,11662,41.03,2024/4/16,0:11:34,38DCH97KI0MZQFKO6Z6X3S2YHYYQJ8,FALSE
2883504,Delphinium_nuttallianum,8713682,302323,https://crowdcurio-experiment-images.s3.amazonaws.com/Delphinium_nuttallianum/images/Delphinium_nuttallianum.2883504.jpg,5,12,0,FALSE,6,7,A2VKCIFCUA58TQ,20566,82.74,2024/4/16,0:12:26,38DCH97KI0MZQFKO6Z6X3S2YHYYQJ8,FALSE
2815501,Delphinium_nuttallianum,8713782,302297,https://crowdcurio-experiment-images.s3.amazonaws.com/Delphinium_nuttallianum/images/Delphinium_nuttallianum.2815501.jpg,0,7,7,FALSE,2,1,A2U7UDW9Y1WGWF,19116,92.88,2024/4/16,0:12:55,38DCH97KI0MZQFKO6Z6X3S2YHYYQJ8,FALSE
2822281,Delphinium_nuttallianum,8713646,302305,https://crowdcurio-experiment-images.s3.amazonaws.com/Delphinium_nuttallianum/images/Delphinium_nuttallianum.2822281.jpg,9,9,0,FALSE,3,8,A3BU69EKYL6SH3,11662,37.08,2024/4/16,0:12:12,38DCH97KI0MZQFKO6Z6X3S2YHYYQJ8,FALSE
2815546,Delphinium_nuttallianum,8713788,302298,https://crowdcurio-experiment-images.s3.amazonaws.com/Delphinium_nuttallianum/images/Delphinium_nuttallianum.2815546.jpg,7,8,0,FALSE,3,9,A3BU69EKYL6SH3,11662,42.55,2024/4/16,0:12:56,38DCH97KI0MZQFKO6Z6X3S2YHYYQJ8,FALSE
2863069,Delphinium_nuttallianum,8713882,302317,https://crowdcurio-experiment-images.s3.amazonaws.com/Delphinium_nuttallianum/images/Delphinium_nuttallianum.2863069.jpg,0,10,0,FALSE,6,8,A2VKCIFCUA58TQ,20566,53.37,2024/4/16,0:13:21,38DCH97KI0MZQFKO6Z6X3S2YHYYQJ8,FALSE
2818245,Delphinium_nuttallianum,8714005,302299,https://crowdcurio-experiment-images.s3.amazonaws.com/Delphinium_nuttallianum/images/Delphinium_nuttallianum.2818245.jpg,14,17,0,FALSE,3,10,A3BU69EKYL6SH3,11662,56.48,2024/4/16,0:13:54,38DCH97KI0MZQFKO6Z6X3S2YHYYQJ8,FALSE
2814677,Delphinium_nuttallianum,8714316,302290,https://crowdcurio-experiment-images.s3.amazonaws.com/Delphinium_nuttallianum/images/Delphinium_nuttallianum.2814677.jpg,15,5,0,FALSE,2,2,A2U7UDW9Y1WGWF,19116,156.99,2024/4/16,0:15:34,38DCH97KI0MZQFKO6Z6X3S2YHYYQJ8,FALSE
2862463,Delphinium_nuttallianum,8714021,302316,https://crowdcurio-experiment-images.s3.amazonaws.com/Delphinium_nuttallianum/images/Delphinium_nuttallianum.2862463.jpg,0,17,0,TRUE,6,9,A2VKCIFCUA58TQ,20566,36.44,2024/4/16,0:13:58,38DCH97KI0MZQFKO6Z6X3S2YHYYQJ8,FALSE
2813510,Delphinium_nuttallianum,8715041,302282,https://crowdcurio-experiment-images.s3.amazonaws.com/Delphinium_nuttallianum/images/Delphinium_nuttallianum.2813510.jpg,5,11,23,FALSE,4,1,A3BU69EKYL6SH3,11662,548.74,2024/4/16,0:23:21,38DCH97KI0MZQFKO6Z6X3S2YHYYQJ8,FALSE
2863329,Delphinium_nuttallianum,8714327,302319,https://crowdcurio-experiment-images.s3.amazonaws.com/Delphinium_nuttallianum/images/Delphinium_nuttallianum.2863329.jpg,0,25,5,FALSE,6,10,A2VKCIFCUA58TQ,20566,99.88,2024/4/16,0:15:39,38DCH97KI0MZQFKO6Z6X3S2YHYYQJ8,FALSE
2815153,Delphinium_nuttallianum,8714480,302293,https://crowdcurio-experiment-images.s3.amazonaws.com/Delphinium_nuttallianum/images/Delphinium_nuttallianum.2815153.jpg,14,11,0,FALSE,2,3,A2U7UDW9Y1WGWF,19116,103.8,2024/4/16,0:17:23,38DCH97KI0MZQFKO6Z6X3S2YHYYQJ8,FALSE
2815154,Delphinium_nuttallianum,8714593,302294,https://crowdcurio-experiment-images.s3.amazonaws.com/Delphinium_nuttallianum/images/Delphinium_nuttallianum.2815154.jpg,1,11,0,FALSE,2,4,A2U7UDW9Y1WGWF,19116,77.75,2024/4/16,0:18:44,38DCH97KI0MZQFKO6Z6X3S2YHYYQJ8,FALSE
2815420,Delphinium_nuttallianum,8714723,302296,https://crowdcurio-experiment-images.s3.amazonaws.com/Delphinium_nuttallianum/images/Delphinium_nuttallianum.2815420.jpg,2,3,0,FALSE,2,5,A2U7UDW9Y1WGWF,19116,63.01,2024/4/16,0:19:50,38DCH97KI0MZQFKO6Z6X3S2YHYYQJ8,FALSE
1771641,Delphinium_nuttallianum,8714778,302276,https://crowdcurio-experiment-images.s3.amazonaws.com/Delphinium_nuttallianum/images/Delphinium_nuttallianum.1771641.jpg,0,17,5,FALSE,1,1,A1OIBI3PWS4R5K,676,105.94,2024/4/16,0:20:28,38DCH97KI0MZQFKO6Z6X3S2YHYYQJ8,FALSE
2815398,Delphinium_nuttallianum,8714913,302295,https://crowdcurio-experiment-images.s3.amazonaws.com/Delphinium_nuttallianum/images/Delphinium_nuttallianum.2815398.jpg,1,7,3,FALSE,2,6,A2U7UDW9Y1WGWF,19116,116.04,2024/4/16,0:21:48,38DCH97KI0MZQFKO6Z6X3S2YHYYQJ8,FALSE
1769554,Delphinium_nuttallianum,8714867,302274,https://crowdcurio-experiment-images.s3.amazonaws.com/Delphinium_nuttallianum/images/Delphinium_nuttallianum.1769554.jpg,0,13,1,FALSE,1,2,A1OIBI3PWS4R5K,676,46.61,2024/4/16,0:21:19,38DCH97KI0MZQFKO6Z6X3S2YHYYQJ8,FALSE
1770832,Delphinium_nuttallianum,8714938,302275,https://crowdcurio-experiment-images.s3.amazonaws.com/Delphinium_nuttallianum/images/Delphinium_nuttallianum.1770832.jpg,0,16,0,FALSE,1,3,A1OIBI3PWS4R5K,676,43.32,2024/4/16,0:22:04,38DCH97KI0MZQFKO6Z6X3S2YHYYQJ8,FALSE
2814833,Delphinium_nuttallianum,8715019,302291,https://crowdcurio-experiment-images.s3.amazonaws.com/Delphinium_nuttallianum/images/Delphinium_nuttallianum.2814833.jpg,5,3,1,FALSE,2,7,A2U7UDW9Y1WGWF,19116,72.9,2024/4/16,0:23:04,38DCH97KI0MZQFKO6Z6X3S2YHYYQJ8,FALSE
1771641,Delphinium_nuttallianum,8715000,302276,https://crowdcurio-experiment-images.s3.amazonaws.com/Delphinium_nuttallianum/images/Delphinium_nuttallianum.1771641.jpg,0,15,4,TRUE,1,4,A1OIBI3PWS4R5K,676,41.75,2024/4/16,0:22:46,38DCH97KI0MZQFKO6Z6X3S2YHYYQJ8,FALSE
1766949,Delphinium_nuttallianum,8715107,302272,https://crowdcurio-experiment-images.s3.amazonaws.com/Delphinium_nuttallianum/images/Delphinium_nuttallianum.1766949.jpg,0,22,4,FALSE,1,5,A1OIBI3PWS4R5K,676,72.29,2024/4/16,0:24:00,38DCH97KI0MZQFKO6Z6X3S2YHYYQJ8,FALSE
2813616,Delphinium_nuttallianum,8715128,302283,https://crowdcurio-experiment-images.s3.amazonaws.com/Delphinium_nuttallianum/images/Delphinium_nuttallianum.2813616.jpg,1,16,0,FALSE,4,2,A3BU69EKYL6SH3,11662,47.86,2024/4/16,0:24:10,38DCH97KI0MZQFKO6Z6X3S2YHYYQJ8,FALSE
2814861,Delphinium_nuttallianum,8715282,302292,https://crowdcurio-experiment-images.s3.amazonaws.com/Delphinium_nuttallianum/images/Delphinium_nuttallianum.2814861.jpg,14,33,3,FALSE,2,8,A2U7UDW9Y1WGWF,19116,139.14,2024/4/16,0:25:26,38DCH97KI0MZQFKO6Z6X3S2YHYYQJ8,FALSE
1752022,Delphinium_nuttallianum,8715190,302271,https://crowdcurio-experiment-images.s3.amazonaws.com/Delphinium_nuttallianum/images/Delphinium_nuttallianum.1752022.jpg,0,12,1,FALSE,1,6,A1OIBI3PWS4R5K,676,35.88,2024/4/16,0:24:37,38DCH97KI0MZQFKO6Z6X3S2YHYYQJ8,FALSE
2814607,Delphinium_nuttallianum,8715224,302288,https://crowdcurio-experiment-images.s3.amazonaws.com/Delphinium_nuttallianum/images/Delphinium_nuttallianum.2814607.jpg,0,20,9,FALSE,4,3,A3BU69EKYL6SH3,11662,44.31,2024/4/16,0:24:56,38DCH97KI0MZQFKO6Z6X3S2YHYYQJ8,FALSE
1772952,Delphinium_nuttallianum,8715312,302278,https://crowdcurio-experiment-images.s3.amazonaws.com/Delphinium_nuttallianum/images/Delphinium_nuttallianum.1772952.jpg,1,14,6,FALSE,1,7,A1OIBI3PWS4R5K,676,67.18,2024/4/16,0:25:46,38DCH97KI0MZQFKO6Z6X3S2YHYYQJ8,FALSE
1776598,Delphinium_nuttallianum,8715292,302280,https://crowdcurio-experiment-images.s3.amazonaws.com/Delphinium_nuttallianum/images/Delphinium_nuttallianum.1776598.jpg,1,14,0,FALSE,4,4,A3BU69EKYL6SH3,11662,40.16,2024/4/16,0:25:37,38DCH97KI0MZQFKO6Z6X3S2YHYYQJ8,FALSE
2815154,Delphinium_nuttallianum,8715372,302294,https://crowdcurio-experiment-images.s3.amazonaws.com/Delphinium_nuttallianum/images/Delphinium_nuttallianum.2815154.jpg,1,11,0,TRUE,2,9,A2U7UDW9Y1WGWF,19116,45.63,2024/4/16,0:26:14,38DCH97KI0MZQFKO6Z6X3S2YHYYQJ8,FALSE
2814417,Delphinium_nuttallianum,8715338,302285,https://crowdcurio-experiment-images.s3.amazonaws.com/Delphinium_nuttallianum/images/Delphinium_nuttallianum.2814417.jpg,0,5,2,FALSE,4,5,A3BU69EKYL6SH3,11662,17.74,2024/4/16,0:25:56,38DCH97KI0MZQFKO6Z6X3S2YHYYQJ8,FALSE
1769046,Delphinium_nuttallianum,8715396,302273,https://crowdcurio-experiment-images.s3.amazonaws.com/Delphinium_nuttallianum/images/Delphinium_nuttallianum.1769046.jpg,0,8,13,FALSE,1,8,A1OIBI3PWS4R5K,676,46.08,2024/4/16,0:26:33,38DCH97KI0MZQFKO6Z6X3S2YHYYQJ8,FALSE
2811490,Delphinium_nuttallianum,8715371,302281,https://crowdcurio-experiment-images.s3.amazonaws.com/Delphinium_nuttallianum/images/Delphinium_nuttallianum.2811490.jpg,0,6,0,FALSE,4,6,A3BU69EKYL6SH3,11662,14.89,2024/4/16,0:26:12,38DCH97KI0MZQFKO6Z6X3S2YHYYQJ8,FALSE
2814418,Delphinium_nuttallianum,8715420,302286,https://crowdcurio-experiment-images.s3.amazonaws.com/Delphinium_nuttallianum/images/Delphinium_nuttallianum.2814418.jpg,0,13,6,FALSE,4,7,A3BU69EKYL6SH3,11662,38.36,2024/4/16,0:26:52,38DCH97KI0MZQFKO6Z6X3S2YHYYQJ8,FALSE
1773136,Delphinium_nuttallianum,8715419,302279,https://crowdcurio-experiment-images.s3.amazonaws.com/Delphinium_nuttallianum/images/Delphinium_nuttallianum.1773136.jpg,0,2,5,FALSE,1,9,A1OIBI3PWS4R5K,676,16.34,2024/4/16,0:26:51,38DCH97KI0MZQFKO6Z6X3S2YHYYQJ8,FALSE
1772013,Delphinium_nuttallianum,8715469,302277,https://crowdcurio-experiment-images.s3.amazonaws.com/Delphinium_nuttallianum/images/Delphinium_nuttallianum.1772013.jpg,1,10,3,FALSE,1,10,A1OIBI3PWS4R5K,676,37.44,2024/4/16,0:27:30,38DCH97KI0MZQFKO6Z6X3S2YHYYQJ8,FALSE
2813879,Delphinium_nuttallianum,8715470,302284,https://crowdcurio-experiment-images.s3.amazonaws.com/Delphinium_nuttallianum/images/Delphinium_nuttallianum.2813879.jpg,5,8,2,FALSE,4,8,A3BU69EKYL6SH3,11662,37.28,2024/4/16,0:27:30,38DCH97KI0MZQFKO6Z6X3S2YHYYQJ8,FALSE
1144545,Delphinium_nuttallianum,8715524,302039,https://crowdcurio-experiment-images.s3.amazonaws.com/Delphinium_nuttallianum/images/Delphinium_nuttallianum.1144545.jpg,0,10,10,FALSE,2,1,A1OIBI3PWS4R5K,676,36.72,2024/4/16,0:28:24,38DCH97KI0MZQFKO6Z6X3S2YHYYQJ8,FALSE
2814606,Delphinium_nuttallianum,8715550,302287,https://crowdcurio-experiment-images.s3.amazonaws.com/Delphinium_nuttallianum/images/Delphinium_nuttallianum.2814606.jpg,0,8,6,FALSE,4,9,A3BU69EKYL6SH3,11662,79.14,2024/4/16,0:28:50,38DCH97KI0MZQFKO6Z6X3S2YHYYQJ8,FALSE
2814417,Delphinium_nuttallianum,8715576,302285,https://crowdcurio-experiment-images.s3.amazonaws.com/Delphinium_nuttallianum/images/Delphinium_nuttallianum.2814417.jpg,0,5,2,TRUE,4,10,A3BU69EKYL6SH3,11662,12.97,2024/4/16,0:29:04,38DCH97KI0MZQFKO6Z6X3S2YHYYQJ8,FALSE
2814673,Delphinium_nuttallianum,8715750,302289,https://crowdcurio-experiment-images.s3.amazonaws.com/Delphinium_nuttallianum/images/Delphinium_nuttallianum.2814673.jpg,10,13,1,FALSE,2,10,A2U7UDW9Y1WGWF,19116,263.69,2024/4/16,0:30:43,38DCH97KI0MZQFKO6Z6X3S2YHYYQJ8,FALSE
1140854,Delphinium_nuttallianum,8715707,302037,https://crowdcurio-experiment-images.s3.amazonaws.com/Delphinium_nuttallianum/images/Delphinium_nuttallianum.1140854.jpg,6,30,0,FALSE,2,2,A1OIBI3PWS4R5K,676,112.8,2024/4/16,0:30:18,38DCH97KI0MZQFKO6Z6X3S2YHYYQJ8,FALSE
1133230,Delphinium_nuttallianum,8715696,302026,https://crowdcurio-experiment-images.s3.amazonaws.com/Delphinium_nuttallianum/images/Delphinium_nuttallianum.1133230.jpg,3,11,2,FALSE,5,1,A3BU69EKYL6SH3,11662,44.27,2024/4/16,0:30:07,38DCH97KI0MZQFKO6Z6X3S2YHYYQJ8,FALSE
1163632,Delphinium_nuttallianum,8715630,302042,https://crowdcurio-experiment-images.s3.amazonaws.com/Delphinium_nuttallianum/images/Delphinium_nuttallianum.1163632.jpg,0,5,0,FALSE,1,1,A14RJLKDHBNCM9,19797,13.26,2024/4/16,0:29:40,38DCH97KI0MZQFKO6Z6X3S2YHYYQJ8,FALSE
1715904,Delphinium_nuttallianum,8715667,302261,https://crowdcurio-experiment-images.s3.amazonaws.com/Delphinium_nuttallianum/images/Delphinium_nuttallianum.1715904.jpg,0,6,0,FALSE,1,2,A14RJLKDHBNCM9,19797,11.97,2024/4/16,0:29:54,38DCH97KI0MZQFKO6Z6X3S2YHYYQJ8,FALSE
1148353,Delphinium_nuttallianum,8715688,302041,https://crowdcurio-experiment-images.s3.amazonaws.com/Delphinium_nuttallianum/images/Delphinium_nuttallianum.1148353.jpg,0,2,0,FALSE,1,3,A14RJLKDHBNCM9,19797,8.61,2024/4/16,0:30:04,38DCH97KI0MZQFKO6Z6X3S2YHYYQJ8,FALSE
1700503,Delphinium_nuttallianum,8715700,302259,https://crowdcurio-experiment-images.s3.amazonaws.com/Delphinium_nuttallianum/images/Delphinium_nuttallianum.1700503.jpg,0,2,0,FALSE,1,4,A14RJLKDHBNCM9,19797,7.29,2024/4/16,0:30:13,38DCH97KI0MZQFKO6Z6X3S2YHYYQJ8,FALSE
1131459,Delphinium_nuttallianum,8715727,302023,https://crowdcurio-experiment-images.s3.amazonaws.com/Delphinium_nuttallianum/images/Delphinium_nuttallianum.1131459.jpg,0,4,4,FALSE,5,2,A3BU69EKYL6SH3,11662,23.68,2024/4/16,0:30:32,38DCH97KI0MZQFKO6Z6X3S2YHYYQJ8,FALSE
1185627,Delphinium_nuttallianum,8715711,302045,https://crowdcurio-experiment-images.s3.amazonaws.com/Delphinium_nuttallianum/images/Delphinium_nuttallianum.1185627.jpg,0,1,0,FALSE,1,5,A14RJLKDHBNCM9,19797,5.86,2024/4/16,0:30:20,38DCH97KI0MZQFKO6Z6X3S2YHYYQJ8,FALSE
1181966,Delphinium_nuttallianum,8715725,302044,https://crowdcurio-experiment-images.s3.amazonaws.com/Delphinium_nuttallianum/images/Delphinium_nuttallianum.1181966.jpg,0,2,0,FALSE,1,6,A14RJLKDHBNCM9,19797,7.93,2024/4/16,0:30:29,38DCH97KI0MZQFKO6Z6X3S2YHYYQJ8,FALSE
1166229,Delphinium_nuttallianum,8715748,302043,https://crowdcurio-experiment-images.s3.amazonaws.com/Delphinium_nuttallianum/images/Delphinium_nuttallianum.1166229.jpg,0,4,0,FALSE,1,7,A14RJLKDHBNCM9,19797,11.88,2024/4/16,0:30:43,38DCH97KI0MZQFKO6Z6X3S2YHYYQJ8,FALSE
1133615,Delphinium_nuttallianum,8715757,302028,https://crowdcurio-experiment-images.s3.amazonaws.com/Delphinium_nuttallianum/images/Delphinium_nuttallianum.1133615.jpg,0,5,1,FALSE,5,3,A3BU69EKYL6SH3,11662,17.31,2024/4/16,0:30:51,38DCH97KI0MZQFKO6Z6X3S2YHYYQJ8,FALSE
1711094,Delphinium_nuttallianum,8715762,302260,https://crowdcurio-experiment-images.s3.amazonaws.com/Delphinium_nuttallianum/images/Delphinium_nuttallianum.1711094.jpg,0,5,0,FALSE,1,8,A14RJLKDHBNCM9,19797,9.92,2024/4/16,0:30:54,38DCH97KI0MZQFKO6Z6X3S2YHYYQJ8,FALSE
1132143,Delphinium_nuttallianum,8715775,302024,https://crowdcurio-experiment-images.s3.amazonaws.com/Delphinium_nuttallianum/images/Delphinium_nuttallianum.1132143.jpg,0,6,0,FALSE,5,4,A3BU69EKYL6SH3,11662,11.24,2024/4/16,0:31:03,38DCH97KI0MZQFKO6Z6X3S2YHYYQJ8,FALSE
1187980,Delphinium_nuttallianum,8715778,302046,https://crowdcurio-experiment-images.s3.amazonaws.com/Delphinium_nuttallianum/images/Delphinium_nuttallianum.1187980.jpg,0,5,0,FALSE,1,9,A14RJLKDHBNCM9,19797,9.23,2024/4/16,0:31:05,38DCH97KI0MZQFKO6Z6X3S2YHYYQJ8,FALSE
1133557,Delphinium_nuttallianum,8715825,302027,https://crowdcurio-experiment-images.s3.amazonaws.com/Delphinium_nuttallianum/images/Delphinium_nuttallianum.1133557.jpg,0,10,4,FALSE,5,5,A3BU69EKYL6SH3,11662,34.39,2024/4/16,0:31:38,38DCH97KI0MZQFKO6Z6X3S2YHYYQJ8,FALSE
1711094,Delphinium_nuttallianum,8715798,302260,https://crowdcurio-experiment-images.s3.amazonaws.com/Delphinium_nuttallianum/images/Delphinium_nuttallianum.1711094.jpg,0,4,0,TRUE,1,10,A14RJLKDHBNCM9,19797,10.2,2024/4/16,0:31:16,38DCH97KI0MZQFKO6Z6X3S2YHYYQJ8,FALSE
529882,Delphinium_nuttallianum,8715821,302018,https://crowdcurio-experiment-images.s3.amazonaws.com/Delphinium_nuttallianum/images/Delphinium_nuttallianum.529882.jpg,0,5,0,FALSE,2,1,A14RJLKDHBNCM9,19797,10.37,2024/4/16,0:31:36,38DCH97KI0MZQFKO6Z6X3S2YHYYQJ8,FALSE
1134438,Delphinium_nuttallianum,8715885,302032,https://crowdcurio-experiment-images.s3.amazonaws.com/Delphinium_nuttallianum/images/Delphinium_nuttallianum.1134438.jpg,0,9,2,FALSE,2,3,A1OIBI3PWS4R5K,676,108.31,2024/4/16,0:32:07,38DCH97KI0MZQFKO6Z6X3S2YHYYQJ8,FALSE
1129893,Delphinium_nuttallianum,8715846,302022,https://crowdcurio-experiment-images.s3.amazonaws.com/Delphinium_nuttallianum/images/Delphinium_nuttallianum.1129893.jpg,0,5,0,FALSE,2,2,A14RJLKDHBNCM9,19797,10.53,2024/4/16,0:31:48,38DCH97KI0MZQFKO6Z6X3S2YHYYQJ8,FALSE
1133779,Delphinium_nuttallianum,8715907,302029,https://crowdcurio-experiment-images.s3.amazonaws.com/Delphinium_nuttallianum/images/Delphinium_nuttallianum.1133779.jpg,3,13,3,FALSE,5,6,A3BU69EKYL6SH3,11662,39.33,2024/4/16,0:32:19,38DCH97KI0MZQFKO6Z6X3S2YHYYQJ8,FALSE
529696,Delphinium_nuttallianum,8715864,302017,https://crowdcurio-experiment-images.s3.amazonaws.com/Delphinium_nuttallianum/images/Delphinium_nuttallianum.529696.jpg,0,2,0,FALSE,2,3,A14RJLKDHBNCM9,19797,7.58,2024/4/16,0:31:57,38DCH97KI0MZQFKO6Z6X3S2YHYYQJ8,FALSE
527832,Delphinium_nuttallianum,8715884,302016,https://crowdcurio-experiment-images.s3.amazonaws.com/Delphinium_nuttallianum/images/Delphinium_nuttallianum.527832.jpg,0,2,0,FALSE,2,4,A14RJLKDHBNCM9,19797,8.4,2024/4/16,0:32:07,38DCH97KI0MZQFKO6Z6X3S2YHYYQJ8,FALSE
1137190,Delphinium_nuttallianum,8715929,302036,https://crowdcurio-experiment-images.s3.amazonaws.com/Delphinium_nuttallianum/images/Delphinium_nuttallianum.1137190.jpg,0,6,4,FALSE,2,4,A1OIBI3PWS4R5K,676,26.27,2024/4/16,0:32:34,38DCH97KI0MZQFKO6Z6X3S2YHYYQJ8,FALSE
524895,Delphinium_nuttallianum,8715909,302014,https://crowdcurio-experiment-images.s3.amazonaws.com/Delphinium_nuttallianum/images/Delphinium_nuttallianum.524895.jpg,0,6,0,FALSE,2,5,A14RJLKDHBNCM9,19797,11.27,2024/4/16,0:32:20,38DCH97KI0MZQFKO6Z6X3S2YHYYQJ8,FALSE
1132641,Delphinium_nuttallianum,8715950,302025,https://crowdcurio-experiment-images.s3.amazonaws.com/Delphinium_nuttallianum/images/Delphinium_nuttallianum.1132641.jpg,4,5,0,FALSE,5,7,A3BU69EKYL6SH3,11662,22.41,2024/4/16,0:32:43,38DCH97KI0MZQFKO6Z6X3S2YHYYQJ8,FALSE
531236,Delphinium_nuttallianum,8715952,302020,https://crowdcurio-experiment-images.s3.amazonaws.com/Delphinium_nuttallianum/images/Delphinium_nuttallianum.531236.jpg,0,5,0,FALSE,2,6,A14RJLKDHBNCM9,19797,22.32,2024/4/16,0:32:44,38DCH97KI0MZQFKO6Z6X3S2YHYYQJ8,FALSE
1142748,Delphinium_nuttallianum,8715986,302038,https://crowdcurio-experiment-images.s3.amazonaws.com/Delphinium_nuttallianum/images/Delphinium_nuttallianum.1142748.jpg,0,11,0,FALSE,2,5,A1OIBI3PWS4R5K,676,30.91,2024/4/16,0:33:07,38DCH97KI0MZQFKO6Z6X3S2YHYYQJ8,FALSE
1134041,Delphinium_nuttallianum,8716004,302031,https://crowdcurio-experiment-images.s3.amazonaws.com/Delphinium_nuttallianum/images/Delphinium_nuttallianum.1134041.jpg,2,9,2,FALSE,5,8,A3BU69EKYL6SH3,11662,31.22,2024/4/16,0:33:16,38DCH97KI0MZQFKO6Z6X3S2YHYYQJ8,FALSE
530454,Delphinium_nuttallianum,8715968,302019,https://crowdcurio-experiment-images.s3.amazonaws.com/Delphinium_nuttallianum/images/Delphinium_nuttallianum.530454.jpg,0,1,0,FALSE,2,7,A14RJLKDHBNCM9,19797,6.68,2024/4/16,0:32:52,38DCH97KI0MZQFKO6Z6X3S2YHYYQJ8,FALSE
1129690,Delphinium_nuttallianum,8715979,302021,https://crowdcurio-experiment-images.s3.amazonaws.com/Delphinium_nuttallianum/images/Delphinium_nuttallianum.1129690.jpg,0,2,0,FALSE,2,8,A14RJLKDHBNCM9,19797,6.08,2024/4/16,0:32:59,38DCH97KI0MZQFKO6Z6X3S2YHYYQJ8,FALSE
527832,Delphinium_nuttallianum,8715988,302016,https://crowdcurio-experiment-images.s3.amazonaws.com/Delphinium_nuttallianum/images/Delphinium_nuttallianum.527832.jpg,0,1,0,TRUE,2,9,A14RJLKDHBNCM9,19797,6.9,2024/4/16,0:33:07,38DCH97KI0MZQFKO6Z6X3S2YHYYQJ8,FALSE
525212,Delphinium_nuttallianum,8716005,302015,https://crowdcurio-experiment-images.s3.amazonaws.com/Delphinium_nuttallianum/images/Delphinium_nuttallianum.525212.jpg,0,2,0,FALSE,2,10,A14RJLKDHBNCM9,19797,6.95,2024/4/16,0:33:16,38DCH97KI0MZQFKO6Z6X3S2YHYYQJ8,FALSE
1134438,Delphinium_nuttallianum,8716049,302032,https://crowdcurio-experiment-images.s3.amazonaws.com/Delphinium_nuttallianum/images/Delphinium_nuttallianum.1134438.jpg,0,8,2,TRUE,2,6,A1OIBI3PWS4R5K,676,32.98,2024/4/16,0:33:41,38DCH97KI0MZQFKO6Z6X3S2YHYYQJ8,FALSE
1133961,Delphinium_nuttallianum,8716050,302030,https://crowdcurio-experiment-images.s3.amazonaws.com/Delphinium_nuttallianum/images/Delphinium_nuttallianum.1133961.jpg,1,6,1,FALSE,5,9,A3BU69EKYL6SH3,11662,23.16,2024/4/16,0:33:41,38DCH97KI0MZQFKO6Z6X3S2YHYYQJ8,FALSE
1134041,Delphinium_nuttallianum,8716082,302031,https://crowdcurio-experiment-images.s3.amazonaws.com/Delphinium_nuttallianum/images/Delphinium_nuttallianum.1134041.jpg,2,8,0,TRUE,5,10,A3BU69EKYL6SH3,11662,16.4,2024/4/16,0:33:58,38DCH97KI0MZQFKO6Z6X3S2YHYYQJ8,FALSE
1136492,Delphinium_nuttallianum,8716165,302035,https://crowdcurio-experiment-images.s3.amazonaws.com/Delphinium_nuttallianum/images/Delphinium_nuttallianum.1136492.jpg,0,9,5,FALSE,2,7,A1OIBI3PWS4R5K,676,75.8,2024/4/16,0:34:58,38DCH97KI0MZQFKO6Z6X3S2YHYYQJ8,FALSE
1135587,Delphinium_nuttallianum,8716418,302033,https://crowdcurio-experiment-images.s3.amazonaws.com/Delphinium_nuttallianum/images/Delphinium_nuttallianum.1135587.jpg,1,7,6,FALSE,2,8,A1OIBI3PWS4R5K,676,135.47,2024/4/16,0:37:14,38DCH97KI0MZQFKO6Z6X3S2YHYYQJ8,FALSE
1135809,Delphinium_nuttallianum,8716501,302034,https://crowdcurio-experiment-images.s3.amazonaws.com/Delphinium_nuttallianum/images/Delphinium_nuttallianum.1135809.jpg,0,12,3,FALSE,2,9,A1OIBI3PWS4R5K,676,32.73,2024/4/16,0:37:49,38DCH97KI0MZQFKO6Z6X3S2YHYYQJ8,FALSE
1144667,Delphinium_nuttallianum,8716559,302040,https://crowdcurio-experiment-images.s3.amazonaws.com/Delphinium_nuttallianum/images/Delphinium_nuttallianum.1144667.jpg,0,11,1,FALSE,2,10,A1OIBI3PWS4R5K,676,44.39,2024/4/16,0:38:34,38DCH97KI0MZQFKO6Z6X3S2YHYYQJ8,FALSE
520131,Delphinium_nuttallianum,8716607,302001,https://crowdcurio-experiment-images.s3.amazonaws.com/Delphinium_nuttallianum/images/Delphinium_nuttallianum.520131.jpg,1,4,1,FALSE,6,1,A3BU69EKYL6SH3,11662,288.31,2024/4/16,0:39:01,38DCH97KI0MZQFKO6Z6X3S2YHYYQJ8,FALSE
517312,Delphinium_nuttallianum,8716655,301994,https://crowdcurio-experiment-images.s3.amazonaws.com/Delphinium_nuttallianum/images/Delphinium_nuttallianum.517312.jpg,0,9,10,FALSE,3,1,A1OIBI3PWS4R5K,676,28.07,2024/4/16,0:39:19,38DCH97KI0MZQFKO6Z6X3S2YHYYQJ8,FALSE
519574,Delphinium_nuttallianum,8716647,301998,https://crowdcurio-experiment-images.s3.amazonaws.com/Delphinium_nuttallianum/images/Delphinium_nuttallianum.519574.jpg,1,4,0,FALSE,6,2,A3BU69EKYL6SH3,11662,13.52,2024/4/16,0:39:15,38DCH97KI0MZQFKO6Z6X3S2YHYYQJ8,FALSE
519294,Delphinium_nuttallianum,8716693,301996,https://crowdcurio-experiment-images.s3.amazonaws.com/Delphinium_nuttallianum/images/Delphinium_nuttallianum.519294.jpg,2,5,0,FALSE,6,3,A3BU69EKYL6SH3,11662,15.85,2024/4/16,0:39:32,38DCH97KI0MZQFKO6Z6X3S2YHYYQJ8,FALSE
519389,Delphinium_nuttallianum,8716767,301997,https://crowdcurio-experiment-images.s3.amazonaws.com/Delphinium_nuttallianum/images/Delphinium_nuttallianum.519389.jpg,0,11,1,FALSE,6,4,A3BU69EKYL6SH3,11662,25.39,2024/4/16,0:39:59,38DCH97KI0MZQFKO6Z6X3S2YHYYQJ8,FALSE
520246,Delphinium_nuttallianum,8716870,302003,https://crowdcurio-experiment-images.s3.amazonaws.com/Delphinium_nuttallianum/images/Delphinium_nuttallianum.520246.jpg,8,10,0,FALSE,6,5,A3BU69EKYL6SH3,11662,33.68,2024/4/16,0:40:34,38DCH97KI0MZQFKO6Z6X3S2YHYYQJ8,FALSE
2885317,Delphinium_nuttallianum,8716953,302329,https://crowdcurio-experiment-images.s3.amazonaws.com/Delphinium_nuttallianum/images/Delphinium_nuttallianum.2885317.jpg,12,19,3,FALSE,1,3,AR7WOIN8DFX24,21179,61.13,2024/4/16,0:41:03,38DCH97KI0MZQFKO6Z6X3S2YHYYQJ8,FALSE
519999,Delphinium_nuttallianum,8716923,301999,https://crowdcurio-experiment-images.s3.amazonaws.com/Delphinium_nuttallianum/images/Delphinium_nuttallianum.519999.jpg,0,5,1,FALSE,6,6,A3BU69EKYL6SH3,11662,15.4,2024/4/16,0:40:51,38DCH97KI0MZQFKO6Z6X3S2YHYYQJ8,FALSE
516581,Delphinium_nuttallianum,8717008,301993,https://crowdcurio-experiment-images.s3.amazonaws.com/Delphinium_nuttallianum/images/Delphinium_nuttallianum.516581.jpg,2,21,5,FALSE,3,2,A1OIBI3PWS4R5K,676,127.37,2024/4/16,0:41:27,38DCH97KI0MZQFKO6Z6X3S2YHYYQJ8,FALSE
520245,Delphinium_nuttallianum,8716972,302002,https://crowdcurio-experiment-images.s3.amazonaws.com/Delphinium_nuttallianum/images/Delphinium_nuttallianum.520245.jpg,0,8,1,FALSE,6,7,A3BU69EKYL6SH3,11662,17.02,2024/4/16,0:41:10,38DCH97KI0MZQFKO6Z6X3S2YHYYQJ8,FALSE
519389,Delphinium_nuttallianum,8717031,301997,https://crowdcurio-experiment-images.s3.amazonaws.com/Delphinium_nuttallianum/images/Delphinium_nuttallianum.519389.jpg,0,11,1,TRUE,6,8,A3BU69EKYL6SH3,11662,30.35,2024/4/16,0:41:41,38DCH97KI0MZQFKO6Z6X3S2YHYYQJ8,FALSE
2883690,Delphinium_nuttallianum,8717026,302325,https://crowdcurio-experiment-images.s3.amazonaws.com/Delphinium_nuttallianum/images/Delphinium_nuttallianum.2883690.jpg,2,6,0,FALSE,1,4,AR7WOIN8DFX24,21179,29.77,2024/4/16,0:41:39,38DCH97KI0MZQFKO6Z6X3S2YHYYQJ8,FALSE
2885533,Delphinium_nuttallianum,8717090,302330,https://crowdcurio-experiment-images.s3.amazonaws.com/Delphinium_nuttallianum/images/Delphinium_nuttallianum.2885533.jpg,0,12,4,TRUE,1,5,AR7WOIN8DFX24,21179,28.74,2024/4/16,0:42:09,38DCH97KI0MZQFKO6Z6X3S2YHYYQJ8,FALSE
520250,Delphinium_nuttallianum,8717122,302004,https://crowdcurio-experiment-images.s3.amazonaws.com/Delphinium_nuttallianum/images/Delphinium_nuttallianum.520250.jpg,11,5,0,FALSE,6,9,A3BU69EKYL6SH3,11662,44.31,2024/4/16,0:42:27,38DCH97KI0MZQFKO6Z6X3S2YHYYQJ8,FALSE
3015963,Delphinium_nuttallianum,8717165,302333,https://crowdcurio-experiment-images.s3.amazonaws.com/Delphinium_nuttallianum/images/Delphinium_nuttallianum.3015963.jpg,0,5,2,FALSE,1,6,AR7WOIN8DFX24,21179,30.39,2024/4/16,0:42:45,38DCH97KI0MZQFKO6Z6X3S2YHYYQJ8,FALSE
520042,Delphinium_nuttallianum,8717169,302000,https://crowdcurio-experiment-images.s3.amazonaws.com/Delphinium_nuttallianum/images/Delphinium_nuttallianum.520042.jpg,0,11,0,FALSE,6,10,A3BU69EKYL6SH3,11662,18.99,2024/4/16,0:42:47,38DCH97KI0MZQFKO6Z6X3S2YHYYQJ8,FALSE
517386,Delphinium_nuttallianum,8717184,301995,https://crowdcurio-experiment-images.s3.amazonaws.com/Delphinium_nuttallianum/images/Delphinium_nuttallianum.517386.jpg,8,7,0,FALSE,3,3,A1OIBI3PWS4R5K,676,90.42,2024/4/16,0:42:59,38DCH97KI0MZQFKO6Z6X3S2YHYYQJ8,FALSE
3015962,Delphinium_nuttallianum,8717255,302332,https://crowdcurio-experiment-images.s3.amazonaws.com/Delphinium_nuttallianum/images/Delphinium_nuttallianum.3015962.jpg,9,5,0,FALSE,1,7,AR7WOIN8DFX24,21179,31.01,2024/4/16,0:43:22,38DCH97KI0MZQFKO6Z6X3S2YHYYQJ8,FALSE
507788,Delphinium_nuttallianum,8717329,301987,https://crowdcurio-experiment-images.s3.amazonaws.com/Delphinium_nuttallianum/images/Delphinium_nuttallianum.507788.jpg,0,24,10,FALSE,3,4,A1OIBI3PWS4R5K,676,52.23,2024/4/16,0:43:52,38DCH97KI0MZQFKO6Z6X3S2YHYYQJ8,FALSE
507748,Delphinium_nuttallianum,8717251,301972,https://crowdcurio-experiment-images.s3.amazonaws.com/Delphinium_nuttallianum/images/Delphinium_nuttallianum.507748.jpg,1,7,0,FALSE,7,1,A3BU69EKYL6SH3,11662,19.61,2024/4/16,0:43:21,38DCH97KI0MZQFKO6Z6X3S2YHYYQJ8,FALSE
507745,Delphinium_nuttallianum,8717394,301969,https://crowdcurio-experiment-images.s3.amazonaws.com/Delphinium_nuttallianum/images/Delphinium_nuttallianum.507745.jpg,10,21,0,FALSE,7,2,A3BU69EKYL6SH3,11662,51.15,2024/4/16,0:44:14,38DCH97KI0MZQFKO6Z6X3S2YHYYQJ8,FALSE
2884992,Delphinium_nuttallianum,8717398,302328,https://crowdcurio-experiment-images.s3.amazonaws.com/Delphinium_nuttallianum/images/Delphinium_nuttallianum.2884992.jpg,12,13,0,FALSE,1,8,AR7WOIN8DFX24,21179,47.2,2024/4/16,0:44:16,38DCH97KI0MZQFKO6Z6X3S2YHYYQJ8,FALSE
517312,Delphinium_nuttallianum,8717399,301994,https://crowdcurio-experiment-images.s3.amazonaws.com/Delphinium_nuttallianum/images/Delphinium_nuttallianum.517312.jpg,0,8,9,TRUE,3,5,A1OIBI3PWS4R5K,676,24.77,2024/4/16,0:44:18,38DCH97KI0MZQFKO6Z6X3S2YHYYQJ8,FALSE
521907,Delphinium_nuttallianum,8717484,302009,https://crowdcurio-experiment-images.s3.amazonaws.com/Delphinium_nuttallianum/images/Delphinium_nuttallianum.521907.jpg,0,3,3,FALSE,1,1,ADNYJN0YX30C4,21260,70.6,2024/4/16,0:44:44,38DCH97KI0MZQFKO6Z6X3S2YHYYQJ8,FALSE
507789,Delphinium_nuttallianum,8717534,301988,https://crowdcurio-experiment-images.s3.amazonaws.com/Delphinium_nuttallianum/images/Delphinium_nuttallianum.507789.jpg,12,23,0,FALSE,3,6,A1OIBI3PWS4R5K,676,45.67,2024/4/16,0:45:05,38DCH97KI0MZQFKO6Z6X3S2YHYYQJ8,FALSE
507746,Delphinium_nuttallianum,8717540,301970,https://crowdcurio-experiment-images.s3.amazonaws.com/Delphinium_nuttallianum/images/Delphinium_nuttallianum.507746.jpg,4,10,9,FALSE,7,3,A3BU69EKYL6SH3,11662,53.05,2024/4/16,0:45:08,38DCH97KI0MZQFKO6Z6X3S2YHYYQJ8,FALSE
2885569,Delphinium_nuttallianum,8717633,302331,https://crowdcurio-experiment-images.s3.amazonaws.com/Delphinium_nuttallianum/images/Delphinium_nuttallianum.2885569.jpg,20,13,0,FALSE,1,9,AR7WOIN8DFX24,21179,87.56,2024/4/16,0:45:51,38DCH97KI0MZQFKO6Z6X3S2YHYYQJ8,FALSE
522460,Delphinium_nuttallianum,8717606,302011,https://crowdcurio-experiment-images.s3.amazonaws.com/Delphinium_nuttallianum/images/Delphinium_nuttallianum.522460.jpg,0,4,3,FALSE,1,2,ADNYJN0YX30C4,21260,50.96,2024/4/16,0:45:37,38DCH97KI0MZQFKO6Z6X3S2YHYYQJ8,FALSE
507795,Delphinium_nuttallianum,8717698,301991,https://crowdcurio-experiment-images.s3.amazonaws.com/Delphinium_nuttallianum/images/Delphinium_nuttallianum.507795.jpg,5,34,0,FALSE,3,7,A1OIBI3PWS4R5K,676,69.61,2024/4/16,0:46:16,38DCH97KI0MZQFKO6Z6X3S2YHYYQJ8,FALSE
507750,Delphinium_nuttallianum,8717598,301974,https://crowdcurio-experiment-images.s3.amazonaws.com/Delphinium_nuttallianum/images/Delphinium_nuttallianum.507750.jpg,2,5,0,FALSE,7,4,A3BU69EKYL6SH3,11662,24.21,2024/4/16,0:45:33,38DCH97KI0MZQFKO6Z6X3S2YHYYQJ8,FALSE
507754,Delphinium_nuttallianum,8717622,301975,https://crowdcurio-experiment-images.s3.amazonaws.com/Delphinium_nuttallianum/images/Delphinium_nuttallianum.507754.jpg,0,2,0,FALSE,7,5,A3BU69EKYL6SH3,11662,7.93,2024/4/16,0:45:43,38DCH97KI0MZQFKO6Z6X3S2YHYYQJ8,FALSE
507746,Delphinium_nuttallianum,8717721,301970,https://crowdcurio-experiment-images.s3.amazonaws.com/Delphinium_nuttallianum/images/Delphinium_nuttallianum.507746.jpg,3,10,6,TRUE,7,6,A3BU69EKYL6SH3,11662,36.8,2024/4/16,0:46:20,38DCH97KI0MZQFKO6Z6X3S2YHYYQJ8,FALSE
2884072,Delphinium_nuttallianum,8717808,302326,https://crowdcurio-experiment-images.s3.amazonaws.com/Delphinium_nuttallianum/images/Delphinium_nuttallianum.2884072.jpg,4,16,3,FALSE,1,10,AR7WOIN8DFX24,21179,54.51,2024/4/16,0:46:52,38DCH97KI0MZQFKO6Z6X3S2YHYYQJ8,FALSE
523511,Delphinium_nuttallianum,8717964,302012,https://crowdcurio-experiment-images.s3.amazonaws.com/Delphinium_nuttallianum/images/Delphinium_nuttallianum.523511.jpg,0,0,16,FALSE,1,3,ADNYJN0YX30C4,21260,137.66,2024/4/16,0:47:57,38DCH97KI0MZQFKO6Z6X3S2YHYYQJ8,FALSE
516183,Delphinium_nuttallianum,8717738,301992,https://crowdcurio-experiment-images.s3.amazonaws.com/Delphinium_nuttallianum/images/Delphinium_nuttallianum.516183.jpg,0,4,0,FALSE,3,8,A1OIBI3PWS4R5K,676,9.2,2024/4/16,0:46:26,38DCH97KI0MZQFKO6Z6X3S2YHYYQJ8,FALSE
507749,Delphinium_nuttallianum,8717826,301973,https://crowdcurio-experiment-images.s3.amazonaws.com/Delphinium_nuttallianum/images/Delphinium_nuttallianum.507749.jpg,10,15,0,FALSE,7,7,A3BU69EKYL6SH3,11662,40.26,2024/4/16,0:47:02,38DCH97KI0MZQFKO6Z6X3S2YHYYQJ8,FALSE
507791,Delphinium_nuttallianum,8717880,301989,https://crowdcurio-experiment-images.s3.amazonaws.com/Delphinium_nuttallianum/images/Delphinium_nuttallianum.507791.jpg,29,12,0,FALSE,3,9,A1OIBI3PWS4R5K,676,54.68,2024/4/16,0:47:22,38DCH97KI0MZQFKO6Z6X3S2YHYYQJ8,FALSE
507760,Delphinium_nuttallianum,8717953,301976,https://crowdcurio-experiment-images.s3.amazonaws.com/Delphinium_nuttallianum/images/Delphinium_nuttallianum.507760.jpg,14,17,0,FALSE,7,8,A3BU69EKYL6SH3,11662,47.95,2024/4/16,0:47:51,38DCH97KI0MZQFKO6Z6X3S2YHYYQJ8,FALSE
507793,Delphinium_nuttallianum,8717991,301990,https://crowdcurio-experiment-images.s3.amazonaws.com/Delphinium_nuttallianum/images/Delphinium_nuttallianum.507793.jpg,10,17,2,FALSE,3,10,A1OIBI3PWS4R5K,676,50.21,2024/4/16,0:48:13,38DCH97KI0MZQFKO6Z6X3S2YHYYQJ8,FALSE
507747,Delphinium_nuttallianum,8717987,301971,https://crowdcurio-experiment-images.s3.amazonaws.com/Delphinium_nuttallianum/images/Delphinium_nuttallianum.507747.jpg,0,5,1,FALSE,7,9,A3BU69EKYL6SH3,11662,17.05,2024/4/16,0:48:09,38DCH97KI0MZQFKO6Z6X3S2YHYYQJ8,FALSE
520669,Delphinium_nuttallianum,8718023,302006,https://crowdcurio-experiment-images.s3.amazonaws.com/Delphinium_nuttallianum/images/Delphinium_nuttallianum.520669.jpg,0,7,2,FALSE,1,4,ADNYJN0YX30C4,21260,36.48,2024/4/16,0:48:35,38DCH97KI0MZQFKO6Z6X3S2YHYYQJ8,FALSE
507762,Delphinium_nuttallianum,8718014,301977,https://crowdcurio-experiment-images.s3.amazonaws.com/Delphinium_nuttallianum/images/Delphinium_nuttallianum.507762.jpg,2,3,0,FALSE,7,10,A3BU69EKYL6SH3,11662,18.27,2024/4/16,0:48:28,38DCH97KI0MZQFKO6Z6X3S2YHYYQJ8,FALSE
507725,Delphinium_nuttallianum,8718111,301957,https://crowdcurio-experiment-images.s3.amazonaws.com/Delphinium_nuttallianum/images/Delphinium_nuttallianum.507725.jpg,0,14,11,FALSE,4,1,A1OIBI3PWS4R5K,676,56.41,2024/4/16,0:49:36,38DCH97KI0MZQFKO6Z6X3S2YHYYQJ8,FALSE
28934053,Delphinium_nuttallianum,8718112,302944,https://crowdcurio-experiment-images.s3.amazonaws.com/Delphinium_nuttallianum/images/Delphinium_nuttallianum.28934053.jpg,3,9,1,FALSE,8,1,A3BU69EKYL6SH3,11662,49.58,2024/4/16,0:49:36,38DCH97KI0MZQFKO6Z6X3S2YHYYQJ8,FALSE
520739,Delphinium_nuttallianum,8718218,302008,https://crowdcurio-experiment-images.s3.amazonaws.com/Delphinium_nuttallianum/images/Delphinium_nuttallianum.520739.jpg,0,10,6,FALSE,1,5,ADNYJN0YX30C4,21260,108.48,2024/4/16,0:50:25,38DCH97KI0MZQFKO6Z6X3S2YHYYQJ8,FALSE
29017971,Delphinium_nuttallianum,8718183,302945,https://crowdcurio-experiment-images.s3.amazonaws.com/Delphinium_nuttallianum/images/Delphinium_nuttallianum.29017971.jpg,0,10,4,FALSE,8,2,A3BU69EKYL6SH3,11662,27.36,2024/4/16,0:50:05,38DCH97KI0MZQFKO6Z6X3S2YHYYQJ8,FALSE
507726,Delphinium_nuttallianum,8718242,301958,https://crowdcurio-experiment-images.s3.amazonaws.com/Delphinium_nuttallianum/images/Delphinium_nuttallianum.507726.jpg,3,21,6,FALSE,4,2,A1OIBI3PWS4R5K,676,61.17,2024/4/16,0:50:39,38DCH97KI0MZQFKO6Z6X3S2YHYYQJ8,FALSE
507711,Delphinium_nuttallianum,8718220,301950,https://crowdcurio-experiment-images.s3.amazonaws.com/Delphinium_nuttallianum/images/Delphinium_nuttallianum.507711.jpg,0,7,1,FALSE,8,3,A3BU69EKYL6SH3,11662,20.63,2024/4/16,0:50:27,38DCH97KI0MZQFKO6Z6X3S2YHYYQJ8,FALSE
524799,Delphinium_nuttallianum,8718311,302013,https://crowdcurio-experiment-images.s3.amazonaws.com/Delphinium_nuttallianum/images/Delphinium_nuttallianum.524799.jpg,0,10,0,FALSE,1,6,ADNYJN0YX30C4,21260,44.85,2024/4/16,0:51:12,38DCH97KI0MZQFKO6Z6X3S2YHYYQJ8,FALSE
30331465,Delphinium_nuttallianum,8718287,302948,https://crowdcurio-experiment-images.s3.amazonaws.com/Delphinium_nuttallianum/images/Delphinium_nuttallianum.30331465.jpg,0,5,14,FALSE,8,4,A3BU69EKYL6SH3,11662,30.44,2024/4/16,0:50:58,38DCH97KI0MZQFKO6Z6X3S2YHYYQJ8,FALSE
507724,Delphinium_nuttallianum,8718285,301956,https://crowdcurio-experiment-images.s3.amazonaws.com/Delphinium_nuttallianum/images/Delphinium_nuttallianum.507724.jpg,1,5,1,FALSE,4,3,A1OIBI3PWS4R5K,676,16.59,2024/4/16,0:50:56,38DCH97KI0MZQFKO6Z6X3S2YHYYQJ8,FALSE
507705,Delphinium_nuttallianum,8718413,301948,https://crowdcurio-experiment-images.s3.amazonaws.com/Delphinium_nuttallianum/images/Delphinium_nuttallianum.507705.jpg,11,16,0,FALSE,8,5,A3BU69EKYL6SH3,11662,51.47,2024/4/16,0:51:51,38DCH97KI0MZQFKO6Z6X3S2YHYYQJ8,FALSE
507720,Delphinium_nuttallianum,8718375,301953,https://crowdcurio-experiment-images.s3.amazonaws.com/Delphinium_nuttallianum/images/Delphinium_nuttallianum.507720.jpg,0,8,3,FALSE,4,4,A1OIBI3PWS4R5K,676,40.56,2024/4/16,0:51:38,38DCH97KI0MZQFKO6Z6X3S2YHYYQJ8,FALSE
522459,Delphinium_nuttallianum,8718439,302010,https://crowdcurio-experiment-images.s3.amazonaws.com/Delphinium_nuttallianum/images/Delphinium_nuttallianum.522459.jpg,0,11,0,FALSE,1,7,ADNYJN0YX30C4,21260,45.59,2024/4/16,0:52:00,38DCH97KI0MZQFKO6Z6X3S2YHYYQJ8,FALSE
507722,Delphinium_nuttallianum,8718410,301955,https://crowdcurio-experiment-images.s3.amazonaws.com/Delphinium_nuttallianum/images/Delphinium_nuttallianum.507722.jpg,0,5,0,FALSE,4,5,A1OIBI3PWS4R5K,676,10.87,2024/4/16,0:51:50,38DCH97KI0MZQFKO6Z6X3S2YHYYQJ8,FALSE
507715,Delphinium_nuttallianum,8718454,301952,https://crowdcurio-experiment-images.s3.amazonaws.com/Delphinium_nuttallianum/images/Delphinium_nuttallianum.507715.jpg,0,9,0,FALSE,4,6,A1OIBI3PWS4R5K,676,12.79,2024/4/16,0:52:04,38DCH97KI0MZQFKO6Z6X3S2YHYYQJ8,FALSE
507709,Delphinium_nuttallianum,8718560,301949,https://crowdcurio-experiment-images.s3.amazonaws.com/Delphinium_nuttallianum/images/Delphinium_nuttallianum.507709.jpg,15,18,2,FALSE,8,6,A3BU69EKYL6SH3,11662,50.68,2024/4/16,0:52:43,38DCH97KI0MZQFKO6Z6X3S2YHYYQJ8,FALSE
507712,Delphinium_nuttallianum,8718535,301951,https://crowdcurio-experiment-images.s3.amazonaws.com/Delphinium_nuttallianum/images/Delphinium_nuttallianum.507712.jpg,9,6,2,FALSE,4,7,A1OIBI3PWS4R5K,676,27.99,2024/4/16,0:52:33,38DCH97KI0MZQFKO6Z6X3S2YHYYQJ8,FALSE
520418,Delphinium_nuttallianum,8718565,302005,https://crowdcurio-experiment-images.s3.amazonaws.com/Delphinium_nuttallianum/images/Delphinium_nuttallianum.520418.jpg,0,6,0,FALSE,1,8,ADNYJN0YX30C4,21260,43.92,2024/4/16,0:52:46,38DCH97KI0MZQFKO6Z6X3S2YHYYQJ8,FALSE
507726,Delphinium_nuttallianum,8718690,301958,https://crowdcurio-experiment-images.s3.amazonaws.com/Delphinium_nuttallianum/images/Delphinium_nuttallianum.507726.jpg,4,27,0,TRUE,4,8,A1OIBI3PWS4R5K,676,58.98,2024/4/16,0:53:33,38DCH97KI0MZQFKO6Z6X3S2YHYYQJ8,FALSE
30331917,Delphinium_nuttallianum,8718712,302950,https://crowdcurio-experiment-images.s3.amazonaws.com/Delphinium_nuttallianum/images/Delphinium_nuttallianum.30331917.jpg,4,21,2,FALSE,8,7,A3BU69EKYL6SH3,11662,55.47,2024/4/16,0:53:40,38DCH97KI0MZQFKO6Z6X3S2YHYYQJ8,FALSE
522460,Delphinium_nuttallianum,8718670,302011,https://crowdcurio-experiment-images.s3.amazonaws.com/Delphinium_nuttallianum/images/Delphinium_nuttallianum.522460.jpg,0,4,3,TRUE,1,9,ADNYJN0YX30C4,21260,39.35,2024/4/16,0:53:26,38DCH97KI0MZQFKO6Z6X3S2YHYYQJ8,FALSE
520735,Delphinium_nuttallianum,8718831,302007,https://crowdcurio-experiment-images.s3.amazonaws.com/Delphinium_nuttallianum/images/Delphinium_nuttallianum.520735.jpg,0,11,1,FALSE,1,10,ADNYJN0YX30C4,21260,55.52,2024/4/16,0:54:24,38DCH97KI0MZQFKO6Z6X3S2YHYYQJ8,FALSE
507727,Delphinium_nuttallianum,8718851,301959,https://crowdcurio-experiment-images.s3.amazonaws.com/Delphinium_nuttallianum/images/Delphinium_nuttallianum.507727.jpg,2,7,17,FALSE,4,9,A1OIBI3PWS4R5K,676,63.03,2024/4/16,0:54:37,38DCH97KI0MZQFKO6Z6X3S2YHYYQJ8,FALSE
29437198,Delphinium_nuttallianum,8718776,302946,https://crowdcurio-experiment-images.s3.amazonaws.com/Delphinium_nuttallianum/images/Delphinium_nuttallianum.29437198.jpg,0,9,2,FALSE,8,8,A3BU69EKYL6SH3,11662,18.53,2024/4/16,0:54:00,38DCH97KI0MZQFKO6Z6X3S2YHYYQJ8,FALSE
30331465,Delphinium_nuttallianum,8718892,302948,https://crowdcurio-experiment-images.s3.amazonaws.com/Delphinium_nuttallianum/images/Delphinium_nuttallianum.30331465.jpg,0,4,13,TRUE,8,9,A3BU69EKYL6SH3,11662,55.1,2024/4/16,0:54:56,38DCH97KI0MZQFKO6Z6X3S2YHYYQJ8,FALSE
507721,Delphinium_nuttallianum,8718877,301954,https://crowdcurio-experiment-images.s3.amazonaws.com/Delphinium_nuttallianum/images/Delphinium_nuttallianum.507721.jpg,0,8,0,FALSE,4,10,A1OIBI3PWS4R5K,676,11.15,2024/4/16,0:54:50,38DCH97KI0MZQFKO6Z6X3S2YHYYQJ8,FALSE
183103,Delphinium_nuttallianum,8719017,301947,https://crowdcurio-experiment-images.s3.amazonaws.com/Delphinium_nuttallianum/images/Delphinium_nuttallianum.183103.jpg,3,12,10,FALSE,8,10,A3BU69EKYL6SH3,11662,44.79,2024/4/16,0:55:42,38DCH97KI0MZQFKO6Z6X3S2YHYYQJ8,FALSE
507764,Delphinium_nuttallianum,8719940,301978,https://crowdcurio-experiment-images.s3.amazonaws.com/Delphinium_nuttallianum/images/Delphinium_nuttallianum.507764.jpg,6,18,3,FALSE,1,1,A2J9NFY45NKR2N,19635,531.89,2024/4/16,1:03:26,38DCH97KI0MZQFKO6Z6X3S2YHYYQJ8,FALSE
507782,Delphinium_nuttallianum,8720229,301984,https://crowdcurio-experiment-images.s3.amazonaws.com/Delphinium_nuttallianum/images/Delphinium_nuttallianum.507782.jpg,0,18,1,FALSE,1,2,A2J9NFY45NKR2N,19635,75.83,2024/4/16,1:04:45,38DCH97KI0MZQFKO6Z6X3S2YHYYQJ8,FALSE
507774,Delphinium_nuttallianum,8720952,301982,https://crowdcurio-experiment-images.s3.amazonaws.com/Delphinium_nuttallianum/images/Delphinium_nuttallianum.507774.jpg,4,20,2,FALSE,1,3,A2J9NFY45NKR2N,19635,151.49,2024/4/16,1:07:20,38DCH97KI0MZQFKO6Z6X3S2YHYYQJ8,FALSE
507766,Delphinium_nuttallianum,8721396,301979,https://crowdcurio-experiment-images.s3.amazonaws.com/Delphinium_nuttallianum/images/Delphinium_nuttallianum.507766.jpg,1,2,2,FALSE,1,4,A2J9NFY45NKR2N,19635,94.26,2024/4/16,1:08:58,38DCH97KI0MZQFKO6Z6X3S2YHYYQJ8,FALSE
507783,Delphinium_nuttallianum,8721858,301985,https://crowdcurio-experiment-images.s3.amazonaws.com/Delphinium_nuttallianum/images/Delphinium_nuttallianum.507783.jpg,3,6,12,FALSE,1,5,A2J9NFY45NKR2N,19635,103.78,2024/4/16,1:10:45,38DCH97KI0MZQFKO6Z6X3S2YHYYQJ8,FALSE
507774,Delphinium_nuttallianum,8722172,301982,https://crowdcurio-experiment-images.s3.amazonaws.com/Delphinium_nuttallianum/images/Delphinium_nuttallianum.507774.jpg,6,16,2,TRUE,1,6,A2J9NFY45NKR2N,19635,81.71,2024/4/16,1:12:09,38DCH97KI0MZQFKO6Z6X3S2YHYYQJ8,FALSE
13023017,Delphinium_nuttallianum,8722193,302588,https://crowdcurio-experiment-images.s3.amazonaws.com/Delphinium_nuttallianum/images/Delphinium_nuttallianum.13023017.jpg,4,0,0,FALSE,1,1,A6QR4K322HT3T,21313,38.83,2024/4/16,1:12:14,38DCH97KI0MZQFKO6Z6X3S2YHYYQJ8,FALSE
13036773,Delphinium_nuttallianum,8722379,302589,https://crowdcurio-experiment-images.s3.amazonaws.com/Delphinium_nuttallianum/images/Delphinium_nuttallianum.13036773.jpg,2,11,0,FALSE,1,2,A6QR4K322HT3T,21313,45.33,2024/4/16,1:13:01,38DCH97KI0MZQFKO6Z6X3S2YHYYQJ8,FALSE
507772,Delphinium_nuttallianum,8722409,301981,https://crowdcurio-experiment-images.s3.amazonaws.com/Delphinium_nuttallianum/images/Delphinium_nuttallianum.507772.jpg,0,3,2,FALSE,1,7,A2J9NFY45NKR2N,19635,53.49,2024/4/16,1:13:06,38DCH97KI0MZQFKO6Z6X3S2YHYYQJ8,FALSE
13017415,Delphinium_nuttallianum,8722440,302578,https://crowdcurio-experiment-images.s3.amazonaws.com/Delphinium_nuttallianum/images/Delphinium_nuttallianum.13017415.jpg,2,2,0,FALSE,1,3,A6QR4K322HT3T,21313,13.34,2024/4/16,1:13:16,38DCH97KI0MZQFKO6Z6X3S2YHYYQJ8,FALSE
13017342,Delphinium_nuttallianum,8722580,302577,https://crowdcurio-experiment-images.s3.amazonaws.com/Delphinium_nuttallianum/images/Delphinium_nuttallianum.13017342.jpg,5,2,0,FALSE,1,4,A6QR4K322HT3T,21313,35.31,2024/4/16,1:13:52,38DCH97KI0MZQFKO6Z6X3S2YHYYQJ8,FALSE
507786,Delphinium_nuttallianum,8722627,301986,https://crowdcurio-experiment-images.s3.amazonaws.com/Delphinium_nuttallianum/images/Delphinium_nuttallianum.507786.jpg,4,11,2,FALSE,1,8,A2J9NFY45NKR2N,19635,52.82,2024/4/16,1:14:02,38DCH97KI0MZQFKO6Z6X3S2YHYYQJ8,FALSE
13036799,Delphinium_nuttallianum,8722755,302591,https://crowdcurio-experiment-images.s3.amazonaws.com/Delphinium_nuttallianum/images/Delphinium_nuttallianum.13036799.jpg,1,10,0,FALSE,1,5,A6QR4K322HT3T,21313,36.77,2024/4/16,1:14:30,38DCH97KI0MZQFKO6Z6X3S2YHYYQJ8,FALSE
13036856,Delphinium_nuttallianum,8722884,302592,https://crowdcurio-experiment-images.s3.amazonaws.com/Delphinium_nuttallianum/images/Delphinium_nuttallianum.13036856.jpg,0,11,0,FALSE,1,6,A6QR4K322HT3T,21313,27.09,2024/4/16,1:14:59,38DCH97KI0MZQFKO6Z6X3S2YHYYQJ8,FALSE
13017181,Delphinium_nuttallianum,8723059,302576,https://crowdcurio-experiment-images.s3.amazonaws.com/Delphinium_nuttallianum/images/Delphinium_nuttallianum.13017181.jpg,1,15,0,FALSE,1,7,A6QR4K322HT3T,21313,37.8,2024/4/16,1:15:38,38DCH97KI0MZQFKO6Z6X3S2YHYYQJ8,FALSE
507776,Delphinium_nuttallianum,8723323,301983,https://crowdcurio-experiment-images.s3.amazonaws.com/Delphinium_nuttallianum/images/Delphinium_nuttallianum.507776.jpg,2,23,5,FALSE,1,9,A2J9NFY45NKR2N,19635,138.96,2024/4/16,1:16:24,38DCH97KI0MZQFKO6Z6X3S2YHYYQJ8,FALSE
13036856,Delphinium_nuttallianum,8723282,302592,https://crowdcurio-experiment-images.s3.amazonaws.com/Delphinium_nuttallianum/images/Delphinium_nuttallianum.13036856.jpg,0,13,0,TRUE,1,8,A6QR4K322HT3T,21313,36.89,2024/4/16,1:16:15,38DCH97KI0MZQFKO6Z6X3S2YHYYQJ8,FALSE
13036792,Delphinium_nuttallianum,8723486,302590,https://crowdcurio-experiment-images.s3.amazonaws.com/Delphinium_nuttallianum/images/Delphinium_nuttallianum.13036792.jpg,4,10,0,FALSE,1,9,A6QR4K322HT3T,21313,41.13,2024/4/16,1:16:58,38DCH97KI0MZQFKO6Z6X3S2YHYYQJ8,FALSE
507771,Delphinium_nuttallianum,8723470,301980,https://crowdcurio-experiment-images.s3.amazonaws.com/Delphinium_nuttallianum/images/Delphinium_nuttallianum.507771.jpg,0,3,4,FALSE,1,10,A2J9NFY45NKR2N,19635,24.99,2024/4/16,1:16:53,38DCH97KI0MZQFKO6Z6X3S2YHYYQJ8,FALSE
13016496,Delphinium_nuttallianum,8723598,302575,https://crowdcurio-experiment-images.s3.amazonaws.com/Delphinium_nuttallianum/images/Delphinium_nuttallianum.13016496.jpg,2,6,0,FALSE,1,10,A6QR4K322HT3T,21313,23.48,2024/4/16,1:17:23,38DCH97KI0MZQFKO6Z6X3S2YHYYQJ8,FALSE
4746086,Delphinium_nuttallianum,8723843,302489,https://crowdcurio-experiment-images.s3.amazonaws.com/Delphinium_nuttallianum/images/Delphinium_nuttallianum.4746086.jpg,2,2,5,FALSE,2,1,A2J9NFY45NKR2N,19635,74.53,2024/4/16,1:18:31,38DCH97KI0MZQFKO6Z6X3S2YHYYQJ8,FALSE
28899789,Delphinium_nuttallianum,8724141,302941,https://crowdcurio-experiment-images.s3.amazonaws.com/Delphinium_nuttallianum/images/Delphinium_nuttallianum.28899789.jpg,0,7,0,FALSE,1,1,A39F1J9Q8U4KE0,20285,35.37,2024/4/16,1:19:29,38DCH97KI0MZQFKO6Z6X3S2YHYYQJ8,FALSE
30367716,Delphinium_nuttallianum,8724215,302951,https://crowdcurio-experiment-images.s3.amazonaws.com/Delphinium_nuttallianum/images/Delphinium_nuttallianum.30367716.jpg,0,2,0,FALSE,1,2,A39F1J9Q8U4KE0,20285,13.45,2024/4/16,1:19:43,38DCH97KI0MZQFKO6Z6X3S2YHYYQJ8,FALSE
28899788,Delphinium_nuttallianum,8724545,302940,https://crowdcurio-experiment-images.s3.amazonaws.com/Delphinium_nuttallianum/images/Delphinium_nuttallianum.28899788.jpg,0,23,0,FALSE,1,3,A39F1J9Q8U4KE0,20285,69.54,2024/4/16,1:20:54,38DCH97KI0MZQFKO6Z6X3S2YHYYQJ8,FALSE
22045070,Delphinium_nuttallianum,8724399,302829,https://crowdcurio-experiment-images.s3.amazonaws.com/Delphinium_nuttallianum/images/Delphinium_nuttallianum.22045070.jpg,3,6,1,FALSE,2,2,A2J9NFY45NKR2N,19635,108.61,2024/4/16,1:20:23,38DCH97KI0MZQFKO6Z6X3S2YHYYQJ8,FALSE
30331526,Delphinium_nuttallianum,8724665,302949,https://crowdcurio-experiment-images.s3.amazonaws.com/Delphinium_nuttallianum/images/Delphinium_nuttallianum.30331526.jpg,0,10,0,FALSE,1,4,A39F1J9Q8U4KE0,20285,25.52,2024/4/16,1:21:20,38DCH97KI0MZQFKO6Z6X3S2YHYYQJ8,FALSE
4746216,Delphinium_nuttallianum,8724726,302490,https://crowdcurio-experiment-images.s3.amazonaws.com/Delphinium_nuttallianum/images/Delphinium_nuttallianum.4746216.jpg,1,3,1,FALSE,2,3,A2J9NFY45NKR2N,19635,65.23,2024/4/16,1:21:32,38DCH97KI0MZQFKO6Z6X3S2YHYYQJ8,FALSE
28899788,Delphinium_nuttallianum,8725020,302940,https://crowdcurio-experiment-images.s3.amazonaws.com/Delphinium_nuttallianum/images/Delphinium_nuttallianum.28899788.jpg,0,20,1,TRUE,1,5,A39F1J9Q8U4KE0,20285,68.47,2024/4/16,1:22:30,38DCH97KI0MZQFKO6Z6X3S2YHYYQJ8,FALSE
22064603,Delphinium_nuttallianum,8725064,302830,https://crowdcurio-experiment-images.s3.amazonaws.com/Delphinium_nuttallianum/images/Delphinium_nuttallianum.22064603.jpg,1,2,9,FALSE,2,4,A2J9NFY45NKR2N,19635,63.84,2024/4/16,1:22:40,38DCH97KI0MZQFKO6Z6X3S2YHYYQJ8,FALSE
28899790,Delphinium_nuttallianum,8725133,302942,https://crowdcurio-experiment-images.s3.amazonaws.com/Delphinium_nuttallianum/images/Delphinium_nuttallianum.28899790.jpg,0,9,1,FALSE,1,6,A39F1J9Q8U4KE0,20285,21.75,2024/4/16,1:22:53,38DCH97KI0MZQFKO6Z6X3S2YHYYQJ8,FALSE
30130334,Delphinium_nuttallianum,8725491,302947,https://crowdcurio-experiment-images.s3.amazonaws.com/Delphinium_nuttallianum/images/Delphinium_nuttallianum.30130334.jpg,8,18,6,FALSE,1,7,A39F1J9Q8U4KE0,20285,63.19,2024/4/16,1:23:58,38DCH97KI0MZQFKO6Z6X3S2YHYYQJ8,FALSE
21992462,Delphinium_nuttallianum,8725581,302828,https://crowdcurio-experiment-images.s3.amazonaws.com/Delphinium_nuttallianum/images/Delphinium_nuttallianum.21992462.jpg,16,21,14,FALSE,2,5,A2J9NFY45NKR2N,19635,91.19,2024/4/16,1:24:15,38DCH97KI0MZQFKO6Z6X3S2YHYYQJ8,FALSE
28899654,Delphinium_nuttallianum,8725603,302938,https://crowdcurio-experiment-images.s3.amazonaws.com/Delphinium_nuttallianum/images/Delphinium_nuttallianum.28899654.jpg,0,6,0,FALSE,1,8,A39F1J9Q8U4KE0,20285,21.33,2024/4/16,1:24:20,38DCH97KI0MZQFKO6Z6X3S2YHYYQJ8,FALSE
4746470,Delphinium_nuttallianum,8725786,302491,https://crowdcurio-experiment-images.s3.amazonaws.com/Delphinium_nuttallianum/images/Delphinium_nuttallianum.4746470.jpg,1,10,7,FALSE,2,6,A2J9NFY45NKR2N,19635,47.88,2024/4/16,1:25:06,38DCH97KI0MZQFKO6Z6X3S2YHYYQJ8,FALSE
28899787,Delphinium_nuttallianum,8725745,302939,https://crowdcurio-experiment-images.s3.amazonaws.com/Delphinium_nuttallianum/images/Delphinium_nuttallianum.28899787.jpg,0,12,2,FALSE,1,9,A39F1J9Q8U4KE0,20285,34.54,2024/4/16,1:24:56,38DCH97KI0MZQFKO6Z6X3S2YHYYQJ8,FALSE
28899791,Delphinium_nuttallianum,8725918,302943,https://crowdcurio-experiment-images.s3.amazonaws.com/Delphinium_nuttallianum/images/Delphinium_nuttallianum.28899791.jpg,0,11,4,FALSE,1,10,A39F1J9Q8U4KE0,20285,48.82,2024/4/16,1:25:46,38DCH97KI0MZQFKO6Z6X3S2YHYYQJ8,FALSE
13824808,Delphinium_nuttallianum,8726141,302711,https://crowdcurio-experiment-images.s3.amazonaws.com/Delphinium_nuttallianum/images/Delphinium_nuttallianum.13824808.jpg,0,4,1,FALSE,2,1,A39F1J9Q8U4KE0,20285,35.44,2024/4/16,1:26:43,38DCH97KI0MZQFKO6Z6X3S2YHYYQJ8,FALSE
16906638,Delphinium_nuttallianum,8726542,302762,https://crowdcurio-experiment-images.s3.amazonaws.com/Delphinium_nuttallianum/images/Delphinium_nuttallianum.16906638.jpg,0,12,10,FALSE,2,2,A39F1J9Q8U4KE0,20285,96.8,2024/4/16,1:28:21,38DCH97KI0MZQFKO6Z6X3S2YHYYQJ8,FALSE
4746656,Delphinium_nuttallianum,8726671,302492,https://crowdcurio-experiment-images.s3.amazonaws.com/Delphinium_nuttallianum/images/Delphinium_nuttallianum.4746656.jpg,0,3,16,FALSE,2,7,A2J9NFY45NKR2N,19635,217.8,2024/4/16,1:28:48,38DCH97KI0MZQFKO6Z6X3S2YHYYQJ8,FALSE
16899104,Delphinium_nuttallianum,8726615,302761,https://crowdcurio-experiment-images.s3.amazonaws.com/Delphinium_nuttallianum/images/Delphinium_nuttallianum.16899104.jpg,0,4,0,FALSE,2,3,A39F1J9Q8U4KE0,20285,16.05,2024/4/16,1:28:38,38DCH97KI0MZQFKO6Z6X3S2YHYYQJ8,FALSE
13824831,Delphinium_nuttallianum,8726920,302712,https://crowdcurio-experiment-images.s3.amazonaws.com/Delphinium_nuttallianum/images/Delphinium_nuttallianum.13824831.jpg,0,11,3,FALSE,2,4,A39F1J9Q8U4KE0,20285,69.13,2024/4/16,1:29:48,38DCH97KI0MZQFKO6Z6X3S2YHYYQJ8,FALSE
4746770,Delphinium_nuttallianum,8727000,302493,https://crowdcurio-experiment-images.s3.amazonaws.com/Delphinium_nuttallianum/images/Delphinium_nuttallianum.4746770.jpg,2,5,6,FALSE,2,8,A2J9NFY45NKR2N,19635,80.12,2024/4/16,1:30:11,38DCH97KI0MZQFKO6Z6X3S2YHYYQJ8,FALSE
13824795,Delphinium_nuttallianum,8726979,302710,https://crowdcurio-experiment-images.s3.amazonaws.com/Delphinium_nuttallianum/images/Delphinium_nuttallianum.13824795.jpg,0,4,4,FALSE,2,5,A39F1J9Q8U4KE0,20285,15.21,2024/4/16,1:30:05,38DCH97KI0MZQFKO6Z6X3S2YHYYQJ8,FALSE
13824831,Delphinium_nuttallianum,8727169,302712,https://crowdcurio-experiment-images.s3.amazonaws.com/Delphinium_nuttallianum/images/Delphinium_nuttallianum.13824831.jpg,0,11,2,TRUE,2,6,A39F1J9Q8U4KE0,20285,50.13,2024/4/16,1:30:55,38DCH97KI0MZQFKO6Z6X3S2YHYYQJ8,FALSE
21980455,Delphinium_nuttallianum,8727268,302827,https://crowdcurio-experiment-images.s3.amazonaws.com/Delphinium_nuttallianum/images/Delphinium_nuttallianum.21980455.jpg,0,3,4,FALSE,2,9,A2J9NFY45NKR2N,19635,67.85,2024/4/16,1:31:23,38DCH97KI0MZQFKO6Z6X3S2YHYYQJ8,FALSE
16503490,Delphinium_nuttallianum,8727309,302760,https://crowdcurio-experiment-images.s3.amazonaws.com/Delphinium_nuttallianum/images/Delphinium_nuttallianum.16503490.jpg,0,8,4,FALSE,2,7,A39F1J9Q8U4KE0,20285,36.86,2024/4/16,1:31:33,38DCH97KI0MZQFKO6Z6X3S2YHYYQJ8,FALSE
16924953,Delphinium_nuttallianum,8727547,302763,https://crowdcurio-experiment-images.s3.amazonaws.com/Delphinium_nuttallianum/images/Delphinium_nuttallianum.16924953.jpg,0,18,6,FALSE,2,8,A39F1J9Q8U4KE0,20285,58.11,2024/4/16,1:32:33,38DCH97KI0MZQFKO6Z6X3S2YHYYQJ8,FALSE
22045070,Delphinium_nuttallianum,8727475,302829,https://crowdcurio-experiment-images.s3.amazonaws.com/Delphinium_nuttallianum/images/Delphinium_nuttallianum.22045070.jpg,2,9,0,TRUE,2,10,A2J9NFY45NKR2N,19635,45.96,2024/4/16,1:32:10,38DCH97KI0MZQFKO6Z6X3S2YHYYQJ8,FALSE
13824868,Delphinium_nuttallianum,8727681,302713,https://crowdcurio-experiment-images.s3.amazonaws.com/Delphinium_nuttallianum/images/Delphinium_nuttallianum.13824868.jpg,0,20,0,FALSE,2,9,A39F1J9Q8U4KE0,20285,38.22,2024/4/16,1:33:12,38DCH97KI0MZQFKO6Z6X3S2YHYYQJ8,FALSE
15923301,Delphinium_nuttallianum,8727971,302759,https://crowdcurio-experiment-images.s3.amazonaws.com/Delphinium_nuttallianum/images/Delphinium_nuttallianum.15923301.jpg,15,12,0,FALSE,2,10,A39F1J9Q8U4KE0,20285,81.94,2024/4/16,1:34:35,38DCH97KI0MZQFKO6Z6X3S2YHYYQJ8,FALSE
1675462,Delphinium_nuttallianum,8727865,302248,https://crowdcurio-experiment-images.s3.amazonaws.com/Delphinium_nuttallianum/images/Delphinium_nuttallianum.1675462.jpg,0,0,0,FALSE,1,1,A3KBRD8D4QMIFS,21278,31.54,2024/4/16,1:34:08,38DCH97KI0MZQFKO6Z6X3S2YHYYQJ8,FALSE
1670896,Delphinium_nuttallianum,8728077,302245,https://crowdcurio-experiment-images.s3.amazonaws.com/Delphinium_nuttallianum/images/Delphinium_nuttallianum.1670896.jpg,0,17,0,FALSE,1,1,A3VU6TJGQUVYWR,21220,46.18,2024/4/16,1:34:59,38DCH97KI0MZQFKO6Z6X3S2YHYYQJ8,FALSE
13824630,Delphinium_nuttallianum,8728363,302704,https://crowdcurio-experiment-images.s3.amazonaws.com/Delphinium_nuttallianum/images/Delphinium_nuttallianum.13824630.jpg,3,15,4,FALSE,1,2,A3KBRD8D4QMIFS,21278,120.19,2024/4/16,1:36:12,38DCH97KI0MZQFKO6Z6X3S2YHYYQJ8,FALSE
1661222,Delphinium_nuttallianum,8728302,302240,https://crowdcurio-experiment-images.s3.amazonaws.com/Delphinium_nuttallianum/images/Delphinium_nuttallianum.1661222.jpg,1,0,7,FALSE,1,2,A3VU6TJGQUVYWR,21220,51.28,2024/4/16,1:35:52,38DCH97KI0MZQFKO6Z6X3S2YHYYQJ8,FALSE
1668474,Delphinium_nuttallianum,8728447,302244,https://crowdcurio-experiment-images.s3.amazonaws.com/Delphinium_nuttallianum/images/Delphinium_nuttallianum.1668474.jpg,0,12,1,FALSE,1,3,A3VU6TJGQUVYWR,21220,41.48,2024/4/16,1:36:35,38DCH97KI0MZQFKO6Z6X3S2YHYYQJ8,FALSE
13824646,Delphinium_nuttallianum,8728729,302706,https://crowdcurio-experiment-images.s3.amazonaws.com/Delphinium_nuttallianum/images/Delphinium_nuttallianum.13824646.jpg,2,8,7,FALSE,1,3,A3KBRD8D4QMIFS,21278,95.53,2024/4/16,1:37:51,38DCH97KI0MZQFKO6Z6X3S2YHYYQJ8,FALSE
1665790,Delphinium_nuttallianum,8728707,302243,https://crowdcurio-experiment-images.s3.amazonaws.com/Delphinium_nuttallianum/images/Delphinium_nuttallianum.1665790.jpg,0,10,3,FALSE,1,4,A3VU6TJGQUVYWR,21220,64.4,2024/4/16,1:37:41,38DCH97KI0MZQFKO6Z6X3S2YHYYQJ8,FALSE
1665158,Delphinium_nuttallianum,8728774,302242,https://crowdcurio-experiment-images.s3.amazonaws.com/Delphinium_nuttallianum/images/Delphinium_nuttallianum.1665158.jpg,0,14,0,FALSE,1,5,A3VU6TJGQUVYWR,21220,21.22,2024/4/16,1:38:04,38DCH97KI0MZQFKO6Z6X3S2YHYYQJ8,FALSE
13824631,Delphinium_nuttallianum,8729161,302705,https://crowdcurio-experiment-images.s3.amazonaws.com/Delphinium_nuttallianum/images/Delphinium_nuttallianum.13824631.jpg,0,13,11,FALSE,1,4,A3KBRD8D4QMIFS,21278,106.36,2024/4/16,1:39:42,38DCH97KI0MZQFKO6Z6X3S2YHYYQJ8,FALSE
1661120,Delphinium_nuttallianum,8728924,302239,https://crowdcurio-experiment-images.s3.amazonaws.com/Delphinium_nuttallianum/images/Delphinium_nuttallianum.1661120.jpg,0,7,4,FALSE,1,6,A3VU6TJGQUVYWR,21220,39.91,2024/4/16,1:38:45,38DCH97KI0MZQFKO6Z6X3S2YHYYQJ8,FALSE
1665158,Delphinium_nuttallianum,8729027,302242,https://crowdcurio-experiment-images.s3.amazonaws.com/Delphinium_nuttallianum/images/Delphinium_nuttallianum.1665158.jpg,0,13,0,TRUE,1,7,A3VU6TJGQUVYWR,21220,22.87,2024/4/16,1:39:09,38DCH97KI0MZQFKO6Z6X3S2YHYYQJ8,FALSE
1660593,Delphinium_nuttallianum,8729400,302238,https://crowdcurio-experiment-images.s3.amazonaws.com/Delphinium_nuttallianum/images/Delphinium_nuttallianum.1660593.jpg,0,12,3,FALSE,1,8,A3VU6TJGQUVYWR,21220,70.46,2024/4/16,1:40:22,38DCH97KI0MZQFKO6Z6X3S2YHYYQJ8,FALSE
1675425,Delphinium_nuttallianum,8729611,302247,https://crowdcurio-experiment-images.s3.amazonaws.com/Delphinium_nuttallianum/images/Delphinium_nuttallianum.1675425.jpg,4,17,1,FALSE,1,5,A3KBRD8D4QMIFS,21278,89.09,2024/4/16,1:41:15,38DCH97KI0MZQFKO6Z6X3S2YHYYQJ8,FALSE
1674043,Delphinium_nuttallianum,8729757,302246,https://crowdcurio-experiment-images.s3.amazonaws.com/Delphinium_nuttallianum/images/Delphinium_nuttallianum.1674043.jpg,0,17,0,FALSE,1,9,A3VU6TJGQUVYWR,21220,86.26,2024/4/16,1:41:50,38DCH97KI0MZQFKO6Z6X3S2YHYYQJ8,FALSE
13824726,Delphinium_nuttallianum,8729778,302709,https://crowdcurio-experiment-images.s3.amazonaws.com/Delphinium_nuttallianum/images/Delphinium_nuttallianum.13824726.jpg,11,1,0,FALSE,1,6,A3KBRD8D4QMIFS,21278,37.07,2024/4/16,1:41:55,38DCH97KI0MZQFKO6Z6X3S2YHYYQJ8,FALSE
1663751,Delphinium_nuttallianum,8729936,302241,https://crowdcurio-experiment-images.s3.amazonaws.com/Delphinium_nuttallianum/images/Delphinium_nuttallianum.1663751.jpg,1,8,1,FALSE,1,10,A3VU6TJGQUVYWR,21220,35.19,2024/4/16,1:42:27,38DCH97KI0MZQFKO6Z6X3S2YHYYQJ8,FALSE
13824614,Delphinium_nuttallianum,8730010,302703,https://crowdcurio-experiment-images.s3.amazonaws.com/Delphinium_nuttallianum/images/Delphinium_nuttallianum.13824614.jpg,1,5,1,FALSE,1,7,A3KBRD8D4QMIFS,21278,41.52,2024/4/16,1:42:40,38DCH97KI0MZQFKO6Z6X3S2YHYYQJ8,FALSE
13824630,Delphinium_nuttallianum,8730429,302704,https://crowdcurio-experiment-images.s3.amazonaws.com/Delphinium_nuttallianum/images/Delphinium_nuttallianum.13824630.jpg,4,18,4,TRUE,1,8,A3KBRD8D4QMIFS,21278,71.17,2024/4/16,1:43:52,38DCH97KI0MZQFKO6Z6X3S2YHYYQJ8,FALSE
13824678,Delphinium_nuttallianum,8730912,302707,https://crowdcurio-experiment-images.s3.amazonaws.com/Delphinium_nuttallianum/images/Delphinium_nuttallianum.13824678.jpg,0,10,8,FALSE,1,9,A3KBRD8D4QMIFS,21278,108.34,2024/4/16,1:45:45,38DCH97KI0MZQFKO6Z6X3S2YHYYQJ8,FALSE
13824689,Delphinium_nuttallianum,8731668,302708,https://crowdcurio-experiment-images.s3.amazonaws.com/Delphinium_nuttallianum/images/Delphinium_nuttallianum.13824689.jpg,0,25,13,FALSE,1,10,A3KBRD8D4QMIFS,21278,146.13,2024/4/16,1:48:15,38DCH97KI0MZQFKO6Z6X3S2YHYYQJ8,FALSE
3046279,Delphinium_nuttallianum,8731345,302371,https://crowdcurio-experiment-images.s3.amazonaws.com/Delphinium_nuttallianum/images/Delphinium_nuttallianum.3046279.jpg,1,13,0,FALSE,1,1,A1W8Q8588VAV4R,20328,38.66,2024/4/16,1:47:07,38DCH97KI0MZQFKO6Z6X3S2YHYYQJ8,FALSE
3047695,Delphinium_nuttallianum,8731420,302376,https://crowdcurio-experiment-images.s3.amazonaws.com/Delphinium_nuttallianum/images/Delphinium_nuttallianum.3047695.jpg,0,5,0,FALSE,1,2,A1W8Q8588VAV4R,20328,11.8,2024/4/16,1:47:20,38DCH97KI0MZQFKO6Z6X3S2YHYYQJ8,FALSE
3046729,Delphinium_nuttallianum,8731498,302373,https://crowdcurio-experiment-images.s3.amazonaws.com/Delphinium_nuttallianum/images/Delphinium_nuttallianum.3046729.jpg,0,7,3,FALSE,1,3,A1W8Q8588VAV4R,20328,15.4,2024/4/16,1:47:37,38DCH97KI0MZQFKO6Z6X3S2YHYYQJ8,FALSE
3047680,Delphinium_nuttallianum,8731614,302374,https://crowdcurio-experiment-images.s3.amazonaws.com/Delphinium_nuttallianum/images/Delphinium_nuttallianum.3047680.jpg,0,17,0,FALSE,1,4,A1W8Q8588VAV4R,20328,23.54,2024/4/16,1:48:02,38DCH97KI0MZQFKO6Z6X3S2YHYYQJ8,FALSE
3047682,Delphinium_nuttallianum,8731725,302375,https://crowdcurio-experiment-images.s3.amazonaws.com/Delphinium_nuttallianum/images/Delphinium_nuttallianum.3047682.jpg,0,10,5,FALSE,1,5,A1W8Q8588VAV4R,20328,23.34,2024/4/16,1:48:27,38DCH97KI0MZQFKO6Z6X3S2YHYYQJ8,FALSE
3046706,Delphinium_nuttallianum,8731779,302372,https://crowdcurio-experiment-images.s3.amazonaws.com/Delphinium_nuttallianum/images/Delphinium_nuttallianum.3046706.jpg,0,0,3,FALSE,1,6,A1W8Q8588VAV4R,20328,10.65,2024/4/16,1:48:40,38DCH97KI0MZQFKO6Z6X3S2YHYYQJ8,FALSE
3045139,Delphinium_nuttallianum,8731852,302368,https://crowdcurio-experiment-images.s3.amazonaws.com/Delphinium_nuttallianum/images/Delphinium_nuttallianum.3045139.jpg,0,6,0,FALSE,1,7,A1W8Q8588VAV4R,20328,13.06,2024/4/16,1:48:54,38DCH97KI0MZQFKO6Z6X3S2YHYYQJ8,FALSE
3045020,Delphinium_nuttallianum,8731844,302364,https://crowdcurio-experiment-images.s3.amazonaws.com/Delphinium_nuttallianum/images/Delphinium_nuttallianum.3045020.jpg,0,0,0,FALSE,2,1,A3KBRD8D4QMIFS,21278,8.18,2024/4/16,1:48:53,38DCH97KI0MZQFKO6Z6X3S2YHYYQJ8,FALSE
3045144,Delphinium_nuttallianum,8731900,302369,https://crowdcurio-experiment-images.s3.amazonaws.com/Delphinium_nuttallianum/images/Delphinium_nuttallianum.3045144.jpg,0,2,0,FALSE,1,8,A1W8Q8588VAV4R,20328,9.66,2024/4/16,1:49:06,38DCH97KI0MZQFKO6Z6X3S2YHYYQJ8,FALSE
3044996,Delphinium_nuttallianum,8732165,302362,https://crowdcurio-experiment-images.s3.amazonaws.com/Delphinium_nuttallianum/images/Delphinium_nuttallianum.3044996.jpg,1,12,7,FALSE,2,2,A3KBRD8D4QMIFS,21278,67.99,2024/4/16,1:50:06,38DCH97KI0MZQFKO6Z6X3S2YHYYQJ8,FALSE
3045905,Delphinium_nuttallianum,8731967,302370,https://crowdcurio-experiment-images.s3.amazonaws.com/Delphinium_nuttallianum/images/Delphinium_nuttallianum.3045905.jpg,0,4,5,FALSE,1,9,A1W8Q8588VAV4R,20328,15.37,2024/4/16,1:49:23,38DCH97KI0MZQFKO6Z6X3S2YHYYQJ8,FALSE
3046706,Delphinium_nuttallianum,8732021,302372,https://crowdcurio-experiment-images.s3.amazonaws.com/Delphinium_nuttallianum/images/Delphinium_nuttallianum.3046706.jpg,0,1,3,TRUE,1,10,A1W8Q8588VAV4R,20328,10.23,2024/4/16,1:49:34,38DCH97KI0MZQFKO6Z6X3S2YHYYQJ8,FALSE
3038678,Delphinium_nuttallianum,8732155,302346,https://crowdcurio-experiment-images.s3.amazonaws.com/Delphinium_nuttallianum/images/Delphinium_nuttallianum.3038678.jpg,0,7,6,FALSE,2,1,A1W8Q8588VAV4R,20328,16.61,2024/4/16,1:50:03,38DCH97KI0MZQFKO6Z6X3S2YHYYQJ8,FALSE
2835568,Delphinium_nuttallianum,8732230,302314,https://crowdcurio-experiment-images.s3.amazonaws.com/Delphinium_nuttallianum/images/Delphinium_nuttallianum.2835568.jpg,0,8,5,FALSE,2,2,A1W8Q8588VAV4R,20328,15.47,2024/4/16,1:50:20,38DCH97KI0MZQFKO6Z6X3S2YHYYQJ8,FALSE
3044986,Delphinium_nuttallianum,8732598,302361,https://crowdcurio-experiment-images.s3.amazonaws.com/Delphinium_nuttallianum/images/Delphinium_nuttallianum.3044986.jpg,4,18,7,FALSE,2,3,A3KBRD8D4QMIFS,21278,94.2,2024/4/16,1:51:44,38DCH97KI0MZQFKO6Z6X3S2YHYYQJ8,FALSE
3037311,Delphinium_nuttallianum,8732274,302345,https://crowdcurio-experiment-images.s3.amazonaws.com/Delphinium_nuttallianum/images/Delphinium_nuttallianum.3037311.jpg,0,2,0,FALSE,2,3,A1W8Q8588VAV4R,20328,8.65,2024/4/16,1:50:31,38DCH97KI0MZQFKO6Z6X3S2YHYYQJ8,FALSE
3030331,Delphinium_nuttallianum,8732305,302343,https://crowdcurio-experiment-images.s3.amazonaws.com/Delphinium_nuttallianum/images/Delphinium_nuttallianum.3030331.jpg,0,2,0,FALSE,2,4,A1W8Q8588VAV4R,20328,7.5,2024/4/16,1:50:40,38DCH97KI0MZQFKO6Z6X3S2YHYYQJ8,FALSE
3039081,Delphinium_nuttallianum,8732333,302347,https://crowdcurio-experiment-images.s3.amazonaws.com/Delphinium_nuttallianum/images/Delphinium_nuttallianum.3039081.jpg,0,2,0,FALSE,2,5,A1W8Q8588VAV4R,20328,6.51,2024/4/16,1:50:48,38DCH97KI0MZQFKO6Z6X3S2YHYYQJ8,FALSE
3037283,Delphinium_nuttallianum,8732370,302344,https://crowdcurio-experiment-images.s3.amazonaws.com/Delphinium_nuttallianum/images/Delphinium_nuttallianum.3037283.jpg,0,2,0,FALSE,2,6,A1W8Q8588VAV4R,20328,6.7,2024/4/16,1:50:56,38DCH97KI0MZQFKO6Z6X3S2YHYYQJ8,FALSE
2841554,Delphinium_nuttallianum,8732424,302315,https://crowdcurio-experiment-images.s3.amazonaws.com/Delphinium_nuttallianum/images/Delphinium_nuttallianum.2841554.jpg,0,2,0,FALSE,2,7,A1W8Q8588VAV4R,20328,9.53,2024/4/16,1:51:07,38DCH97KI0MZQFKO6Z6X3S2YHYYQJ8,FALSE
2835568,Delphinium_nuttallianum,8732508,302314,https://crowdcurio-experiment-images.s3.amazonaws.com/Delphinium_nuttallianum/images/Delphinium_nuttallianum.2835568.jpg,0,7,5,TRUE,2,8,A1W8Q8588VAV4R,20328,16.98,2024/4/16,1:51:25,38DCH97KI0MZQFKO6Z6X3S2YHYYQJ8,FALSE
3043104,Delphinium_nuttallianum,8732597,302349,https://crowdcurio-experiment-images.s3.amazonaws.com/Delphinium_nuttallianum/images/Delphinium_nuttallianum.3043104.jpg,0,9,0,FALSE,2,9,A1W8Q8588VAV4R,20328,17.24,2024/4/16,1:51:44,38DCH97KI0MZQFKO6Z6X3S2YHYYQJ8,FALSE
3040427,Delphinium_nuttallianum,8732714,302348,https://crowdcurio-experiment-images.s3.amazonaws.com/Delphinium_nuttallianum/images/Delphinium_nuttallianum.3040427.jpg,0,17,4,FALSE,2,10,A1W8Q8588VAV4R,20328,21.56,2024/4/16,1:52:07,38DCH97KI0MZQFKO6Z6X3S2YHYYQJ8,FALSE
3045005,Delphinium_nuttallianum,8733075,302363,https://crowdcurio-experiment-images.s3.amazonaws.com/Delphinium_nuttallianum/images/Delphinium_nuttallianum.3045005.jpg,17,17,0,FALSE,2,4,A3KBRD8D4QMIFS,21278,79.09,2024/4/16,1:53:08,38DCH97KI0MZQFKO6Z6X3S2YHYYQJ8,FALSE
507740,Delphinium_nuttallianum,8732832,301967,https://crowdcurio-experiment-images.s3.amazonaws.com/Delphinium_nuttallianum/images/Delphinium_nuttallianum.507740.jpg,0,4,0,FALSE,3,1,A1W8Q8588VAV4R,20328,9.15,2024/4/16,1:52:29,38DCH97KI0MZQFKO6Z6X3S2YHYYQJ8,FALSE
1719840,Delphinium_nuttallianum,8732880,302266,https://crowdcurio-experiment-images.s3.amazonaws.com/Delphinium_nuttallianum/images/Delphinium_nuttallianum.1719840.jpg,0,0,2,FALSE,3,2,A1W8Q8588VAV4R,20328,6.61,2024/4/16,1:52:37,38DCH97KI0MZQFKO6Z6X3S2YHYYQJ8,FALSE
1716598,Delphinium_nuttallianum,8732997,302262,https://crowdcurio-experiment-images.s3.amazonaws.com/Delphinium_nuttallianum/images/Delphinium_nuttallianum.1716598.jpg,0,2,2,FALSE,3,3,A1W8Q8588VAV4R,20328,15.74,2024/4/16,1:52:55,38DCH97KI0MZQFKO6Z6X3S2YHYYQJ8,FALSE
1717961,Delphinium_nuttallianum,8733037,302264,https://crowdcurio-experiment-images.s3.amazonaws.com/Delphinium_nuttallianum/images/Delphinium_nuttallianum.1717961.jpg,0,1,0,FALSE,3,4,A1W8Q8588VAV4R,20328,5.86,2024/4/16,1:53:02,38DCH97KI0MZQFKO6Z6X3S2YHYYQJ8,FALSE
1719840,Delphinium_nuttallianum,8733081,302266,https://crowdcurio-experiment-images.s3.amazonaws.com/Delphinium_nuttallianum/images/Delphinium_nuttallianum.1719840.jpg,0,0,2,TRUE,3,5,A1W8Q8588VAV4R,20328,6.46,2024/4/16,1:53:10,38DCH97KI0MZQFKO6Z6X3S2YHYYQJ8,FALSE
3045076,Delphinium_nuttallianum,8733843,302367,https://crowdcurio-experiment-images.s3.amazonaws.com/Delphinium_nuttallianum/images/Delphinium_nuttallianum.3045076.jpg,0,7,41,FALSE,2,5,A3KBRD8D4QMIFS,21278,115.72,2024/4/16,1:55:08,38DCH97KI0MZQFKO6Z6X3S2YHYYQJ8,FALSE
507742,Delphinium_nuttallianum,8733177,301968,https://crowdcurio-experiment-images.s3.amazonaws.com/Delphinium_nuttallianum/images/Delphinium_nuttallianum.507742.jpg,0,5,0,FALSE,3,6,A1W8Q8588VAV4R,20328,12.8,2024/4/16,1:53:24,38DCH97KI0MZQFKO6Z6X3S2YHYYQJ8,FALSE
1718089,Delphinium_nuttallianum,8733243,302265,https://crowdcurio-experiment-images.s3.amazonaws.com/Delphinium_nuttallianum/images/Delphinium_nuttallianum.1718089.jpg,0,3,0,FALSE,3,7,A1W8Q8588VAV4R,20328,9.38,2024/4/16,1:53:35,38DCH97KI0MZQFKO6Z6X3S2YHYYQJ8,FALSE
1720031,Delphinium_nuttallianum,8733335,302267,https://crowdcurio-experiment-images.s3.amazonaws.com/Delphinium_nuttallianum/images/Delphinium_nuttallianum.1720031.jpg,0,7,0,FALSE,3,8,A1W8Q8588VAV4R,20328,8.98,2024/4/16,1:53:46,38DCH97KI0MZQFKO6Z6X3S2YHYYQJ8,FALSE
1720471,Delphinium_nuttallianum,8733373,302268,https://crowdcurio-experiment-images.s3.amazonaws.com/Delphinium_nuttallianum/images/Delphinium_nuttallianum.1720471.jpg,0,5,0,FALSE,3,9,A1W8Q8588VAV4R,20328,7.25,2024/4/16,1:53:55,38DCH97KI0MZQFKO6Z6X3S2YHYYQJ8,FALSE
1716684,Delphinium_nuttallianum,8733453,302263,https://crowdcurio-experiment-images.s3.amazonaws.com/Delphinium_nuttallianum/images/Delphinium_nuttallianum.1716684.jpg,0,6,0,FALSE,3,10,A1W8Q8588VAV4R,20328,8.1,2024/4/16,1:54:05,38DCH97KI0MZQFKO6Z6X3S2YHYYQJ8,FALSE
507735,Delphinium_nuttallianum,8733573,301966,https://crowdcurio-experiment-images.s3.amazonaws.com/Delphinium_nuttallianum/images/Delphinium_nuttallianum.507735.jpg,0,9,2,FALSE,4,1,A1W8Q8588VAV4R,20328,10.35,2024/4/16,1:54:25,38DCH97KI0MZQFKO6Z6X3S2YHYYQJ8,FALSE
507733,Delphinium_nuttallianum,8733641,301965,https://crowdcurio-experiment-images.s3.amazonaws.com/Delphinium_nuttallianum/images/Delphinium_nuttallianum.507733.jpg,0,2,4,FALSE,4,2,A1W8Q8588VAV4R,20328,10.41,2024/4/16,1:54:37,38DCH97KI0MZQFKO6Z6X3S2YHYYQJ8,FALSE
27170244,Delphinium_nuttallianum,8733689,302923,https://crowdcurio-experiment-images.s3.amazonaws.com/Delphinium_nuttallianum/images/Delphinium_nuttallianum.27170244.jpg,0,3,0,FALSE,4,3,A1W8Q8588VAV4R,20328,6.1,2024/4/16,1:54:45,38DCH97KI0MZQFKO6Z6X3S2YHYYQJ8,FALSE
507729,Delphinium_nuttallianum,8733734,301961,https://crowdcurio-experiment-images.s3.amazonaws.com/Delphinium_nuttallianum/images/Delphinium_nuttallianum.507729.jpg,0,3,0,FALSE,4,4,A1W8Q8588VAV4R,20328,6.17,2024/4/16,1:54:53,38DCH97KI0MZQFKO6Z6X3S2YHYYQJ8,FALSE
507731,Delphinium_nuttallianum,8733791,301963,https://crowdcurio-experiment-images.s3.amazonaws.com/Delphinium_nuttallianum/images/Delphinium_nuttallianum.507731.jpg,0,2,0,FALSE,4,5,A1W8Q8588VAV4R,20328,6.22,2024/4/16,1:55:00,38DCH97KI0MZQFKO6Z6X3S2YHYYQJ8,FALSE
507730,Delphinium_nuttallianum,8733858,301962,https://crowdcurio-experiment-images.s3.amazonaws.com/Delphinium_nuttallianum/images/Delphinium_nuttallianum.507730.jpg,0,4,0,FALSE,4,6,A1W8Q8588VAV4R,20328,8.06,2024/4/16,1:55:10,38DCH97KI0MZQFKO6Z6X3S2YHYYQJ8,FALSE
3043823,Delphinium_nuttallianum,8734296,302350,https://crowdcurio-experiment-images.s3.amazonaws.com/Delphinium_nuttallianum/images/Delphinium_nuttallianum.3043823.jpg,10,11,0,FALSE,2,6,A3KBRD8D4QMIFS,21278,75.25,2024/4/16,1:56:27,38DCH97KI0MZQFKO6Z6X3S2YHYYQJ8,FALSE
507728,Delphinium_nuttallianum,8733902,301960,https://crowdcurio-experiment-images.s3.amazonaws.com/Delphinium_nuttallianum/images/Delphinium_nuttallianum.507728.jpg,0,2,0,FALSE,4,7,A1W8Q8588VAV4R,20328,8.42,2024/4/16,1:55:20,38DCH97KI0MZQFKO6Z6X3S2YHYYQJ8,FALSE
27170242,Delphinium_nuttallianum,8733946,302922,https://crowdcurio-experiment-images.s3.amazonaws.com/Delphinium_nuttallianum/images/Delphinium_nuttallianum.27170242.jpg,0,3,0,FALSE,4,8,A1W8Q8588VAV4R,20328,6.75,2024/4/16,1:55:28,38DCH97KI0MZQFKO6Z6X3S2YHYYQJ8,FALSE
507733,Delphinium_nuttallianum,8734004,301965,https://crowdcurio-experiment-images.s3.amazonaws.com/Delphinium_nuttallianum/images/Delphinium_nuttallianum.507733.jpg,0,2,5,TRUE,4,9,A1W8Q8588VAV4R,20328,10.71,2024/4/16,1:55:40,38DCH97KI0MZQFKO6Z6X3S2YHYYQJ8,FALSE
507732,Delphinium_nuttallianum,8734079,301964,https://crowdcurio-experiment-images.s3.amazonaws.com/Delphinium_nuttallianum/images/Delphinium_nuttallianum.507732.jpg,0,2,0,FALSE,4,10,A1W8Q8588VAV4R,20328,12.26,2024/4/16,1:55:54,38DCH97KI0MZQFKO6Z6X3S2YHYYQJ8,FALSE
2834935,Delphinium_nuttallianum,8734297,302312,https://crowdcurio-experiment-images.s3.amazonaws.com/Delphinium_nuttallianum/images/Delphinium_nuttallianum.2834935.jpg,3,12,5,FALSE,1,1,A2TIA66SC9IKB,21377,31.41,2024/4/16,1:56:27,38DCH97KI0MZQFKO6Z6X3S2YHYYQJ8,FALSE
27170240,Delphinium_nuttallianum,8734236,302920,https://crowdcurio-experiment-images.s3.amazonaws.com/Delphinium_nuttallianum/images/Delphinium_nuttallianum.27170240.jpg,0,7,0,FALSE,5,1,A1W8Q8588VAV4R,20328,11.81,2024/4/16,1:56:17,38DCH97KI0MZQFKO6Z6X3S2YHYYQJ8,FALSE
28899632,Delphinium_nuttallianum,8734306,302937,https://crowdcurio-experiment-images.s3.amazonaws.com/Delphinium_nuttallianum/images/Delphinium_nuttallianum.28899632.jpg,0,4,0,FALSE,5,2,A1W8Q8588VAV4R,20328,9.37,2024/4/16,1:56:28,38DCH97KI0MZQFKO6Z6X3S2YHYYQJ8,FALSE
3044996,Delphinium_nuttallianum,8734613,302362,https://crowdcurio-experiment-images.s3.amazonaws.com/Delphinium_nuttallianum/images/Delphinium_nuttallianum.3044996.jpg,0,11,7,TRUE,2,7,A3KBRD8D4QMIFS,21278,43.35,2024/4/16,1:57:12,38DCH97KI0MZQFKO6Z6X3S2YHYYQJ8,FALSE
27170246,Delphinium_nuttallianum,8734375,302924,https://crowdcurio-experiment-images.s3.amazonaws.com/Delphinium_nuttallianum/images/Delphinium_nuttallianum.27170246.jpg,0,2,0,FALSE,5,3,A1W8Q8588VAV4R,20328,8.23,2024/4/16,1:56:38,38DCH97KI0MZQFKO6Z6X3S2YHYYQJ8,FALSE
2826764,Delphinium_nuttallianum,8734687,302308,https://crowdcurio-experiment-images.s3.amazonaws.com/Delphinium_nuttallianum/images/Delphinium_nuttallianum.2826764.jpg,4,23,4,FALSE,1,2,A2TIA66SC9IKB,21377,53.43,2024/4/16,1:57:22,38DCH97KI0MZQFKO6Z6X3S2YHYYQJ8,FALSE
27170241,Delphinium_nuttallianum,8734460,302921,https://crowdcurio-experiment-images.s3.amazonaws.com/Delphinium_nuttallianum/images/Delphinium_nuttallianum.27170241.jpg,0,2,0,FALSE,5,4,A1W8Q8588VAV4R,20328,9.26,2024/4/16,1:56:49,38DCH97KI0MZQFKO6Z6X3S2YHYYQJ8,FALSE
28440540,Delphinium_nuttallianum,8734509,302935,https://crowdcurio-experiment-images.s3.amazonaws.com/Delphinium_nuttallianum/images/Delphinium_nuttallianum.28440540.jpg,0,2,0,FALSE,5,5,A1W8Q8588VAV4R,20328,5.04,2024/4/16,1:56:56,38DCH97KI0MZQFKO6Z6X3S2YHYYQJ8,FALSE
28223589,Delphinium_nuttallianum,8734579,302934,https://crowdcurio-experiment-images.s3.amazonaws.com/Delphinium_nuttallianum/images/Delphinium_nuttallianum.28223589.jpg,0,5,0,FALSE,5,6,A1W8Q8588VAV4R,20328,9.29,2024/4/16,1:57:07,38DCH97KI0MZQFKO6Z6X3S2YHYYQJ8,FALSE
27170237,Delphinium_nuttallianum,8734632,302918,https://crowdcurio-experiment-images.s3.amazonaws.com/Delphinium_nuttallianum/images/Delphinium_nuttallianum.27170237.jpg,0,3,0,FALSE,5,7,A1W8Q8588VAV4R,20328,5.6,2024/4/16,1:57:14,38DCH97KI0MZQFKO6Z6X3S2YHYYQJ8,FALSE
28899296,Delphinium_nuttallianum,8734710,302936,https://crowdcurio-experiment-images.s3.amazonaws.com/Delphinium_nuttallianum/images/Delphinium_nuttallianum.28899296.jpg,0,3,0,FALSE,5,8,A1W8Q8588VAV4R,20328,8.86,2024/4/16,1:57:24,38DCH97KI0MZQFKO6Z6X3S2YHYYQJ8,FALSE
27170238,Delphinium_nuttallianum,8734777,302919,https://crowdcurio-experiment-images.s3.amazonaws.com/Delphinium_nuttallianum/images/Delphinium_nuttallianum.27170238.jpg,0,3,0,FALSE,5,9,A1W8Q8588VAV4R,20328,7.83,2024/4/16,1:57:34,38DCH97KI0MZQFKO6Z6X3S2YHYYQJ8,FALSE
2833808,Delphinium_nuttallianum,8734795,302309,https://crowdcurio-experiment-images.s3.amazonaws.com/Delphinium_nuttallianum/images/Delphinium_nuttallianum.2833808.jpg,0,11,0,FALSE,1,3,A2TIA66SC9IKB,21377,13.05,2024/4/16,1:57:37,38DCH97KI0MZQFKO6Z6X3S2YHYYQJ8,FALSE
27170246,Delphinium_nuttallianum,8734814,302924,https://crowdcurio-experiment-images.s3.amazonaws.com/Delphinium_nuttallianum/images/Delphinium_nuttallianum.27170246.jpg,0,2,0,TRUE,5,10,A1W8Q8588VAV4R,20328,5.53,2024/4/16,1:57:41,38DCH97KI0MZQFKO6Z6X3S2YHYYQJ8,FALSE
2834205,Delphinium_nuttallianum,8734869,302310,https://crowdcurio-experiment-images.s3.amazonaws.com/Delphinium_nuttallianum/images/Delphinium_nuttallianum.2834205.jpg,0,4,1,FALSE,1,4,A2TIA66SC9IKB,21377,11.42,2024/4/16,1:57:50,38DCH97KI0MZQFKO6Z6X3S2YHYYQJ8,FALSE
27170203,Delphinium_nuttallianum,8734916,302910,https://crowdcurio-experiment-images.s3.amazonaws.com/Delphinium_nuttallianum/images/Delphinium_nuttallianum.27170203.jpg,0,2,0,FALSE,6,1,A1W8Q8588VAV4R,20328,7.93,2024/4/16,1:57:59,38DCH97KI0MZQFKO6Z6X3S2YHYYQJ8,FALSE
1751182,Delphinium_nuttallianum,8735024,302270,https://crowdcurio-experiment-images.s3.amazonaws.com/Delphinium_nuttallianum/images/Delphinium_nuttallianum.1751182.jpg,1,5,10,FALSE,1,5,A2TIA66SC9IKB,21377,27.8,2024/4/16,1:58:19,38DCH97KI0MZQFKO6Z6X3S2YHYYQJ8,FALSE
3045049,Delphinium_nuttallianum,8735025,302366,https://crowdcurio-experiment-images.s3.amazonaws.com/Delphinium_nuttallianum/images/Delphinium_nuttallianum.3045049.jpg,12,0,0,FALSE,2,8,A3KBRD8D4QMIFS,21278,62.76,2024/4/16,1:58:20,38DCH97KI0MZQFKO6Z6X3S2YHYYQJ8,FALSE
27170236,Delphinium_nuttallianum,8734966,302917,https://crowdcurio-experiment-images.s3.amazonaws.com/Delphinium_nuttallianum/images/Delphinium_nuttallianum.27170236.jpg,0,4,0,FALSE,6,2,A1W8Q8588VAV4R,20328,6.15,2024/4/16,1:58:07,38DCH97KI0MZQFKO6Z6X3S2YHYYQJ8,FALSE
27170212,Delphinium_nuttallianum,8735012,302913,https://crowdcurio-experiment-images.s3.amazonaws.com/Delphinium_nuttallianum/images/Delphinium_nuttallianum.27170212.jpg,0,2,0,FALSE,6,3,A1W8Q8588VAV4R,20328,9.04,2024/4/16,1:58:18,38DCH97KI0MZQFKO6Z6X3S2YHYYQJ8,FALSE
1740781,Delphinium_nuttallianum,8735155,302269,https://crowdcurio-experiment-images.s3.amazonaws.com/Delphinium_nuttallianum/images/Delphinium_nuttallianum.1740781.jpg,0,9,4,FALSE,1,6,A2TIA66SC9IKB,21377,22.01,2024/4/16,1:58:43,38DCH97KI0MZQFKO6Z6X3S2YHYYQJ8,FALSE
27170215,Delphinium_nuttallianum,8735054,302914,https://crowdcurio-experiment-images.s3.amazonaws.com/Delphinium_nuttallianum/images/Delphinium_nuttallianum.27170215.jpg,0,2,0,FALSE,6,4,A1W8Q8588VAV4R,20328,6.47,2024/4/16,1:58:26,38DCH97KI0MZQFKO6Z6X3S2YHYYQJ8,FALSE
27170234,Delphinium_nuttallianum,8735115,302916,https://crowdcurio-experiment-images.s3.amazonaws.com/Delphinium_nuttallianum/images/Delphinium_nuttallianum.27170234.jpg,0,4,0,FALSE,6,5,A1W8Q8588VAV4R,20328,9.59,2024/4/16,1:58:37,38DCH97KI0MZQFKO6Z6X3S2YHYYQJ8,FALSE
3043824,Delphinium_nuttallianum,8735211,302351,https://crowdcurio-experiment-images.s3.amazonaws.com/Delphinium_nuttallianum/images/Delphinium_nuttallianum.3043824.jpg,0,5,3,FALSE,2,9,A3KBRD8D4QMIFS,21278,29.39,2024/4/16,1:58:53,38DCH97KI0MZQFKO6Z6X3S2YHYYQJ8,FALSE
27170202,Delphinium_nuttallianum,8735165,302909,https://crowdcurio-experiment-images.s3.amazonaws.com/Delphinium_nuttallianum/images/Delphinium_nuttallianum.27170202.jpg,0,2,0,FALSE,6,6,A1W8Q8588VAV4R,20328,6.87,2024/4/16,1:58:45,38DCH97KI0MZQFKO6Z6X3S2YHYYQJ8,FALSE
2826072,Delphinium_nuttallianum,8735280,302307,https://crowdcurio-experiment-images.s3.amazonaws.com/Delphinium_nuttallianum/images/Delphinium_nuttallianum.2826072.jpg,0,19,0,FALSE,1,7,A2TIA66SC9IKB,21377,22.11,2024/4/16,1:59:07,38DCH97KI0MZQFKO6Z6X3S2YHYYQJ8,FALSE
27170203,Delphinium_nuttallianum,8735200,302910,https://crowdcurio-experiment-images.s3.amazonaws.com/Delphinium_nuttallianum/images/Delphinium_nuttallianum.27170203.jpg,0,1,0,TRUE,6,7,A1W8Q8588VAV4R,20328,5.59,2024/4/16,1:58:52,38DCH97KI0MZQFKO6Z6X3S2YHYYQJ8,FALSE
27170208,Delphinium_nuttallianum,8735232,302911,https://crowdcurio-experiment-images.s3.amazonaws.com/Delphinium_nuttallianum/images/Delphinium_nuttallianum.27170208.jpg,0,1,0,FALSE,6,8,A1W8Q8588VAV4R,20328,5.05,2024/4/16,1:58:58,38DCH97KI0MZQFKO6Z6X3S2YHYYQJ8,FALSE
27170210,Delphinium_nuttallianum,8735281,302912,https://crowdcurio-experiment-images.s3.amazonaws.com/Delphinium_nuttallianum/images/Delphinium_nuttallianum.27170210.jpg,0,3,0,FALSE,6,9,A1W8Q8588VAV4R,20328,7.23,2024/4/16,1:59:07,38DCH97KI0MZQFKO6Z6X3S2YHYYQJ8,FALSE
3045030,Delphinium_nuttallianum,8735514,302365,https://crowdcurio-experiment-images.s3.amazonaws.com/Delphinium_nuttallianum/images/Delphinium_nuttallianum.3045030.jpg,0,24,0,FALSE,2,10,A3KBRD8D4QMIFS,21278,49.63,2024/4/16,1:59:47,38DCH97KI0MZQFKO6Z6X3S2YHYYQJ8,FALSE
27170230,Delphinium_nuttallianum,8735317,302915,https://crowdcurio-experiment-images.s3.amazonaws.com/Delphinium_nuttallianum/images/Delphinium_nuttallianum.27170230.jpg,0,3,0,FALSE,6,10,A1W8Q8588VAV4R,20328,5.13,2024/4/16,1:59:14,38DCH97KI0MZQFKO6Z6X3S2YHYYQJ8,FALSE
1751182,Delphinium_nuttallianum,8735435,302270,https://crowdcurio-experiment-images.s3.amazonaws.com/Delphinium_nuttallianum/images/Delphinium_nuttallianum.1751182.jpg,0,4,8,TRUE,1,8,A2TIA66SC9IKB,21377,25.52,2024/4/16,1:59:34,38DCH97KI0MZQFKO6Z6X3S2YHYYQJ8,FALSE
2834936,Delphinium_nuttallianum,8735543,302313,https://crowdcurio-experiment-images.s3.amazonaws.com/Delphinium_nuttallianum/images/Delphinium_nuttallianum.2834936.jpg,0,10,0,FALSE,1,9,A2TIA66SC9IKB,21377,17.35,2024/4/16,1:59:53,38DCH97KI0MZQFKO6Z6X3S2YHYYQJ8,FALSE
2834590,Delphinium_nuttallianum,8735670,302311,https://crowdcurio-experiment-images.s3.amazonaws.com/Delphinium_nuttallianum/images/Delphinium_nuttallianum.2834590.jpg,0,3,8,FALSE,1,10,A2TIA66SC9IKB,21377,19.55,2024/4/16,2:00:14,38DCH97KI0MZQFKO6Z6X3S2YHYYQJ8,FALSE
3075407,Delphinium_nuttallianum,8751446,302385,https://crowdcurio-experiment-images.s3.amazonaws.com/Delphinium_nuttallianum/images/Delphinium_nuttallianum.3075407.jpg,6,8,0,FALSE,1,1,A3RKHRV9MLBDYD,21456,94.73,2024/4/16,3:04:03,38DCH97KI0MZQFKO6Z6X3S2YHYYQJ8,FALSE
3075404,Delphinium_nuttallianum,8751597,302384,https://crowdcurio-experiment-images.s3.amazonaws.com/Delphinium_nuttallianum/images/Delphinium_nuttallianum.3075404.jpg,0,3,3,FALSE,1,2,A3RKHRV9MLBDYD,21456,39.38,2024/4/16,3:04:44,38DCH97KI0MZQFKO6Z6X3S2YHYYQJ8,FALSE
3075500,Delphinium_nuttallianum,8751785,302387,https://crowdcurio-experiment-images.s3.amazonaws.com/Delphinium_nuttallianum/images/Delphinium_nuttallianum.3075500.jpg,8,9,0,FALSE,1,3,A3RKHRV9MLBDYD,21456,51.51,2024/4/16,3:05:37,38DCH97KI0MZQFKO6Z6X3S2YHYYQJ8,FALSE
1659323,Delphinium_nuttallianum,8752515,302234,https://crowdcurio-experiment-images.s3.amazonaws.com/Delphinium_nuttallianum/images/Delphinium_nuttallianum.1659323.jpg,4,15,14,FALSE,1,4,A3RKHRV9MLBDYD,21456,206.88,2024/4/16,3:09:05,38DCH97KI0MZQFKO6Z6X3S2YHYYQJ8,FALSE
1657279,Delphinium_nuttallianum,8752744,302232,https://crowdcurio-experiment-images.s3.amazonaws.com/Delphinium_nuttallianum/images/Delphinium_nuttallianum.1657279.jpg,1,14,1,FALSE,1,5,A3RKHRV9MLBDYD,21456,76.67,2024/4/16,3:10:24,38DCH97KI0MZQFKO6Z6X3S2YHYYQJ8,FALSE
3075445,Delphinium_nuttallianum,8753049,302386,https://crowdcurio-experiment-images.s3.amazonaws.com/Delphinium_nuttallianum/images/Delphinium_nuttallianum.3075445.jpg,0,18,2,FALSE,1,6,A3RKHRV9MLBDYD,21456,74.28,2024/4/16,3:11:40,38DCH97KI0MZQFKO6Z6X3S2YHYYQJ8,FALSE
1656827,Delphinium_nuttallianum,8753355,302231,https://crowdcurio-experiment-images.s3.amazonaws.com/Delphinium_nuttallianum/images/Delphinium_nuttallianum.1656827.jpg,1,16,5,FALSE,1,7,A3RKHRV9MLBDYD,21456,80.83,2024/4/16,3:13:02,38DCH97KI0MZQFKO6Z6X3S2YHYYQJ8,FALSE
1658226,Delphinium_nuttallianum,8753549,302233,https://crowdcurio-experiment-images.s3.amazonaws.com/Delphinium_nuttallianum/images/Delphinium_nuttallianum.1658226.jpg,0,7,5,FALSE,1,8,A3RKHRV9MLBDYD,21456,66.07,2024/4/16,3:14:10,38DCH97KI0MZQFKO6Z6X3S2YHYYQJ8,FALSE
3060489,Delphinium_nuttallianum,8753758,302383,https://crowdcurio-experiment-images.s3.amazonaws.com/Delphinium_nuttallianum/images/Delphinium_nuttallianum.3060489.jpg,5,9,0,FALSE,1,9,A3RKHRV9MLBDYD,21456,53.2,2024/4/16,3:15:05,38DCH97KI0MZQFKO6Z6X3S2YHYYQJ8,FALSE
3075407,Delphinium_nuttallianum,8753901,302385,https://crowdcurio-experiment-images.s3.amazonaws.com/Delphinium_nuttallianum/images/Delphinium_nuttallianum.3075407.jpg,5,9,0,TRUE,1,10,A3RKHRV9MLBDYD,21456,58.16,2024/4/16,3:16:04,38DCH97KI0MZQFKO6Z6X3S2YHYYQJ8,FALSE
21980449,Delphinium_nuttallianum,8754142,302823,https://crowdcurio-experiment-images.s3.amazonaws.com/Delphinium_nuttallianum/images/Delphinium_nuttallianum.21980449.jpg,2,4,0,FALSE,2,1,A3RKHRV9MLBDYD,21456,40.41,2024/4/16,3:17:05,38DCH97KI0MZQFKO6Z6X3S2YHYYQJ8,FALSE
4750072,Delphinium_nuttallianum,8754292,302496,https://crowdcurio-experiment-images.s3.amazonaws.com/Delphinium_nuttallianum/images/Delphinium_nuttallianum.4750072.jpg,2,5,1,FALSE,2,2,A3RKHRV9MLBDYD,21456,46.48,2024/4/16,3:17:53,38DCH97KI0MZQFKO6Z6X3S2YHYYQJ8,FALSE
4746978,Delphinium_nuttallianum,8754415,302494,https://crowdcurio-experiment-images.s3.amazonaws.com/Delphinium_nuttallianum/images/Delphinium_nuttallianum.4746978.jpg,0,9,0,FALSE,2,3,A3RKHRV9MLBDYD,21456,30.29,2024/4/16,3:18:25,38DCH97KI0MZQFKO6Z6X3S2YHYYQJ8,FALSE
21980450,Delphinium_nuttallianum,8754579,302824,https://crowdcurio-experiment-images.s3.amazonaws.com/Delphinium_nuttallianum/images/Delphinium_nuttallianum.21980450.jpg,2,9,1,FALSE,2,4,A3RKHRV9MLBDYD,21456,38.37,2024/4/16,3:19:05,38DCH97KI0MZQFKO6Z6X3S2YHYYQJ8,FALSE
21980448,Delphinium_nuttallianum,8754680,302822,https://crowdcurio-experiment-images.s3.amazonaws.com/Delphinium_nuttallianum/images/Delphinium_nuttallianum.21980448.jpg,0,1,0,FALSE,2,5,A3RKHRV9MLBDYD,21456,33.27,2024/4/16,3:19:40,38DCH97KI0MZQFKO6Z6X3S2YHYYQJ8,FALSE
21980452,Delphinium_nuttallianum,8755087,302825,https://crowdcurio-experiment-images.s3.amazonaws.com/Delphinium_nuttallianum/images/Delphinium_nuttallianum.21980452.jpg,19,11,1,FALSE,2,6,A3RKHRV9MLBDYD,21456,95.52,2024/4/16,3:21:17,38DCH97KI0MZQFKO6Z6X3S2YHYYQJ8,FALSE
21980447,Delphinium_nuttallianum,8755266,302821,https://crowdcurio-experiment-images.s3.amazonaws.com/Delphinium_nuttallianum/images/Delphinium_nuttallianum.21980447.jpg,0,5,6,FALSE,2,7,A3RKHRV9MLBDYD,21456,54.1,2024/4/16,3:22:13,38DCH97KI0MZQFKO6Z6X3S2YHYYQJ8,FALSE
21980013,Delphinium_nuttallianum,8755493,302816,https://crowdcurio-experiment-images.s3.amazonaws.com/Delphinium_nuttallianum/images/Delphinium_nuttallianum.21980013.jpg,4,13,1,FALSE,1,1,A3KZ2TO55A3EV7,21451,75.16,2024/4/16,3:23:05,38DCH97KI0MZQFKO6Z6X3S2YHYYQJ8,FALSE
4746978,Delphinium_nuttallianum,8755447,302494,https://crowdcurio-experiment-images.s3.amazonaws.com/Delphinium_nuttallianum/images/Delphinium_nuttallianum.4746978.jpg,0,10,0,TRUE,2,8,A3RKHRV9MLBDYD,21456,39.51,2024/4/16,3:22:54,38DCH97KI0MZQFKO6Z6X3S2YHYYQJ8,FALSE
21980445,Delphinium_nuttallianum,8755608,302819,https://crowdcurio-experiment-images.s3.amazonaws.com/Delphinium_nuttallianum/images/Delphinium_nuttallianum.21980445.jpg,4,13,0,FALSE,1,2,A3KZ2TO55A3EV7,21451,30.51,2024/4/16,3:23:37,38DCH97KI0MZQFKO6Z6X3S2YHYYQJ8,FALSE
4750034,Delphinium_nuttallianum,8755674,302495,https://crowdcurio-experiment-images.s3.amazonaws.com/Delphinium_nuttallianum/images/Delphinium_nuttallianum.4750034.jpg,0,6,6,FALSE,2,9,A3RKHRV9MLBDYD,21456,53.53,2024/4/16,3:23:49,38DCH97KI0MZQFKO6Z6X3S2YHYYQJ8,FALSE
21980442,Delphinium_nuttallianum,8755820,302817,https://crowdcurio-experiment-images.s3.amazonaws.com/Delphinium_nuttallianum/images/Delphinium_nuttallianum.21980442.jpg,0,17,3,FALSE,1,3,A3KZ2TO55A3EV7,21451,39.61,2024/4/16,3:24:18,38DCH97KI0MZQFKO6Z6X3S2YHYYQJ8,FALSE
21980454,Delphinium_nuttallianum,8755963,302826,https://crowdcurio-experiment-images.s3.amazonaws.com/Delphinium_nuttallianum/images/Delphinium_nuttallianum.21980454.jpg,0,11,4,FALSE,2,10,A3RKHRV9MLBDYD,21456,55.56,2024/4/16,3:24:46,38DCH97KI0MZQFKO6Z6X3S2YHYYQJ8,FALSE
18612099,Delphinium_nuttallianum,8756159,302767,https://crowdcurio-experiment-images.s3.amazonaws.com/Delphinium_nuttallianum/images/Delphinium_nuttallianum.18612099.jpg,1,12,16,FALSE,1,4,A3KZ2TO55A3EV7,21451,74.59,2024/4/16,3:25:34,38DCH97KI0MZQFKO6Z6X3S2YHYYQJ8,FALSE
3048446,Delphinium_nuttallianum,8756269,302378,https://crowdcurio-experiment-images.s3.amazonaws.com/Delphinium_nuttallianum/images/Delphinium_nuttallianum.3048446.jpg,6,15,0,FALSE,3,1,A3RKHRV9MLBDYD,21456,55.34,2024/4/16,3:25:59,38DCH97KI0MZQFKO6Z6X3S2YHYYQJ8,FALSE
21980446,Delphinium_nuttallianum,8756342,302820,https://crowdcurio-experiment-images.s3.amazonaws.com/Delphinium_nuttallianum/images/Delphinium_nuttallianum.21980446.jpg,6,7,0,FALSE,1,5,A3KZ2TO55A3EV7,21451,40.05,2024/4/16,3:26:15,38DCH97KI0MZQFKO6Z6X3S2YHYYQJ8,FALSE
13037466,Delphinium_nuttallianum,8756384,302596,https://crowdcurio-experiment-images.s3.amazonaws.com/Delphinium_nuttallianum/images/Delphinium_nuttallianum.13037466.jpg,0,1,3,FALSE,3,2,A3RKHRV9MLBDYD,21456,25.34,2024/4/16,3:26:26,38DCH97KI0MZQFKO6Z6X3S2YHYYQJ8,FALSE
21980445,Delphinium_nuttallianum,8756504,302819,https://crowdcurio-experiment-images.s3.amazonaws.com/Delphinium_nuttallianum/images/Delphinium_nuttallianum.21980445.jpg,0,20,0,TRUE,1,6,A3KZ2TO55A3EV7,21451,32.12,2024/4/16,3:26:48,38DCH97KI0MZQFKO6Z6X3S2YHYYQJ8,FALSE
3047938,Delphinium_nuttallianum,8756617,302377,https://crowdcurio-experiment-images.s3.amazonaws.com/Delphinium_nuttallianum/images/Delphinium_nuttallianum.3047938.jpg,2,10,0,FALSE,3,3,A3RKHRV9MLBDYD,21456,40.43,2024/4/16,3:27:08,38DCH97KI0MZQFKO6Z6X3S2YHYYQJ8,FALSE
21980444,Delphinium_nuttallianum,8756607,302818,https://crowdcurio-experiment-images.s3.amazonaws.com/Delphinium_nuttallianum/images/Delphinium_nuttallianum.21980444.jpg,1,3,0,FALSE,1,7,A3KZ2TO55A3EV7,21451,17.27,2024/4/16,3:27:07,38DCH97KI0MZQFKO6Z6X3S2YHYYQJ8,FALSE
21749880,Delphinium_nuttallianum,8756739,302813,https://crowdcurio-experiment-images.s3.amazonaws.com/Delphinium_nuttallianum/images/Delphinium_nuttallianum.21749880.jpg,0,13,3,FALSE,1,8,A3KZ2TO55A3EV7,21451,28.09,2024/4/16,3:27:36,38DCH97KI0MZQFKO6Z6X3S2YHYYQJ8,FALSE
13036864,Delphinium_nuttallianum,8756811,302593,https://crowdcurio-experiment-images.s3.amazonaws.com/Delphinium_nuttallianum/images/Delphinium_nuttallianum.13036864.jpg,0,8,1,FALSE,3,4,A3RKHRV9MLBDYD,21456,42.25,2024/4/16,3:27:52,38DCH97KI0MZQFKO6Z6X3S2YHYYQJ8,FALSE
21974383,Delphinium_nuttallianum,8756895,302815,https://crowdcurio-experiment-images.s3.amazonaws.com/Delphinium_nuttallianum/images/Delphinium_nuttallianum.21974383.jpg,0,17,0,FALSE,1,9,A3KZ2TO55A3EV7,21451,29.25,2024/4/16,3:28:07,38DCH97KI0MZQFKO6Z6X3S2YHYYQJ8,FALSE
3047938,Delphinium_nuttallianum,8757144,302377,https://crowdcurio-experiment-images.s3.amazonaws.com/Delphinium_nuttallianum/images/Delphinium_nuttallianum.3047938.jpg,3,13,0,TRUE,3,5,A3RKHRV9MLBDYD,21456,60.21,2024/4/16,3:28:54,38DCH97KI0MZQFKO6Z6X3S2YHYYQJ8,FALSE
17188566,Delphinium_nuttallianum,8757476,302764,https://crowdcurio-experiment-images.s3.amazonaws.com/Delphinium_nuttallianum/images/Delphinium_nuttallianum.17188566.jpg,0,14,7,FALSE,1,1,A1OFRW8QAOMRDW,21487,193.79,2024/4/16,3:30:14,38DCH97KI0MZQFKO6Z6X3S2YHYYQJ8,FALSE
21930672,Delphinium_nuttallianum,8757064,302814,https://crowdcurio-experiment-images.s3.amazonaws.com/Delphinium_nuttallianum/images/Delphinium_nuttallianum.21930672.jpg,0,16,0,FALSE,1,10,A3KZ2TO55A3EV7,21451,26.31,2024/4/16,3:28:35,38DCH97KI0MZQFKO6Z6X3S2YHYYQJ8,FALSE
21980445,Delphinium_nuttallianum,8757396,302819,https://crowdcurio-experiment-images.s3.amazonaws.com/Delphinium_nuttallianum/images/Delphinium_nuttallianum.21980445.jpg,5,13,0,FALSE,3,6,A3RKHRV9MLBDYD,21456,59.22,2024/4/16,3:29:54,38DCH97KI0MZQFKO6Z6X3S2YHYYQJ8,FALSE
13015439,Delphinium_nuttallianum,8757725,302574,https://crowdcurio-experiment-images.s3.amazonaws.com/Delphinium_nuttallianum/images/Delphinium_nuttallianum.13015439.jpg,0,6,10,FALSE,3,7,A3RKHRV9MLBDYD,21456,78.01,2024/4/16,3:31:14,38DCH97KI0MZQFKO6Z6X3S2YHYYQJ8,FALSE
27170198,Delphinium_nuttallianum,8757946,302908,https://crowdcurio-experiment-images.s3.amazonaws.com/Delphinium_nuttallianum/images/Delphinium_nuttallianum.27170198.jpg,0,10,3,FALSE,3,8,A3RKHRV9MLBDYD,21456,52.22,2024/4/16,3:32:08,38DCH97KI0MZQFKO6Z6X3S2YHYYQJ8,FALSE
3049062,Delphinium_nuttallianum,8758138,302379,https://crowdcurio-experiment-images.s3.amazonaws.com/Delphinium_nuttallianum/images/Delphinium_nuttallianum.3049062.jpg,0,2,13,FALSE,3,9,A3RKHRV9MLBDYD,21456,59.63,2024/4/16,3:33:09,38DCH97KI0MZQFKO6Z6X3S2YHYYQJ8,FALSE
17520482,Delphinium_nuttallianum,8758232,302765,https://crowdcurio-experiment-images.s3.amazonaws.com/Delphinium_nuttallianum/images/Delphinium_nuttallianum.17520482.jpg,0,9,3,FALSE,1,2,A1OFRW8QAOMRDW,21487,206.71,2024/4/16,3:33:42,38DCH97KI0MZQFKO6Z6X3S2YHYYQJ8,FALSE
13037397,Delphinium_nuttallianum,8758274,302594,https://crowdcurio-experiment-images.s3.amazonaws.com/Delphinium_nuttallianum/images/Delphinium_nuttallianum.13037397.jpg,0,18,0,FALSE,3,10,A3RKHRV9MLBDYD,21456,44.01,2024/4/16,3:33:55,38DCH97KI0MZQFKO6Z6X3S2YHYYQJ8,FALSE
3051400,Delphinium_nuttallianum,8758909,302382,https://crowdcurio-experiment-images.s3.amazonaws.com/Delphinium_nuttallianum/images/Delphinium_nuttallianum.3051400.jpg,7,25,0,FALSE,1,3,A1OFRW8QAOMRDW,21487,184.36,2024/4/16,3:36:48,38DCH97KI0MZQFKO6Z6X3S2YHYYQJ8,FALSE
1659561,Delphinium_nuttallianum,8759234,302237,https://crowdcurio-experiment-images.s3.amazonaws.com/Delphinium_nuttallianum/images/Delphinium_nuttallianum.1659561.jpg,0,14,0,FALSE,1,4,A1OFRW8QAOMRDW,21487,119.83,2024/4/16,3:38:50,38DCH97KI0MZQFKO6Z6X3S2YHYYQJ8,FALSE
3050499,Delphinium_nuttallianum,8759538,302381,https://crowdcurio-experiment-images.s3.amazonaws.com/Delphinium_nuttallianum/images/Delphinium_nuttallianum.3050499.jpg,10,22,0,FALSE,1,5,A1OFRW8QAOMRDW,21487,141.47,2024/4/16,3:41:13,38DCH97KI0MZQFKO6Z6X3S2YHYYQJ8,FALSE
13037449,Delphinium_nuttallianum,8759498,302595,https://crowdcurio-experiment-images.s3.amazonaws.com/Delphinium_nuttallianum/images/Delphinium_nuttallianum.13037449.jpg,1,5,3,FALSE,1,1,AJGUOCBDHS23P,19916,81.22,2024/4/16,3:40:56,38DCH97KI0MZQFKO6Z6X3S2YHYYQJ8,FALSE
27170198,Delphinium_nuttallianum,8759674,302908,https://crowdcurio-experiment-images.s3.amazonaws.com/Delphinium_nuttallianum/images/Delphinium_nuttallianum.27170198.jpg,0,14,3,FALSE,1,2,AJGUOCBDHS23P,19916,59.42,2024/4/16,3:41:56,38DCH97KI0MZQFKO6Z6X3S2YHYYQJ8,FALSE
3050356,Delphinium_nuttallianum,8759814,302380,https://crowdcurio-experiment-images.s3.amazonaws.com/Delphinium_nuttallianum/images/Delphinium_nuttallianum.3050356.jpg,8,11,0,FALSE,1,6,A1OFRW8QAOMRDW,21487,91.03,2024/4/16,3:42:46,38DCH97KI0MZQFKO6Z6X3S2YHYYQJ8,FALSE
13015270,Delphinium_nuttallianum,8759795,302572,https://crowdcurio-experiment-images.s3.amazonaws.com/Delphinium_nuttallianum/images/Delphinium_nuttallianum.13015270.jpg,0,13,5,FALSE,1,3,AJGUOCBDHS23P,19916,40.97,2024/4/16,3:42:38,38DCH97KI0MZQFKO6Z6X3S2YHYYQJ8,FALSE
13037397,Delphinium_nuttallianum,8759924,302594,https://crowdcurio-experiment-images.s3.amazonaws.com/Delphinium_nuttallianum/images/Delphinium_nuttallianum.13037397.jpg,0,13,3,FALSE,1,4,AJGUOCBDHS23P,19916,42.05,2024/4/16,3:43:21,38DCH97KI0MZQFKO6Z6X3S2YHYYQJ8,FALSE
6095370,Delphinium_nuttallianum,8759990,302539,https://crowdcurio-experiment-images.s3.amazonaws.com/Delphinium_nuttallianum/images/Delphinium_nuttallianum.6095370.jpg,8,9,0,FALSE,1,1,A3MV1P73VHXHAQ,20055,70.24,2024/4/16,3:43:55,38DCH97KI0MZQFKO6Z6X3S2YHYYQJ8,FALSE
1659456,Delphinium_nuttallianum,8760081,302235,https://crowdcurio-experiment-images.s3.amazonaws.com/Delphinium_nuttallianum/images/Delphinium_nuttallianum.1659456.jpg,0,7,4,FALSE,1,7,A1OFRW8QAOMRDW,21487,103.66,2024/4/16,3:44:31,38DCH97KI0MZQFKO6Z6X3S2YHYYQJ8,FALSE
27170196,Delphinium_nuttallianum,8760004,302907,https://crowdcurio-experiment-images.s3.amazonaws.com/Delphinium_nuttallianum/images/Delphinium_nuttallianum.27170196.jpg,3,2,8,FALSE,1,5,AJGUOCBDHS23P,19916,37.18,2024/4/16,3:44:00,38DCH97KI0MZQFKO6Z6X3S2YHYYQJ8,FALSE
13037466,Delphinium_nuttallianum,8760067,302596,https://crowdcurio-experiment-images.s3.amazonaws.com/Delphinium_nuttallianum/images/Delphinium_nuttallianum.13037466.jpg,1,4,2,FALSE,1,6,AJGUOCBDHS23P,19916,25.32,2024/4/16,3:44:26,38DCH97KI0MZQFKO6Z6X3S2YHYYQJ8,FALSE
6086919,Delphinium_nuttallianum,8760044,302536,https://crowdcurio-experiment-images.s3.amazonaws.com/Delphinium_nuttallianum/images/Delphinium_nuttallianum.6086919.jpg,0,2,0,FALSE,1,2,A3MV1P73VHXHAQ,20055,15.47,2024/4/16,3:44:16,38DCH97KI0MZQFKO6Z6X3S2YHYYQJ8,FALSE
6082253,Delphinium_nuttallianum,8760129,302535,https://crowdcurio-experiment-images.s3.amazonaws.com/Delphinium_nuttallianum/images/Delphinium_nuttallianum.6082253.jpg,6,3,1,FALSE,1,3,A3MV1P73VHXHAQ,20055,25.91,2024/4/16,3:44:45,38DCH97KI0MZQFKO6Z6X3S2YHYYQJ8,FALSE
13015439,Delphinium_nuttallianum,8760181,302574,https://crowdcurio-experiment-images.s3.amazonaws.com/Delphinium_nuttallianum/images/Delphinium_nuttallianum.13015439.jpg,2,17,2,FALSE,1,7,AJGUOCBDHS23P,19916,34.91,2024/4/16,3:45:02,38DCH97KI0MZQFKO6Z6X3S2YHYYQJ8,FALSE
1659561,Delphinium_nuttallianum,8760366,302237,https://crowdcurio-experiment-images.s3.amazonaws.com/Delphinium_nuttallianum/images/Delphinium_nuttallianum.1659561.jpg,0,15,0,TRUE,1,8,A1OFRW8QAOMRDW,21487,80.69,2024/4/16,3:45:53,38DCH97KI0MZQFKO6Z6X3S2YHYYQJ8,FALSE
18533595,Delphinium_nuttallianum,8760367,302766,https://crowdcurio-experiment-images.s3.amazonaws.com/Delphinium_nuttallianum/images/Delphinium_nuttallianum.18533595.jpg,5,10,2,FALSE,1,4,A3MV1P73VHXHAQ,20055,64.78,2024/4/16,3:45:53,38DCH97KI0MZQFKO6Z6X3S2YHYYQJ8,FALSE
13036864,Delphinium_nuttallianum,8760296,302593,https://crowdcurio-experiment-images.s3.amazonaws.com/Delphinium_nuttallianum/images/Delphinium_nuttallianum.13036864.jpg,2,7,1,FALSE,1,8,AJGUOCBDHS23P,19916,32.21,2024/4/16,3:45:35,38DCH97KI0MZQFKO6Z6X3S2YHYYQJ8,FALSE
27170198,Delphinium_nuttallianum,8760445,302908,https://crowdcurio-experiment-images.s3.amazonaws.com/Delphinium_nuttallianum/images/Delphinium_nuttallianum.27170198.jpg,0,13,5,TRUE,1,9,AJGUOCBDHS23P,19916,42.47,2024/4/16,3:46:19,38DCH97KI0MZQFKO6Z6X3S2YHYYQJ8,FALSE
4750178,Delphinium_nuttallianum,8760409,302497,https://crowdcurio-experiment-images.s3.amazonaws.com/Delphinium_nuttallianum/images/Delphinium_nuttallianum.4750178.jpg,0,2,0,FALSE,1,5,A3MV1P73VHXHAQ,20055,9.49,2024/4/16,3:46:06,38DCH97KI0MZQFKO6Z6X3S2YHYYQJ8,FALSE
18533595,Delphinium_nuttallianum,8760551,302766,https://crowdcurio-experiment-images.s3.amazonaws.com/Delphinium_nuttallianum/images/Delphinium_nuttallianum.18533595.jpg,0,10,0,FALSE,1,9,A1OFRW8QAOMRDW,21487,72.44,2024/4/16,3:47:07,38DCH97KI0MZQFKO6Z6X3S2YHYYQJ8,FALSE
6091639,Delphinium_nuttallianum,8760528,302537,https://crowdcurio-experiment-images.s3.amazonaws.com/Delphinium_nuttallianum/images/Delphinium_nuttallianum.6091639.jpg,4,2,0,FALSE,1,6,A3MV1P73VHXHAQ,20055,36.21,2024/4/16,3:46:48,38DCH97KI0MZQFKO6Z6X3S2YHYYQJ8,FALSE
13015347,Delphinium_nuttallianum,8760533,302573,https://crowdcurio-experiment-images.s3.amazonaws.com/Delphinium_nuttallianum/images/Delphinium_nuttallianum.13015347.jpg,0,11,4,FALSE,1,10,AJGUOCBDHS23P,19916,31.19,2024/4/16,3:46:51,38DCH97KI0MZQFKO6Z6X3S2YHYYQJ8,FALSE
6094330,Delphinium_nuttallianum,8760616,302538,https://crowdcurio-experiment-images.s3.amazonaws.com/Delphinium_nuttallianum/images/Delphinium_nuttallianum.6094330.jpg,6,10,0,FALSE,1,7,A3MV1P73VHXHAQ,20055,43.33,2024/4/16,3:47:36,38DCH97KI0MZQFKO6Z6X3S2YHYYQJ8,FALSE
17520482,Delphinium_nuttallianum,8760627,302765,https://crowdcurio-experiment-images.s3.amazonaws.com/Delphinium_nuttallianum/images/Delphinium_nuttallianum.17520482.jpg,3,7,0,FALSE,2,1,AJGUOCBDHS23P,19916,29.96,2024/4/16,3:47:40,38DCH97KI0MZQFKO6Z6X3S2YHYYQJ8,FALSE
1659532,Delphinium_nuttallianum,8760692,302236,https://crowdcurio-experiment-images.s3.amazonaws.com/Delphinium_nuttallianum/images/Delphinium_nuttallianum.1659532.jpg,1,6,0,FALSE,1,10,A1OFRW8QAOMRDW,21487,52.54,2024/4/16,3:48:01,38DCH97KI0MZQFKO6Z6X3S2YHYYQJ8,FALSE
1659532,Delphinium_nuttallianum,8760737,302236,https://crowdcurio-experiment-images.s3.amazonaws.com/Delphinium_nuttallianum/images/Delphinium_nuttallianum.1659532.jpg,0,13,3,FALSE,2,2,AJGUOCBDHS23P,19916,35.21,2024/4/16,3:48:16,38DCH97KI0MZQFKO6Z6X3S2YHYYQJ8,FALSE
6086919,Delphinium_nuttallianum,8760661,302536,https://crowdcurio-experiment-images.s3.amazonaws.com/Delphinium_nuttallianum/images/Delphinium_nuttallianum.6086919.jpg,0,2,0,TRUE,1,8,A3MV1P73VHXHAQ,20055,16.06,2024/4/16,3:47:54,38DCH97KI0MZQFKO6Z6X3S2YHYYQJ8,FALSE
6081982,Delphinium_nuttallianum,8760743,302534,https://crowdcurio-experiment-images.s3.amazonaws.com/Delphinium_nuttallianum/images/Delphinium_nuttallianum.6081982.jpg,0,6,3,FALSE,1,9,A3MV1P73VHXHAQ,20055,20.31,2024/4/16,3:48:18,38DCH97KI0MZQFKO6Z6X3S2YHYYQJ8,FALSE
3050499,Delphinium_nuttallianum,8760855,302381,https://crowdcurio-experiment-images.s3.amazonaws.com/Delphinium_nuttallianum/images/Delphinium_nuttallianum.3050499.jpg,0,20,2,FALSE,2,3,AJGUOCBDHS23P,19916,33.15,2024/4/16,3:48:50,38DCH97KI0MZQFKO6Z6X3S2YHYYQJ8,FALSE
6460602,Delphinium_nuttallianum,8760936,302540,https://crowdcurio-experiment-images.s3.amazonaws.com/Delphinium_nuttallianum/images/Delphinium_nuttallianum.6460602.jpg,11,16,3,FALSE,1,10,A3MV1P73VHXHAQ,20055,52.04,2024/4/16,3:49:13,38DCH97KI0MZQFKO6Z6X3S2YHYYQJ8,FALSE
1659561,Delphinium_nuttallianum,8761015,302237,https://crowdcurio-experiment-images.s3.amazonaws.com/Delphinium_nuttallianum/images/Delphinium_nuttallianum.1659561.jpg,0,25,5,FALSE,2,4,AJGUOCBDHS23P,19916,54.82,2024/4/16,3:49:45,38DCH97KI0MZQFKO6Z6X3S2YHYYQJ8,FALSE
13014958,Delphinium_nuttallianum,8761081,302570,https://crowdcurio-experiment-images.s3.amazonaws.com/Delphinium_nuttallianum/images/Delphinium_nuttallianum.13014958.jpg,0,14,1,FALSE,2,1,A3MV1P73VHXHAQ,20055,42.62,2024/4/16,3:50:14,38DCH97KI0MZQFKO6Z6X3S2YHYYQJ8,FALSE
3050499,Delphinium_nuttallianum,8761160,302381,https://crowdcurio-experiment-images.s3.amazonaws.com/Delphinium_nuttallianum/images/Delphinium_nuttallianum.3050499.jpg,0,35,2,TRUE,2,5,AJGUOCBDHS23P,19916,55.76,2024/4/16,3:50:42,38DCH97KI0MZQFKO6Z6X3S2YHYYQJ8,FALSE
1659456,Delphinium_nuttallianum,8761256,302235,https://crowdcurio-experiment-images.s3.amazonaws.com/Delphinium_nuttallianum/images/Delphinium_nuttallianum.1659456.jpg,0,6,3,FALSE,2,6,AJGUOCBDHS23P,19916,36.75,2024/4/16,3:51:20,38DCH97KI0MZQFKO6Z6X3S2YHYYQJ8,FALSE
17188566,Delphinium_nuttallianum,8761359,302764,https://crowdcurio-experiment-images.s3.amazonaws.com/Delphinium_nuttallianum/images/Delphinium_nuttallianum.17188566.jpg,1,8,4,FALSE,2,7,AJGUOCBDHS23P,19916,33.57,2024/4/16,3:51:55,38DCH97KI0MZQFKO6Z6X3S2YHYYQJ8,FALSE
6094330,Delphinium_nuttallianum,8761476,302538,https://crowdcurio-experiment-images.s3.amazonaws.com/Delphinium_nuttallianum/images/Delphinium_nuttallianum.6094330.jpg,0,16,2,FALSE,2,8,AJGUOCBDHS23P,19916,40.27,2024/4/16,3:52:36,38DCH97KI0MZQFKO6Z6X3S2YHYYQJ8,FALSE
3050356,Delphinium_nuttallianum,8761582,302380,https://crowdcurio-experiment-images.s3.amazonaws.com/Delphinium_nuttallianum/images/Delphinium_nuttallianum.3050356.jpg,0,15,1,FALSE,2,9,AJGUOCBDHS23P,19916,32.67,2024/4/16,3:53:10,38DCH97KI0MZQFKO6Z6X3S2YHYYQJ8,FALSE
3051400,Delphinium_nuttallianum,8761742,302382,https://crowdcurio-experiment-images.s3.amazonaws.com/Delphinium_nuttallianum/images/Delphinium_nuttallianum.3051400.jpg,0,28,4,FALSE,2,10,AJGUOCBDHS23P,19916,47.74,2024/4/16,3:53:58,38DCH97KI0MZQFKO6Z6X3S2YHYYQJ8,FALSE
1563272,Delphinium_nuttallianum,8766796,302155,https://crowdcurio-experiment-images.s3.amazonaws.com/Delphinium_nuttallianum/images/Delphinium_nuttallianum.1563272.jpg,1,8,3,FALSE,2,2,A3MV1P73VHXHAQ,20055,1430.39,2024/4/16,4:14:10,38DCH97KI0MZQFKO6Z6X3S2YHYYQJ8,FALSE
7758275,Delphinium_nuttallianum,8767002,302542,https://crowdcurio-experiment-images.s3.amazonaws.com/Delphinium_nuttallianum/images/Delphinium_nuttallianum.7758275.jpg,1,12,1,FALSE,2,3,A3MV1P73VHXHAQ,20055,42.71,2024/4/16,4:14:57,38DCH97KI0MZQFKO6Z6X3S2YHYYQJ8,FALSE
1270365,Delphinium_nuttallianum,8767128,302061,https://crowdcurio-experiment-images.s3.amazonaws.com/Delphinium_nuttallianum/images/Delphinium_nuttallianum.1270365.jpg,0,7,1,FALSE,2,4,A3MV1P73VHXHAQ,20055,24.55,2024/4/16,4:15:26,38DCH97KI0MZQFKO6Z6X3S2YHYYQJ8,FALSE
1563272,Delphinium_nuttallianum,8767265,302155,https://crowdcurio-experiment-images.s3.amazonaws.com/Delphinium_nuttallianum/images/Delphinium_nuttallianum.1563272.jpg,0,9,3,TRUE,2,5,A3MV1P73VHXHAQ,20055,32.16,2024/4/16,4:16:00,38DCH97KI0MZQFKO6Z6X3S2YHYYQJ8,FALSE
13015149,Delphinium_nuttallianum,8767498,302571,https://crowdcurio-experiment-images.s3.amazonaws.com/Delphinium_nuttallianum/images/Delphinium_nuttallianum.13015149.jpg,5,6,3,FALSE,2,6,A3MV1P73VHXHAQ,20055,53.6,2024/4/16,4:16:57,38DCH97KI0MZQFKO6Z6X3S2YHYYQJ8,FALSE
507791,Delphinium_nuttallianum,8767673,301989,https://crowdcurio-experiment-images.s3.amazonaws.com/Delphinium_nuttallianum/images/Delphinium_nuttallianum.507791.jpg,0,10,12,FALSE,2,7,A3MV1P73VHXHAQ,20055,50.92,2024/4/16,4:17:52,38DCH97KI0MZQFKO6Z6X3S2YHYYQJ8,FALSE
1563569,Delphinium_nuttallianum,8767850,302157,https://crowdcurio-experiment-images.s3.amazonaws.com/Delphinium_nuttallianum/images/Delphinium_nuttallianum.1563569.jpg,1,11,0,FALSE,2,8,A3MV1P73VHXHAQ,20055,27.86,2024/4/16,4:18:27,38DCH97KI0MZQFKO6Z6X3S2YHYYQJ8,FALSE
1144545,Delphinium_nuttallianum,8768100,302039,https://crowdcurio-experiment-images.s3.amazonaws.com/Delphinium_nuttallianum/images/Delphinium_nuttallianum.1144545.jpg,0,10,9,FALSE,2,9,A3MV1P73VHXHAQ,20055,60.87,2024/4/16,4:19:31,38DCH97KI0MZQFKO6Z6X3S2YHYYQJ8,FALSE
7103728,Delphinium_nuttallianum,8768324,302541,https://crowdcurio-experiment-images.s3.amazonaws.com/Delphinium_nuttallianum/images/Delphinium_nuttallianum.7103728.jpg,0,17,3,FALSE,2,10,A3MV1P73VHXHAQ,20055,45.39,2024/4/16,4:20:20,38DCH97KI0MZQFKO6Z6X3S2YHYYQJ8,FALSE
13823351,Delphinium_nuttallianum,8777166,302635,https://crowdcurio-experiment-images.s3.amazonaws.com/Delphinium_nuttallianum/images/Delphinium_nuttallianum.13823351.jpg,0,13,0,FALSE,1,1,AZH5L5ADLQEA2,21692,174.37,2024/4/16,5:03:18,38DCH97KI0MZQFKO6Z6X3S2YHYYQJ8,FALSE
13823401,Delphinium_nuttallianum,8777463,302671,https://crowdcurio-experiment-images.s3.amazonaws.com/Delphinium_nuttallianum/images/Delphinium_nuttallianum.13823401.jpg,1,13,0,FALSE,1,2,AZH5L5ADLQEA2,21692,71.26,2024/4/16,5:04:31,38DCH97KI0MZQFKO6Z6X3S2YHYYQJ8,FALSE
13823419,Delphinium_nuttallianum,8777707,302680,https://crowdcurio-experiment-images.s3.amazonaws.com/Delphinium_nuttallianum/images/Delphinium_nuttallianum.13823419.jpg,0,4,1,FALSE,1,3,AZH5L5ADLQEA2,21692,66.82,2024/4/16,5:05:39,38DCH97KI0MZQFKO6Z6X3S2YHYYQJ8,FALSE
13823351,Delphinium_nuttallianum,8778094,302635,https://crowdcurio-experiment-images.s3.amazonaws.com/Delphinium_nuttallianum/images/Delphinium_nuttallianum.13823351.jpg,0,13,0,TRUE,1,4,AZH5L5ADLQEA2,21692,130.69,2024/4/16,5:07:51,38DCH97KI0MZQFKO6Z6X3S2YHYYQJ8,FALSE
13823376,Delphinium_nuttallianum,8778273,302655,https://crowdcurio-experiment-images.s3.amazonaws.com/Delphinium_nuttallianum/images/Delphinium_nuttallianum.13823376.jpg,0,14,3,FALSE,1,5,AZH5L5ADLQEA2,21692,48.35,2024/4/16,5:08:41,38DCH97KI0MZQFKO6Z6X3S2YHYYQJ8,FALSE
13823365,Delphinium_nuttallianum,8778485,302645,https://crowdcurio-experiment-images.s3.amazonaws.com/Delphinium_nuttallianum/images/Delphinium_nuttallianum.13823365.jpg,1,19,2,FALSE,1,6,AZH5L5ADLQEA2,21692,63.84,2024/4/16,5:09:47,38DCH97KI0MZQFKO6Z6X3S2YHYYQJ8,FALSE
13823413,Delphinium_nuttallianum,8778791,302676,https://crowdcurio-experiment-images.s3.amazonaws.com/Delphinium_nuttallianum/images/Delphinium_nuttallianum.13823413.jpg,3,20,3,FALSE,1,7,AZH5L5ADLQEA2,21692,88.03,2024/4/16,5:11:17,38DCH97KI0MZQFKO6Z6X3S2YHYYQJ8,FALSE
13823352,Delphinium_nuttallianum,8779298,302636,https://crowdcurio-experiment-images.s3.amazonaws.com/Delphinium_nuttallianum/images/Delphinium_nuttallianum.13823352.jpg,0,25,18,FALSE,1,8,AZH5L5ADLQEA2,21692,140.64,2024/4/16,5:13:40,38DCH97KI0MZQFKO6Z6X3S2YHYYQJ8,FALSE
13823364,Delphinium_nuttallianum,8779797,302644,https://crowdcurio-experiment-images.s3.amazonaws.com/Delphinium_nuttallianum/images/Delphinium_nuttallianum.13823364.jpg,1,25,1,FALSE,1,9,AZH5L5ADLQEA2,21692,150.88,2024/4/16,5:16:12,38DCH97KI0MZQFKO6Z6X3S2YHYYQJ8,FALSE
13823358,Delphinium_nuttallianum,8779885,302640,https://crowdcurio-experiment-images.s3.amazonaws.com/Delphinium_nuttallianum/images/Delphinium_nuttallianum.13823358.jpg,0,12,0,FALSE,1,10,AZH5L5ADLQEA2,21692,21.54,2024/4/16,5:16:37,38DCH97KI0MZQFKO6Z6X3S2YHYYQJ8,FALSE
7827571,Delphinium_nuttallianum,8780009,302543,https://crowdcurio-experiment-images.s3.amazonaws.com/Delphinium_nuttallianum/images/Delphinium_nuttallianum.7827571.jpg,0,10,0,FALSE,1,1,ANKMFPLT0IQU2,20365,34.24,2024/4/16,5:17:19,38DCH97KI0MZQFKO6Z6X3S2YHYYQJ8,FALSE
7923770,Delphinium_nuttallianum,8780125,302545,https://crowdcurio-experiment-images.s3.amazonaws.com/Delphinium_nuttallianum/images/Delphinium_nuttallianum.7923770.jpg,0,22,0,FALSE,1,2,ANKMFPLT0IQU2,20365,30.11,2024/4/16,5:17:51,38DCH97KI0MZQFKO6Z6X3S2YHYYQJ8,FALSE
10338299,Delphinium_nuttallianum,8780179,302550,https://crowdcurio-experiment-images.s3.amazonaws.com/Delphinium_nuttallianum/images/Delphinium_nuttallianum.10338299.jpg,0,7,0,FALSE,1,3,ANKMFPLT0IQU2,20365,15.14,2024/4/16,5:18:08,38DCH97KI0MZQFKO6Z6X3S2YHYYQJ8,FALSE
7851368,Delphinium_nuttallianum,8780242,302544,https://crowdcurio-experiment-images.s3.amazonaws.com/Delphinium_nuttallianum/images/Delphinium_nuttallianum.7851368.jpg,0,14,0,FALSE,1,4,ANKMFPLT0IQU2,20365,20.32,2024/4/16,5:18:30,38DCH97KI0MZQFKO6Z6X3S2YHYYQJ8,FALSE
8604645,Delphinium_nuttallianum,8780324,302547,https://crowdcurio-experiment-images.s3.amazonaws.com/Delphinium_nuttallianum/images/Delphinium_nuttallianum.8604645.jpg,0,12,0,FALSE,1,5,ANKMFPLT0IQU2,20365,25.28,2024/4/16,5:18:57,38DCH97KI0MZQFKO6Z6X3S2YHYYQJ8,FALSE
7924039,Delphinium_nuttallianum,8780397,302546,https://crowdcurio-experiment-images.s3.amazonaws.com/Delphinium_nuttallianum/images/Delphinium_nuttallianum.7924039.jpg,0,9,0,FALSE,1,6,ANKMFPLT0IQU2,20365,22.18,2024/4/16,5:19:21,38DCH97KI0MZQFKO6Z6X3S2YHYYQJ8,FALSE
9339080,Delphinium_nuttallianum,8780511,302548,https://crowdcurio-experiment-images.s3.amazonaws.com/Delphinium_nuttallianum/images/Delphinium_nuttallianum.9339080.jpg,0,21,0,FALSE,1,7,ANKMFPLT0IQU2,20365,24.9,2024/4/16,5:19:47,38DCH97KI0MZQFKO6Z6X3S2YHYYQJ8,FALSE
6081757,Delphinium_nuttallianum,8780566,302533,https://crowdcurio-experiment-images.s3.amazonaws.com/Delphinium_nuttallianum/images/Delphinium_nuttallianum.6081757.jpg,0,13,0,FALSE,1,8,ANKMFPLT0IQU2,20365,18.44,2024/4/16,5:20:07,38DCH97KI0MZQFKO6Z6X3S2YHYYQJ8,FALSE
11268194,Delphinium_nuttallianum,8780662,302552,https://crowdcurio-experiment-images.s3.amazonaws.com/Delphinium_nuttallianum/images/Delphinium_nuttallianum.11268194.jpg,1,18,2,FALSE,1,9,ANKMFPLT0IQU2,20365,38.45,2024/4/16,5:20:47,38DCH97KI0MZQFKO6Z6X3S2YHYYQJ8,FALSE
8604645,Delphinium_nuttallianum,8780755,302547,https://crowdcurio-experiment-images.s3.amazonaws.com/Delphinium_nuttallianum/images/Delphinium_nuttallianum.8604645.jpg,0,12,0,TRUE,1,10,ANKMFPLT0IQU2,20365,21.06,2024/4/16,5:21:09,38DCH97KI0MZQFKO6Z6X3S2YHYYQJ8,FALSE
6041374,Delphinium_nuttallianum,8780916,302520,https://crowdcurio-experiment-images.s3.amazonaws.com/Delphinium_nuttallianum/images/Delphinium_nuttallianum.6041374.jpg,0,5,0,FALSE,2,1,ANKMFPLT0IQU2,20365,19.29,2024/4/16,5:21:48,38DCH97KI0MZQFKO6Z6X3S2YHYYQJ8,FALSE
5644136,Delphinium_nuttallianum,8781003,302515,https://crowdcurio-experiment-images.s3.amazonaws.com/Delphinium_nuttallianum/images/Delphinium_nuttallianum.5644136.jpg,0,15,0,FALSE,2,2,ANKMFPLT0IQU2,20365,20.72,2024/4/16,5:22:10,38DCH97KI0MZQFKO6Z6X3S2YHYYQJ8,FALSE
6050363,Delphinium_nuttallianum,8781042,302523,https://crowdcurio-experiment-images.s3.amazonaws.com/Delphinium_nuttallianum/images/Delphinium_nuttallianum.6050363.jpg,0,7,0,FALSE,2,3,ANKMFPLT0IQU2,20365,10.07,2024/4/16,5:22:22,38DCH97KI0MZQFKO6Z6X3S2YHYYQJ8,FALSE
5761165,Delphinium_nuttallianum,8781060,302516,https://crowdcurio-experiment-images.s3.amazonaws.com/Delphinium_nuttallianum/images/Delphinium_nuttallianum.5761165.jpg,0,5,0,FALSE,2,4,ANKMFPLT0IQU2,20365,6.72,2024/4/16,5:22:30,38DCH97KI0MZQFKO6Z6X3S2YHYYQJ8,FALSE
6040068,Delphinium_nuttallianum,8781096,302519,https://crowdcurio-experiment-images.s3.amazonaws.com/Delphinium_nuttallianum/images/Delphinium_nuttallianum.6040068.jpg,0,6,0,FALSE,2,5,ANKMFPLT0IQU2,20365,9.32,2024/4/16,5:22:41,38DCH97KI0MZQFKO6Z6X3S2YHYYQJ8,FALSE
6038205,Delphinium_nuttallianum,8781173,302518,https://crowdcurio-experiment-images.s3.amazonaws.com/Delphinium_nuttallianum/images/Delphinium_nuttallianum.6038205.jpg,0,15,0,FALSE,2,6,ANKMFPLT0IQU2,20365,18.47,2024/4/16,5:23:01,38DCH97KI0MZQFKO6Z6X3S2YHYYQJ8,FALSE
6043530,Delphinium_nuttallianum,8781235,302521,https://crowdcurio-experiment-images.s3.amazonaws.com/Delphinium_nuttallianum/images/Delphinium_nuttallianum.6043530.jpg,0,19,0,FALSE,2,7,ANKMFPLT0IQU2,20365,18.25,2024/4/16,5:23:21,38DCH97KI0MZQFKO6Z6X3S2YHYYQJ8,FALSE
6043853,Delphinium_nuttallianum,8781309,302522,https://crowdcurio-experiment-images.s3.amazonaws.com/Delphinium_nuttallianum/images/Delphinium_nuttallianum.6043853.jpg,0,19,0,FALSE,2,8,ANKMFPLT0IQU2,20365,15.6,2024/4/16,5:23:38,38DCH97KI0MZQFKO6Z6X3S2YHYYQJ8,FALSE
6043530,Delphinium_nuttallianum,8781403,302521,https://crowdcurio-experiment-images.s3.amazonaws.com/Delphinium_nuttallianum/images/Delphinium_nuttallianum.6043530.jpg,0,16,0,TRUE,2,9,ANKMFPLT0IQU2,20365,20.16,2024/4/16,5:23:59,38DCH97KI0MZQFKO6Z6X3S2YHYYQJ8,FALSE
6033870,Delphinium_nuttallianum,8781438,302517,https://crowdcurio-experiment-images.s3.amazonaws.com/Delphinium_nuttallianum/images/Delphinium_nuttallianum.6033870.jpg,0,6,0,FALSE,2,10,ANKMFPLT0IQU2,20365,9.36,2024/4/16,5:24:10,38DCH97KI0MZQFKO6Z6X3S2YHYYQJ8,FALSE
13018085,Delphinium_nuttallianum,8783149,302584,https://crowdcurio-experiment-images.s3.amazonaws.com/Delphinium_nuttallianum/images/Delphinium_nuttallianum.13018085.jpg,7,24,3,FALSE,1,1,A1A5TTD74U70ST,21727,97.58,2024/4/16,5:30:55,38DCH97KI0MZQFKO6Z6X3S2YHYYQJ8,FALSE
13038451,Delphinium_nuttallianum,8783744,302599,https://crowdcurio-experiment-images.s3.amazonaws.com/Delphinium_nuttallianum/images/Delphinium_nuttallianum.13038451.jpg,4,12,2,FALSE,1,2,A1A5TTD74U70ST,21727,141.76,2024/4/16,5:33:18,38DCH97KI0MZQFKO6Z6X3S2YHYYQJ8,FALSE
13038308,Delphinium_nuttallianum,8784083,302598,https://crowdcurio-experiment-images.s3.amazonaws.com/Delphinium_nuttallianum/images/Delphinium_nuttallianum.13038308.jpg,3,2,9,FALSE,1,3,A1A5TTD74U70ST,21727,63.22,2024/4/16,5:34:23,38DCH97KI0MZQFKO6Z6X3S2YHYYQJ8,FALSE
13017806,Delphinium_nuttallianum,8784278,302583,https://crowdcurio-experiment-images.s3.amazonaws.com/Delphinium_nuttallianum/images/Delphinium_nuttallianum.13017806.jpg,0,8,5,FALSE,1,4,A1A5TTD74U70ST,21727,41.87,2024/4/16,5:35:07,38DCH97KI0MZQFKO6Z6X3S2YHYYQJ8,FALSE
13022820,Delphinium_nuttallianum,8784526,302587,https://crowdcurio-experiment-images.s3.amazonaws.com/Delphinium_nuttallianum/images/Delphinium_nuttallianum.13022820.jpg,1,20,4,FALSE,1,5,A1A5TTD74U70ST,21727,59.36,2024/4/16,5:36:07,38DCH97KI0MZQFKO6Z6X3S2YHYYQJ8,FALSE
13037663,Delphinium_nuttallianum,8784761,302597,https://crowdcurio-experiment-images.s3.amazonaws.com/Delphinium_nuttallianum/images/Delphinium_nuttallianum.13037663.jpg,1,5,8,FALSE,1,6,A1A5TTD74U70ST,21727,57.49,2024/4/16,5:37:06,38DCH97KI0MZQFKO6Z6X3S2YHYYQJ8,FALSE
13020212,Delphinium_nuttallianum,8785011,302585,https://crowdcurio-experiment-images.s3.amazonaws.com/Delphinium_nuttallianum/images/Delphinium_nuttallianum.13020212.jpg,1,20,1,FALSE,1,7,A1A5TTD74U70ST,21727,49.47,2024/4/16,5:37:57,38DCH97KI0MZQFKO6Z6X3S2YHYYQJ8,FALSE
13017694,Delphinium_nuttallianum,8785169,302582,https://crowdcurio-experiment-images.s3.amazonaws.com/Delphinium_nuttallianum/images/Delphinium_nuttallianum.13017694.jpg,1,6,3,FALSE,1,8,A1A5TTD74U70ST,21727,38.39,2024/4/16,5:38:37,38DCH97KI0MZQFKO6Z6X3S2YHYYQJ8,FALSE
4707170,Delphinium_nuttallianum,8786204,302459,https://crowdcurio-experiment-images.s3.amazonaws.com/Delphinium_nuttallianum/images/Delphinium_nuttallianum.4707170.jpg,0,9,3,FALSE,1,1,A10FCQ7R6OGXF8,21754,175.95,2024/4/16,5:43:08,38DCH97KI0MZQFKO6Z6X3S2YHYYQJ8,FALSE
4707384,Delphinium_nuttallianum,8786353,302462,https://crowdcurio-experiment-images.s3.amazonaws.com/Delphinium_nuttallianum/images/Delphinium_nuttallianum.4707384.jpg,0,21,0,FALSE,1,2,A10FCQ7R6OGXF8,21754,29.41,2024/4/16,5:43:39,38DCH97KI0MZQFKO6Z6X3S2YHYYQJ8,FALSE
4741202,Delphinium_nuttallianum,8786548,302478,https://crowdcurio-experiment-images.s3.amazonaws.com/Delphinium_nuttallianum/images/Delphinium_nuttallianum.4741202.jpg,1,4,6,FALSE,1,1,A2OOH359FX85IX,21529,565.57,2024/4/16,5:44:26,38DCH97KI0MZQFKO6Z6X3S2YHYYQJ8,FALSE
4709308,Delphinium_nuttallianum,8786533,302464,https://crowdcurio-experiment-images.s3.amazonaws.com/Delphinium_nuttallianum/images/Delphinium_nuttallianum.4709308.jpg,0,10,0,FALSE,1,3,A10FCQ7R6OGXF8,21754,40.34,2024/4/16,5:44:22,38DCH97KI0MZQFKO6Z6X3S2YHYYQJ8,FALSE
4707170,Delphinium_nuttallianum,8786591,302459,https://crowdcurio-experiment-images.s3.amazonaws.com/Delphinium_nuttallianum/images/Delphinium_nuttallianum.4707170.jpg,0,10,0,TRUE,1,4,A10FCQ7R6OGXF8,21754,16.03,2024/4/16,5:44:39,38DCH97KI0MZQFKO6Z6X3S2YHYYQJ8,FALSE
4745831,Delphinium_nuttallianum,8786773,302485,https://crowdcurio-experiment-images.s3.amazonaws.com/Delphinium_nuttallianum/images/Delphinium_nuttallianum.4745831.jpg,0,24,0,FALSE,1,2,A2OOH359FX85IX,21529,62.55,2024/4/16,5:45:30,38DCH97KI0MZQFKO6Z6X3S2YHYYQJ8,FALSE
4709378,Delphinium_nuttallianum,8786699,302466,https://crowdcurio-experiment-images.s3.amazonaws.com/Delphinium_nuttallianum/images/Delphinium_nuttallianum.4709378.jpg,0,12,1,FALSE,1,5,A10FCQ7R6OGXF8,21754,24.2,2024/4/16,5:45:05,38DCH97KI0MZQFKO6Z6X3S2YHYYQJ8,FALSE
4709486,Delphinium_nuttallianum,8786834,302467,https://crowdcurio-experiment-images.s3.amazonaws.com/Delphinium_nuttallianum/images/Delphinium_nuttallianum.4709486.jpg,0,8,5,FALSE,1,6,A10FCQ7R6OGXF8,21754,46.88,2024/4/16,5:45:54,38DCH97KI0MZQFKO6Z6X3S2YHYYQJ8,FALSE
4707329,Delphinium_nuttallianum,8786947,302461,https://crowdcurio-experiment-images.s3.amazonaws.com/Delphinium_nuttallianum/images/Delphinium_nuttallianum.4707329.jpg,0,11,2,FALSE,1,7,A10FCQ7R6OGXF8,21754,23.73,2024/4/16,5:46:20,38DCH97KI0MZQFKO6Z6X3S2YHYYQJ8,FALSE
4709309,Delphinium_nuttallianum,8787006,302465,https://crowdcurio-experiment-images.s3.amazonaws.com/Delphinium_nuttallianum/images/Delphinium_nuttallianum.4709309.jpg,0,3,3,FALSE,1,8,A10FCQ7R6OGXF8,21754,21.51,2024/4/16,5:46:43,38DCH97KI0MZQFKO6Z6X3S2YHYYQJ8,FALSE
4709170,Delphinium_nuttallianum,8787144,302463,https://crowdcurio-experiment-images.s3.amazonaws.com/Delphinium_nuttallianum/images/Delphinium_nuttallianum.4709170.jpg,0,6,7,FALSE,1,9,A10FCQ7R6OGXF8,21754,36.02,2024/4/16,5:47:21,38DCH97KI0MZQFKO6Z6X3S2YHYYQJ8,FALSE
4707195,Delphinium_nuttallianum,8787314,302460,https://crowdcurio-experiment-images.s3.amazonaws.com/Delphinium_nuttallianum/images/Delphinium_nuttallianum.4707195.jpg,0,9,2,FALSE,1,10,A10FCQ7R6OGXF8,21754,34.64,2024/4/16,5:47:57,38DCH97KI0MZQFKO6Z6X3S2YHYYQJ8,FALSE
4709663,Delphinium_nuttallianum,8788594,302468,https://crowdcurio-experiment-images.s3.amazonaws.com/Delphinium_nuttallianum/images/Delphinium_nuttallianum.4709663.jpg,0,27,3,FALSE,1,1,A27UIKE8ZQOC6I,19333,180.04,2024/4/16,5:52:50,38DCH97KI0MZQFKO6Z6X3S2YHYYQJ8,FALSE
4745687,Delphinium_nuttallianum,8788098,302482,https://crowdcurio-experiment-images.s3.amazonaws.com/Delphinium_nuttallianum/images/Delphinium_nuttallianum.4745687.jpg,0,13,0,FALSE,1,3,A2OOH359FX85IX,21529,338.7,2024/4/16,5:51:11,38DCH97KI0MZQFKO6Z6X3S2YHYYQJ8,FALSE
4745749,Delphinium_nuttallianum,8789450,302484,https://crowdcurio-experiment-images.s3.amazonaws.com/Delphinium_nuttallianum/images/Delphinium_nuttallianum.4745749.jpg,0,11,2,FALSE,1,4,A2OOH359FX85IX,21529,271.72,2024/4/16,5:55:45,38DCH97KI0MZQFKO6Z6X3S2YHYYQJ8,FALSE
4711238,Delphinium_nuttallianum,8789799,302469,https://crowdcurio-experiment-images.s3.amazonaws.com/Delphinium_nuttallianum/images/Delphinium_nuttallianum.4711238.jpg,0,23,6,FALSE,1,2,A27UIKE8ZQOC6I,19333,228.11,2024/4/16,5:56:42,38DCH97KI0MZQFKO6Z6X3S2YHYYQJ8,FALSE
4741202,Delphinium_nuttallianum,8789740,302478,https://crowdcurio-experiment-images.s3.amazonaws.com/Delphinium_nuttallianum/images/Delphinium_nuttallianum.4741202.jpg,0,4,4,TRUE,1,5,A2OOH359FX85IX,21529,44.98,2024/4/16,5:56:31,38DCH97KI0MZQFKO6Z6X3S2YHYYQJ8,FALSE
4740092,Delphinium_nuttallianum,8790159,302474,https://crowdcurio-experiment-images.s3.amazonaws.com/Delphinium_nuttallianum/images/Delphinium_nuttallianum.4740092.jpg,0,4,7,FALSE,1,3,A27UIKE8ZQOC6I,19333,78.61,2024/4/16,5:58:04,38DCH97KI0MZQFKO6Z6X3S2YHYYQJ8,FALSE
4731871,Delphinium_nuttallianum,8790288,302470,https://crowdcurio-experiment-images.s3.amazonaws.com/Delphinium_nuttallianum/images/Delphinium_nuttallianum.4731871.jpg,0,8,1,FALSE,1,4,A27UIKE8ZQOC6I,19333,32.56,2024/4/16,5:58:40,38DCH97KI0MZQFKO6Z6X3S2YHYYQJ8,FALSE
4739052,Delphinium_nuttallianum,8790527,302471,https://crowdcurio-experiment-images.s3.amazonaws.com/Delphinium_nuttallianum/images/Delphinium_nuttallianum.4739052.jpg,0,10,4,FALSE,1,5,A27UIKE8ZQOC6I,19333,39.03,2024/4/16,5:59:23,38DCH97KI0MZQFKO6Z6X3S2YHYYQJ8,FALSE
4711238,Delphinium_nuttallianum,8791130,302469,https://crowdcurio-experiment-images.s3.amazonaws.com/Delphinium_nuttallianum/images/Delphinium_nuttallianum.4711238.jpg,0,28,3,TRUE,1,6,A27UIKE8ZQOC6I,19333,120.2,2024/4/16,6:01:24,38DCH97KI0MZQFKO6Z6X3S2YHYYQJ8,FALSE
4740192,Delphinium_nuttallianum,8791325,302475,https://crowdcurio-experiment-images.s3.amazonaws.com/Delphinium_nuttallianum/images/Delphinium_nuttallianum.4740192.jpg,0,4,3,FALSE,1,7,A27UIKE8ZQOC6I,19333,28.22,2024/4/16,6:01:56,38DCH97KI0MZQFKO6Z6X3S2YHYYQJ8,FALSE
4740757,Delphinium_nuttallianum,8791581,302476,https://crowdcurio-experiment-images.s3.amazonaws.com/Delphinium_nuttallianum/images/Delphinium_nuttallianum.4740757.jpg,0,11,2,FALSE,1,8,A27UIKE8ZQOC6I,19333,39.05,2024/4/16,6:02:38,38DCH97KI0MZQFKO6Z6X3S2YHYYQJ8,FALSE
4739771,Delphinium_nuttallianum,8791845,302472,https://crowdcurio-experiment-images.s3.amazonaws.com/Delphinium_nuttallianum/images/Delphinium_nuttallianum.4739771.jpg,0,8,4,FALSE,1,9,A27UIKE8ZQOC6I,19333,37.24,2024/4/16,6:03:19,38DCH97KI0MZQFKO6Z6X3S2YHYYQJ8,FALSE
4740020,Delphinium_nuttallianum,8792308,302473,https://crowdcurio-experiment-images.s3.amazonaws.com/Delphinium_nuttallianum/images/Delphinium_nuttallianum.4740020.jpg,0,18,7,FALSE,1,10,A27UIKE8ZQOC6I,19333,98.19,2024/4/16,6:05:00,38DCH97KI0MZQFKO6Z6X3S2YHYYQJ8,FALSE
4697155,Delphinium_nuttallianum,8793806,302434,https://crowdcurio-experiment-images.s3.amazonaws.com/Delphinium_nuttallianum/images/Delphinium_nuttallianum.4697155.jpg,0,8,2,FALSE,1,1,A193KYWQDQ9O9M,20429,278.87,2024/4/16,6:10:04,38DCH97KI0MZQFKO6Z6X3S2YHYYQJ8,FALSE
15082616,Delphinium_nuttallianum,8792969,302748,https://crowdcurio-experiment-images.s3.amazonaws.com/Delphinium_nuttallianum/images/Delphinium_nuttallianum.15082616.jpg,0,6,8,FALSE,2,1,A27UIKE8ZQOC6I,19333,118.33,2024/4/16,6:07:32,38DCH97KI0MZQFKO6Z6X3S2YHYYQJ8,FALSE
4745643,Delphinium_nuttallianum,8792933,302481,https://crowdcurio-experiment-images.s3.amazonaws.com/Delphinium_nuttallianum/images/Delphinium_nuttallianum.4745643.jpg,0,13,0,FALSE,1,6,A2OOH359FX85IX,21529,651.9,2024/4/16,6:07:25,38DCH97KI0MZQFKO6Z6X3S2YHYYQJ8,FALSE
4744497,Delphinium_nuttallianum,8794508,302480,https://crowdcurio-experiment-images.s3.amazonaws.com/Delphinium_nuttallianum/images/Delphinium_nuttallianum.4744497.jpg,0,13,2,FALSE,1,7,A2OOH359FX85IX,21529,294.93,2024/4/16,6:12:22,38DCH97KI0MZQFKO6Z6X3S2YHYYQJ8,FALSE
15090994,Delphinium_nuttallianum,8793401,302749,https://crowdcurio-experiment-images.s3.amazonaws.com/Delphinium_nuttallianum/images/Delphinium_nuttallianum.15090994.jpg,0,14,6,FALSE,2,2,A27UIKE8ZQOC6I,19333,67.08,2024/4/16,6:08:42,38DCH97KI0MZQFKO6Z6X3S2YHYYQJ8,FALSE
21177517,Delphinium_nuttallianum,8793742,302807,https://crowdcurio-experiment-images.s3.amazonaws.com/Delphinium_nuttallianum/images/Delphinium_nuttallianum.21177517.jpg,15,5,0,FALSE,1,1,A163DYKDOE3OWL,21798,173.68,2024/4/16,6:09:48,38DCH97KI0MZQFKO6Z6X3S2YHYYQJ8,FALSE
15082468,Delphinium_nuttallianum,8793807,302747,https://crowdcurio-experiment-images.s3.amazonaws.com/Delphinium_nuttallianum/images/Delphinium_nuttallianum.15082468.jpg,0,0,16,FALSE,2,3,A27UIKE8ZQOC6I,19333,78.99,2024/4/16,6:10:04,38DCH97KI0MZQFKO6Z6X3S2YHYYQJ8,FALSE
21348925,Delphinium_nuttallianum,8794259,302810,https://crowdcurio-experiment-images.s3.amazonaws.com/Delphinium_nuttallianum/images/Delphinium_nuttallianum.21348925.jpg,0,22,10,FALSE,1,2,A163DYKDOE3OWL,21798,105.75,2024/4/16,6:11:36,38DCH97KI0MZQFKO6Z6X3S2YHYYQJ8,FALSE
4697190,Delphinium_nuttallianum,8795128,302435,https://crowdcurio-experiment-images.s3.amazonaws.com/Delphinium_nuttallianum/images/Delphinium_nuttallianum.4697190.jpg,2,10,7,FALSE,1,2,A193KYWQDQ9O9M,20429,264.06,2024/4/16,6:14:33,38DCH97KI0MZQFKO6Z6X3S2YHYYQJ8,FALSE
15048522,Delphinium_nuttallianum,8794529,302743,https://crowdcurio-experiment-images.s3.amazonaws.com/Delphinium_nuttallianum/images/Delphinium_nuttallianum.15048522.jpg,0,13,9,FALSE,2,4,A27UIKE8ZQOC6I,19333,138.29,2024/4/16,6:12:26,38DCH97KI0MZQFKO6Z6X3S2YHYYQJ8,FALSE
21348929,Delphinium_nuttallianum,8794724,302812,https://crowdcurio-experiment-images.s3.amazonaws.com/Delphinium_nuttallianum/images/Delphinium_nuttallianum.21348929.jpg,4,22,0,FALSE,1,3,A163DYKDOE3OWL,21798,81.72,2024/4/16,6:13:00,38DCH97KI0MZQFKO6Z6X3S2YHYYQJ8,FALSE
15222951,Delphinium_nuttallianum,8794753,302750,https://crowdcurio-experiment-images.s3.amazonaws.com/Delphinium_nuttallianum/images/Delphinium_nuttallianum.15222951.jpg,0,5,1,FALSE,2,5,A27UIKE8ZQOC6I,19333,38.74,2024/4/16,6:13:08,38DCH97KI0MZQFKO6Z6X3S2YHYYQJ8,FALSE
4740911,Delphinium_nuttallianum,8794768,302477,https://crowdcurio-experiment-images.s3.amazonaws.com/Delphinium_nuttallianum/images/Delphinium_nuttallianum.4740911.jpg,0,5,0,FALSE,1,8,A2OOH359FX85IX,21529,47.78,2024/4/16,6:13:11,38DCH97KI0MZQFKO6Z6X3S2YHYYQJ8,FALSE
15060515,Delphinium_nuttallianum,8794914,302745,https://crowdcurio-experiment-images.s3.amazonaws.com/Delphinium_nuttallianum/images/Delphinium_nuttallianum.15060515.jpg,0,10,1,FALSE,2,6,A27UIKE8ZQOC6I,19333,38.3,2024/4/16,6:13:50,38DCH97KI0MZQFKO6Z6X3S2YHYYQJ8,FALSE
4745748,Delphinium_nuttallianum,8794820,302483,https://crowdcurio-experiment-images.s3.amazonaws.com/Delphinium_nuttallianum/images/Delphinium_nuttallianum.4745748.jpg,0,4,1,FALSE,1,9,A2OOH359FX85IX,21529,13.51,2024/4/16,6:13:27,38DCH97KI0MZQFKO6Z6X3S2YHYYQJ8,FALSE
22073191,Delphinium_nuttallianum,8795116,302831,https://crowdcurio-experiment-images.s3.amazonaws.com/Delphinium_nuttallianum/images/Delphinium_nuttallianum.22073191.jpg,1,19,6,FALSE,1,4,A163DYKDOE3OWL,21798,88.46,2024/4/16,6:14:30,38DCH97KI0MZQFKO6Z6X3S2YHYYQJ8,FALSE
4741381,Delphinium_nuttallianum,8794970,302479,https://crowdcurio-experiment-images.s3.amazonaws.com/Delphinium_nuttallianum/images/Delphinium_nuttallianum.4741381.jpg,0,10,5,FALSE,1,10,A2OOH359FX85IX,21529,31.13,2024/4/16,6:14:00,38DCH97KI0MZQFKO6Z6X3S2YHYYQJ8,FALSE
15052795,Delphinium_nuttallianum,8795158,302744,https://crowdcurio-experiment-images.s3.amazonaws.com/Delphinium_nuttallianum/images/Delphinium_nuttallianum.15052795.jpg,12,7,0,FALSE,2,7,A27UIKE8ZQOC6I,19333,48.72,2024/4/16,6:14:42,38DCH97KI0MZQFKO6Z6X3S2YHYYQJ8,FALSE
4697574,Delphinium_nuttallianum,8795539,302436,https://crowdcurio-experiment-images.s3.amazonaws.com/Delphinium_nuttallianum/images/Delphinium_nuttallianum.4697574.jpg,0,8,2,FALSE,1,3,A193KYWQDQ9O9M,20429,84.95,2024/4/16,6:16:03,38DCH97KI0MZQFKO6Z6X3S2YHYYQJ8,FALSE
21348910,Delphinium_nuttallianum,8795595,302808,https://crowdcurio-experiment-images.s3.amazonaws.com/Delphinium_nuttallianum/images/Delphinium_nuttallianum.21348910.jpg,0,7,0,FALSE,1,5,A163DYKDOE3OWL,21798,101.23,2024/4/16,6:16:14,38DCH97KI0MZQFKO6Z6X3S2YHYYQJ8,FALSE
15072980,Delphinium_nuttallianum,8795481,302746,https://crowdcurio-experiment-images.s3.amazonaws.com/Delphinium_nuttallianum/images/Delphinium_nuttallianum.15072980.jpg,0,7,6,FALSE,2,8,A27UIKE8ZQOC6I,19333,67.33,2024/4/16,6:15:53,38DCH97KI0MZQFKO6Z6X3S2YHYYQJ8,FALSE
14895344,Delphinium_nuttallianum,8795568,302738,https://crowdcurio-experiment-images.s3.amazonaws.com/Delphinium_nuttallianum/images/Delphinium_nuttallianum.14895344.jpg,2,15,1,FALSE,1,1,A3D0FDGNM9AKZ4,21828,223.39,2024/4/16,6:16:09,38DCH97KI0MZQFKO6Z6X3S2YHYYQJ8,FALSE
15003431,Delphinium_nuttallianum,8795775,302742,https://crowdcurio-experiment-images.s3.amazonaws.com/Delphinium_nuttallianum/images/Delphinium_nuttallianum.15003431.jpg,0,17,0,FALSE,2,9,A27UIKE8ZQOC6I,19333,55.28,2024/4/16,6:16:52,38DCH97KI0MZQFKO6Z6X3S2YHYYQJ8,FALSE
4697836,Delphinium_nuttallianum,8795792,302437,https://crowdcurio-experiment-images.s3.amazonaws.com/Delphinium_nuttallianum/images/Delphinium_nuttallianum.4697836.jpg,1,6,2,FALSE,1,4,A193KYWQDQ9O9M,20429,46.96,2024/4/16,6:16:55,38DCH97KI0MZQFKO6Z6X3S2YHYYQJ8,FALSE
14814688,Delphinium_nuttallianum,8795945,302733,https://crowdcurio-experiment-images.s3.amazonaws.com/Delphinium_nuttallianum/images/Delphinium_nuttallianum.14814688.jpg,2,4,1,FALSE,1,2,A3D0FDGNM9AKZ4,21828,74.29,2024/4/16,6:17:25,38DCH97KI0MZQFKO6Z6X3S2YHYYQJ8,FALSE
15082616,Delphinium_nuttallianum,8795993,302748,https://crowdcurio-experiment-images.s3.amazonaws.com/Delphinium_nuttallianum/images/Delphinium_nuttallianum.15082616.jpg,0,5,11,TRUE,2,10,A27UIKE8ZQOC6I,19333,46.08,2024/4/16,6:17:39,38DCH97KI0MZQFKO6Z6X3S2YHYYQJ8,FALSE
4697036,Delphinium_nuttallianum,8796255,302433,https://crowdcurio-experiment-images.s3.amazonaws.com/Delphinium_nuttallianum/images/Delphinium_nuttallianum.4697036.jpg,10,13,0,FALSE,1,5,A193KYWQDQ9O9M,20429,105.62,2024/4/16,6:18:46,38DCH97KI0MZQFKO6Z6X3S2YHYYQJ8,FALSE
14987580,Delphinium_nuttallianum,8796167,302741,https://crowdcurio-experiment-images.s3.amazonaws.com/Delphinium_nuttallianum/images/Delphinium_nuttallianum.14987580.jpg,1,9,4,FALSE,1,3,A3D0FDGNM9AKZ4,21828,62.82,2024/4/16,6:18:29,38DCH97KI0MZQFKO6Z6X3S2YHYYQJ8,FALSE
13823442,Delphinium_nuttallianum,8796552,302693,https://crowdcurio-experiment-images.s3.amazonaws.com/Delphinium_nuttallianum/images/Delphinium_nuttallianum.13823442.jpg,5,13,0,FALSE,3,1,A27UIKE8ZQOC6I,19333,104.7,2024/4/16,6:19:47,38DCH97KI0MZQFKO6Z6X3S2YHYYQJ8,FALSE
14833886,Delphinium_nuttallianum,8796360,302735,https://crowdcurio-experiment-images.s3.amazonaws.com/Delphinium_nuttallianum/images/Delphinium_nuttallianum.14833886.jpg,0,9,0,FALSE,1,4,A3D0FDGNM9AKZ4,21828,34.42,2024/4/16,6:19:05,38DCH97KI0MZQFKO6Z6X3S2YHYYQJ8,FALSE
4696015,Delphinium_nuttallianum,8806795,302429,https://crowdcurio-experiment-images.s3.amazonaws.com/Delphinium_nuttallianum/images/Delphinium_nuttallianum.4696015.jpg,0,8,4,FALSE,1,6,A193KYWQDQ9O9M,20429,2173.42,2024/4/16,6:55:05,38DCH97KI0MZQFKO6Z6X3S2YHYYQJ8,FALSE
14987580,Delphinium_nuttallianum,8796571,302741,https://crowdcurio-experiment-images.s3.amazonaws.com/Delphinium_nuttallianum/images/Delphinium_nuttallianum.14987580.jpg,1,9,4,TRUE,1,5,A3D0FDGNM9AKZ4,21828,46.07,2024/4/16,6:19:52,38DCH97KI0MZQFKO6Z6X3S2YHYYQJ8,FALSE
13823427,Delphinium_nuttallianum,8797107,302688,https://crowdcurio-experiment-images.s3.amazonaws.com/Delphinium_nuttallianum/images/Delphinium_nuttallianum.13823427.jpg,14,32,2,FALSE,3,2,A27UIKE8ZQOC6I,19333,101.58,2024/4/16,6:21:32,38DCH97KI0MZQFKO6Z6X3S2YHYYQJ8,FALSE
14939468,Delphinium_nuttallianum,8796736,302739,https://crowdcurio-experiment-images.s3.amazonaws.com/Delphinium_nuttallianum/images/Delphinium_nuttallianum.14939468.jpg,1,5,0,FALSE,1,6,A3D0FDGNM9AKZ4,21828,26.95,2024/4/16,6:20:20,38DCH97KI0MZQFKO6Z6X3S2YHYYQJ8,FALSE
14864939,Delphinium_nuttallianum,8797127,302737,https://crowdcurio-experiment-images.s3.amazonaws.com/Delphinium_nuttallianum/images/Delphinium_nuttallianum.14864939.jpg,1,9,7,FALSE,1,7,A3D0FDGNM9AKZ4,21828,74.54,2024/4/16,6:21:36,38DCH97KI0MZQFKO6Z6X3S2YHYYQJ8,FALSE
13823443,Delphinium_nuttallianum,8797542,302694,https://crowdcurio-experiment-images.s3.amazonaws.com/Delphinium_nuttallianum/images/Delphinium_nuttallianum.13823443.jpg,2,23,24,FALSE,3,3,A27UIKE8ZQOC6I,19333,72.29,2024/4/16,6:22:48,38DCH97KI0MZQFKO6Z6X3S2YHYYQJ8,FALSE
14973863,Delphinium_nuttallianum,8797334,302740,https://crowdcurio-experiment-images.s3.amazonaws.com/Delphinium_nuttallianum/images/Delphinium_nuttallianum.14973863.jpg,2,14,0,FALSE,1,8,A3D0FDGNM9AKZ4,21828,39.88,2024/4/16,6:22:17,38DCH97KI0MZQFKO6Z6X3S2YHYYQJ8,FALSE
13824589,Delphinium_nuttallianum,8797535,302701,https://crowdcurio-experiment-images.s3.amazonaws.com/Delphinium_nuttallianum/images/Delphinium_nuttallianum.13824589.jpg,4,5,4,FALSE,1,1,A1GEPBS34FVGZT,21675,49.67,2024/4/16,6:22:47,38DCH97KI0MZQFKO6Z6X3S2YHYYQJ8,FALSE
14818815,Delphinium_nuttallianum,8797789,302734,https://crowdcurio-experiment-images.s3.amazonaws.com/Delphinium_nuttallianum/images/Delphinium_nuttallianum.14818815.jpg,2,6,17,FALSE,1,9,A3D0FDGNM9AKZ4,21828,78.07,2024/4/16,6:23:36,38DCH97KI0MZQFKO6Z6X3S2YHYYQJ8,FALSE
13823428,Delphinium_nuttallianum,8797779,302689,https://crowdcurio-experiment-images.s3.amazonaws.com/Delphinium_nuttallianum/images/Delphinium_nuttallianum.13823428.jpg,7,12,0,FALSE,3,4,A27UIKE8ZQOC6I,19333,41.53,2024/4/16,6:23:32,38DCH97KI0MZQFKO6Z6X3S2YHYYQJ8,FALSE
13823456,Delphinium_nuttallianum,8797669,302698,https://crowdcurio-experiment-images.s3.amazonaws.com/Delphinium_nuttallianum/images/Delphinium_nuttallianum.13823456.jpg,0,4,4,FALSE,1,2,A1GEPBS34FVGZT,21675,22.68,2024/4/16,6:23:12,38DCH97KI0MZQFKO6Z6X3S2YHYYQJ8,FALSE
13823452,Delphinium_nuttallianum,8797806,302697,https://crowdcurio-experiment-images.s3.amazonaws.com/Delphinium_nuttallianum/images/Delphinium_nuttallianum.13823452.jpg,0,11,1,FALSE,1,3,A1GEPBS34FVGZT,21675,23.66,2024/4/16,6:23:39,38DCH97KI0MZQFKO6Z6X3S2YHYYQJ8,FALSE
13823433,Delphinium_nuttallianum,8798049,302691,https://crowdcurio-experiment-images.s3.amazonaws.com/Delphinium_nuttallianum/images/Delphinium_nuttallianum.13823433.jpg,0,9,4,FALSE,3,5,A27UIKE8ZQOC6I,19333,42.99,2024/4/16,6:24:19,38DCH97KI0MZQFKO6Z6X3S2YHYYQJ8,FALSE
14843427,Delphinium_nuttallianum,8798101,302736,https://crowdcurio-experiment-images.s3.amazonaws.com/Delphinium_nuttallianum/images/Delphinium_nuttallianum.14843427.jpg,3,10,0,FALSE,1,10,A3D0FDGNM9AKZ4,21828,48.89,2024/4/16,6:24:26,38DCH97KI0MZQFKO6Z6X3S2YHYYQJ8,FALSE
13823446,Delphinium_nuttallianum,8797907,302695,https://crowdcurio-experiment-images.s3.amazonaws.com/Delphinium_nuttallianum/images/Delphinium_nuttallianum.13823446.jpg,0,13,0,FALSE,1,4,A1GEPBS34FVGZT,21675,12.86,2024/4/16,6:23:55,38DCH97KI0MZQFKO6Z6X3S2YHYYQJ8,FALSE
13823593,Delphinium_nuttallianum,8798149,302700,https://crowdcurio-experiment-images.s3.amazonaws.com/Delphinium_nuttallianum/images/Delphinium_nuttallianum.13823593.jpg,2,17,13,FALSE,1,5,A1GEPBS34FVGZT,21675,36.07,2024/4/16,6:24:35,38DCH97KI0MZQFKO6Z6X3S2YHYYQJ8,FALSE
13823426,Delphinium_nuttallianum,8798429,302687,https://crowdcurio-experiment-images.s3.amazonaws.com/Delphinium_nuttallianum/images/Delphinium_nuttallianum.13823426.jpg,3,14,1,FALSE,3,6,A27UIKE8ZQOC6I,19333,56.21,2024/4/16,6:25:19,38DCH97KI0MZQFKO6Z6X3S2YHYYQJ8,FALSE
21177517,Delphinium_nuttallianum,8798384,302807,https://crowdcurio-experiment-images.s3.amazonaws.com/Delphinium_nuttallianum/images/Delphinium_nuttallianum.21177517.jpg,14,5,0,TRUE,1,6,A163DYKDOE3OWL,21798,535.16,2024/4/16,6:25:10,38DCH97KI0MZQFKO6Z6X3S2YHYYQJ8,FALSE
13823446,Delphinium_nuttallianum,8798267,302695,https://crowdcurio-experiment-images.s3.amazonaws.com/Delphinium_nuttallianum/images/Delphinium_nuttallianum.13823446.jpg,0,10,3,TRUE,1,6,A1GEPBS34FVGZT,21675,20.13,2024/4/16,6:24:56,38DCH97KI0MZQFKO6Z6X3S2YHYYQJ8,FALSE
13824929,Delphinium_nuttallianum,8798434,302714,https://crowdcurio-experiment-images.s3.amazonaws.com/Delphinium_nuttallianum/images/Delphinium_nuttallianum.13824929.jpg,3,11,0,FALSE,1,7,A1GEPBS34FVGZT,21675,19.53,2024/4/16,6:25:19,38DCH97KI0MZQFKO6Z6X3S2YHYYQJ8,FALSE
13823448,Delphinium_nuttallianum,8798591,302696,https://crowdcurio-experiment-images.s3.amazonaws.com/Delphinium_nuttallianum/images/Delphinium_nuttallianum.13823448.jpg,0,10,4,FALSE,1,8,A1GEPBS34FVGZT,21675,16.18,2024/4/16,6:25:39,38DCH97KI0MZQFKO6Z6X3S2YHYYQJ8,FALSE
13823424,Delphinium_nuttallianum,8798942,302685,https://crowdcurio-experiment-images.s3.amazonaws.com/Delphinium_nuttallianum/images/Delphinium_nuttallianum.13823424.jpg,0,26,12,FALSE,3,7,A27UIKE8ZQOC6I,19333,69.7,2024/4/16,6:26:32,38DCH97KI0MZQFKO6Z6X3S2YHYYQJ8,FALSE
22080389,Delphinium_nuttallianum,8798742,302833,https://crowdcurio-experiment-images.s3.amazonaws.com/Delphinium_nuttallianum/images/Delphinium_nuttallianum.22080389.jpg,0,0,10,FALSE,1,7,A163DYKDOE3OWL,21798,49.27,2024/4/16,6:26:01,38DCH97KI0MZQFKO6Z6X3S2YHYYQJ8,FALSE
13824613,Delphinium_nuttallianum,8798722,302702,https://crowdcurio-experiment-images.s3.amazonaws.com/Delphinium_nuttallianum/images/Delphinium_nuttallianum.13824613.jpg,0,13,3,FALSE,1,9,A1GEPBS34FVGZT,21675,17.07,2024/4/16,6:25:59,38DCH97KI0MZQFKO6Z6X3S2YHYYQJ8,FALSE
13823591,Delphinium_nuttallianum,8798792,302699,https://crowdcurio-experiment-images.s3.amazonaws.com/Delphinium_nuttallianum/images/Delphinium_nuttallianum.13823591.jpg,0,4,1,FALSE,1,10,A1GEPBS34FVGZT,21675,8.62,2024/4/16,6:26:11,38DCH97KI0MZQFKO6Z6X3S2YHYYQJ8,FALSE
22074265,Delphinium_nuttallianum,8798929,302832,https://crowdcurio-experiment-images.s3.amazonaws.com/Delphinium_nuttallianum/images/Delphinium_nuttallianum.22074265.jpg,2,6,0,FALSE,1,8,A163DYKDOE3OWL,21798,28.09,2024/4/16,6:26:31,38DCH97KI0MZQFKO6Z6X3S2YHYYQJ8,FALSE
13823432,Delphinium_nuttallianum,8799130,302690,https://crowdcurio-experiment-images.s3.amazonaws.com/Delphinium_nuttallianum/images/Delphinium_nuttallianum.13823432.jpg,0,8,4,FALSE,3,8,A27UIKE8ZQOC6I,19333,32.37,2024/4/16,6:27:09,38DCH97KI0MZQFKO6Z6X3S2YHYYQJ8,FALSE
21348924,Delphinium_nuttallianum,8799132,302809,https://crowdcurio-experiment-images.s3.amazonaws.com/Delphinium_nuttallianum/images/Delphinium_nuttallianum.21348924.jpg,0,2,2,FALSE,1,9,A163DYKDOE3OWL,21798,38.17,2024/4/16,6:27:11,38DCH97KI0MZQFKO6Z6X3S2YHYYQJ8,FALSE
13823435,Delphinium_nuttallianum,8799423,302692,https://crowdcurio-experiment-images.s3.amazonaws.com/Delphinium_nuttallianum/images/Delphinium_nuttallianum.13823435.jpg,0,13,16,FALSE,3,9,A27UIKE8ZQOC6I,19333,51.38,2024/4/16,6:28:03,38DCH97KI0MZQFKO6Z6X3S2YHYYQJ8,FALSE
21348927,Delphinium_nuttallianum,8799378,302811,https://crowdcurio-experiment-images.s3.amazonaws.com/Delphinium_nuttallianum/images/Delphinium_nuttallianum.21348927.jpg,0,7,3,FALSE,1,10,A163DYKDOE3OWL,21798,39.67,2024/4/16,6:27:52,38DCH97KI0MZQFKO6Z6X3S2YHYYQJ8,FALSE
13823443,Delphinium_nuttallianum,8799688,302694,https://crowdcurio-experiment-images.s3.amazonaws.com/Delphinium_nuttallianum/images/Delphinium_nuttallianum.13823443.jpg,0,17,19,TRUE,3,10,A27UIKE8ZQOC6I,19333,54.06,2024/4/16,6:28:59,38DCH97KI0MZQFKO6Z6X3S2YHYYQJ8,FALSE
13823417,Delphinium_nuttallianum,8804924,302678,https://crowdcurio-experiment-images.s3.amazonaws.com/Delphinium_nuttallianum/images/Delphinium_nuttallianum.13823417.jpg,0,17,0,FALSE,1,1,ABKWQZY74D1AE,21663,28.16,2024/4/16,6:47:00,38DCH97KI0MZQFKO6Z6X3S2YHYYQJ8,FALSE
13823422,Delphinium_nuttallianum,8805146,302683,https://crowdcurio-experiment-images.s3.amazonaws.com/Delphinium_nuttallianum/images/Delphinium_nuttallianum.13823422.jpg,0,16,9,FALSE,1,2,ABKWQZY74D1AE,21663,39.63,2024/4/16,6:47:43,38DCH97KI0MZQFKO6Z6X3S2YHYYQJ8,FALSE
13823423,Delphinium_nuttallianum,8805233,302684,https://crowdcurio-experiment-images.s3.amazonaws.com/Delphinium_nuttallianum/images/Delphinium_nuttallianum.13823423.jpg,0,10,0,FALSE,1,3,ABKWQZY74D1AE,21663,14.7,2024/4/16,6:48:01,38DCH97KI0MZQFKO6Z6X3S2YHYYQJ8,FALSE
13823422,Delphinium_nuttallianum,8805412,302683,https://crowdcurio-experiment-images.s3.amazonaws.com/Delphinium_nuttallianum/images/Delphinium_nuttallianum.13823422.jpg,0,11,18,TRUE,1,4,ABKWQZY74D1AE,21663,38.62,2024/4/16,6:48:40,38DCH97KI0MZQFKO6Z6X3S2YHYYQJ8,FALSE
13823418,Delphinium_nuttallianum,8805582,302679,https://crowdcurio-experiment-images.s3.amazonaws.com/Delphinium_nuttallianum/images/Delphinium_nuttallianum.13823418.jpg,0,25,10,FALSE,1,5,ABKWQZY74D1AE,21663,40.93,2024/4/16,6:49:24,38DCH97KI0MZQFKO6Z6X3S2YHYYQJ8,FALSE
13823420,Delphinium_nuttallianum,8805647,302681,https://crowdcurio-experiment-images.s3.amazonaws.com/Delphinium_nuttallianum/images/Delphinium_nuttallianum.13823420.jpg,0,7,4,FALSE,1,6,ABKWQZY74D1AE,21663,17.01,2024/4/16,6:49:44,38DCH97KI0MZQFKO6Z6X3S2YHYYQJ8,FALSE
13823421,Delphinium_nuttallianum,8805721,302682,https://crowdcurio-experiment-images.s3.amazonaws.com/Delphinium_nuttallianum/images/Delphinium_nuttallianum.13823421.jpg,0,12,0,FALSE,1,7,ABKWQZY74D1AE,21663,22.64,2024/4/16,6:50:10,38DCH97KI0MZQFKO6Z6X3S2YHYYQJ8,FALSE
13823412,Delphinium_nuttallianum,8805796,302675,https://crowdcurio-experiment-images.s3.amazonaws.com/Delphinium_nuttallianum/images/Delphinium_nuttallianum.13823412.jpg,0,15,0,FALSE,1,8,ABKWQZY74D1AE,21663,19.21,2024/4/16,6:50:33,38DCH97KI0MZQFKO6Z6X3S2YHYYQJ8,FALSE
13823411,Delphinium_nuttallianum,8805955,302674,https://crowdcurio-experiment-images.s3.amazonaws.com/Delphinium_nuttallianum/images/Delphinium_nuttallianum.13823411.jpg,0,5,6,FALSE,1,9,ABKWQZY74D1AE,21663,31.82,2024/4/16,6:51:08,38DCH97KI0MZQFKO6Z6X3S2YHYYQJ8,FALSE
13823414,Delphinium_nuttallianum,8806086,302677,https://crowdcurio-experiment-images.s3.amazonaws.com/Delphinium_nuttallianum/images/Delphinium_nuttallianum.13823414.jpg,2,15,0,FALSE,1,10,ABKWQZY74D1AE,21663,24.58,2024/4/16,6:51:36,38DCH97KI0MZQFKO6Z6X3S2YHYYQJ8,FALSE
13823386,Delphinium_nuttallianum,8807154,302665,https://crowdcurio-experiment-images.s3.amazonaws.com/Delphinium_nuttallianum/images/Delphinium_nuttallianum.13823386.jpg,1,13,11,FALSE,1,1,A3BZFWDXKOXOJ6,20357,207.26,2024/4/16,6:56:45,38DCH97KI0MZQFKO6Z6X3S2YHYYQJ8,FALSE
13823350,Delphinium_nuttallianum,8806614,302634,https://crowdcurio-experiment-images.s3.amazonaws.com/Delphinium_nuttallianum/images/Delphinium_nuttallianum.13823350.jpg,0,16,0,FALSE,1,1,AYSIMTHJ3F428,20369,22.25,2024/4/16,6:54:14,38DCH97KI0MZQFKO6Z6X3S2YHYYQJ8,FALSE
1656570,Delphinium_nuttallianum,8806699,302230,https://crowdcurio-experiment-images.s3.amazonaws.com/Delphinium_nuttallianum/images/Delphinium_nuttallianum.1656570.jpg,0,9,1,FALSE,1,2,AYSIMTHJ3F428,20369,24.08,2024/4/16,6:54:40,38DCH97KI0MZQFKO6Z6X3S2YHYYQJ8,FALSE
13823354,Delphinium_nuttallianum,8806821,302637,https://crowdcurio-experiment-images.s3.amazonaws.com/Delphinium_nuttallianum/images/Delphinium_nuttallianum.13823354.jpg,0,27,0,FALSE,1,3,AYSIMTHJ3F428,20369,31.45,2024/4/16,6:55:13,38DCH97KI0MZQFKO6Z6X3S2YHYYQJ8,FALSE
4696863,Delphinium_nuttallianum,8806954,302432,https://crowdcurio-experiment-images.s3.amazonaws.com/Delphinium_nuttallianum/images/Delphinium_nuttallianum.4696863.jpg,3,13,0,FALSE,1,7,A193KYWQDQ9O9M,20429,45.44,2024/4/16,6:55:56,38DCH97KI0MZQFKO6Z6X3S2YHYYQJ8,FALSE
1678599,Delphinium_nuttallianum,8806913,302250,https://crowdcurio-experiment-images.s3.amazonaws.com/Delphinium_nuttallianum/images/Delphinium_nuttallianum.1678599.jpg,0,15,0,FALSE,1,4,AYSIMTHJ3F428,20369,28.95,2024/4/16,6:55:43,38DCH97KI0MZQFKO6Z6X3S2YHYYQJ8,FALSE
1678576,Delphinium_nuttallianum,8807002,302249,https://crowdcurio-experiment-images.s3.amazonaws.com/Delphinium_nuttallianum/images/Delphinium_nuttallianum.1678576.jpg,0,5,5,FALSE,1,5,AYSIMTHJ3F428,20369,22.2,2024/4/16,6:56:07,38DCH97KI0MZQFKO6Z6X3S2YHYYQJ8,FALSE
4696015,Delphinium_nuttallianum,8807085,302429,https://crowdcurio-experiment-images.s3.amazonaws.com/Delphinium_nuttallianum/images/Delphinium_nuttallianum.4696015.jpg,0,9,5,TRUE,1,8,A193KYWQDQ9O9M,20429,32.35,2024/4/16,6:56:30,38DCH97KI0MZQFKO6Z6X3S2YHYYQJ8,FALSE
1678599,Delphinium_nuttallianum,8807137,302250,https://crowdcurio-experiment-images.s3.amazonaws.com/Delphinium_nuttallianum/images/Delphinium_nuttallianum.1678599.jpg,0,15,0,TRUE,1,6,AYSIMTHJ3F428,20369,32.71,2024/4/16,6:56:40,38DCH97KI0MZQFKO6Z6X3S2YHYYQJ8,FALSE
13823372,Delphinium_nuttallianum,8807200,302651,https://crowdcurio-experiment-images.s3.amazonaws.com/Delphinium_nuttallianum/images/Delphinium_nuttallianum.13823372.jpg,0,4,11,FALSE,1,1,A3TBHH0AD6EJBU,21720,32.81,2024/4/16,6:56:55,38DCH97KI0MZQFKO6Z6X3S2YHYYQJ8,FALSE
4696537,Delphinium_nuttallianum,8807285,302431,https://crowdcurio-experiment-images.s3.amazonaws.com/Delphinium_nuttallianum/images/Delphinium_nuttallianum.4696537.jpg,0,16,5,FALSE,1,9,A193KYWQDQ9O9M,20429,39.66,2024/4/16,6:57:15,38DCH97KI0MZQFKO6Z6X3S2YHYYQJ8,FALSE
13823355,Delphinium_nuttallianum,8807270,302638,https://crowdcurio-experiment-images.s3.amazonaws.com/Delphinium_nuttallianum/images/Delphinium_nuttallianum.13823355.jpg,2,10,2,FALSE,1,7,AYSIMTHJ3F428,20369,29.36,2024/4/16,6:57:11,38DCH97KI0MZQFKO6Z6X3S2YHYYQJ8,FALSE
13823374,Delphinium_nuttallianum,8807267,302653,https://crowdcurio-experiment-images.s3.amazonaws.com/Delphinium_nuttallianum/images/Delphinium_nuttallianum.13823374.jpg,0,6,1,FALSE,1,2,A3TBHH0AD6EJBU,21720,14.35,2024/4/16,6:57:11,38DCH97KI0MZQFKO6Z6X3S2YHYYQJ8,FALSE
13823356,Delphinium_nuttallianum,8807427,302639,https://crowdcurio-experiment-images.s3.amazonaws.com/Delphinium_nuttallianum/images/Delphinium_nuttallianum.13823356.jpg,0,16,6,FALSE,1,8,AYSIMTHJ3F428,20369,34.19,2024/4/16,6:57:47,38DCH97KI0MZQFKO6Z6X3S2YHYYQJ8,FALSE
13823362,Delphinium_nuttallianum,8807410,302643,https://crowdcurio-experiment-images.s3.amazonaws.com/Delphinium_nuttallianum/images/Delphinium_nuttallianum.13823362.jpg,1,7,7,FALSE,1,3,A3TBHH0AD6EJBU,21720,29,2024/4/16,6:57:41,38DCH97KI0MZQFKO6Z6X3S2YHYYQJ8,FALSE
4696041,Delphinium_nuttallianum,8807475,302430,https://crowdcurio-experiment-images.s3.amazonaws.com/Delphinium_nuttallianum/images/Delphinium_nuttallianum.4696041.jpg,0,9,4,FALSE,1,10,A193KYWQDQ9O9M,20429,42.22,2024/4/16,6:58:03,38DCH97KI0MZQFKO6Z6X3S2YHYYQJ8,FALSE
13823368,Delphinium_nuttallianum,8807464,302648,https://crowdcurio-experiment-images.s3.amazonaws.com/Delphinium_nuttallianum/images/Delphinium_nuttallianum.13823368.jpg,0,8,4,FALSE,1,4,A3TBHH0AD6EJBU,21720,16.53,2024/4/16,6:57:59,38DCH97KI0MZQFKO6Z6X3S2YHYYQJ8,FALSE
13823346,Delphinium_nuttallianum,8807521,302633,https://crowdcurio-experiment-images.s3.amazonaws.com/Delphinium_nuttallianum/images/Delphinium_nuttallianum.13823346.jpg,0,12,2,FALSE,1,9,AYSIMTHJ3F428,20369,26.81,2024/4/16,6:58:15,38DCH97KI0MZQFKO6Z6X3S2YHYYQJ8,FALSE
13823374,Delphinium_nuttallianum,8807505,302653,https://crowdcurio-experiment-images.s3.amazonaws.com/Delphinium_nuttallianum/images/Delphinium_nuttallianum.13823374.jpg,0,7,1,TRUE,1,5,A3TBHH0AD6EJBU,21720,10.14,2024/4/16,6:58:10,38DCH97KI0MZQFKO6Z6X3S2YHYYQJ8,FALSE
13823371,Delphinium_nuttallianum,8807613,302650,https://crowdcurio-experiment-images.s3.amazonaws.com/Delphinium_nuttallianum/images/Delphinium_nuttallianum.13823371.jpg,10,9,0,FALSE,1,6,A3TBHH0AD6EJBU,21720,27.07,2024/4/16,6:58:39,38DCH97KI0MZQFKO6Z6X3S2YHYYQJ8,FALSE
1656493,Delphinium_nuttallianum,8807616,302229,https://crowdcurio-experiment-images.s3.amazonaws.com/Delphinium_nuttallianum/images/Delphinium_nuttallianum.1656493.jpg,0,14,0,FALSE,1,10,AYSIMTHJ3F428,20369,24.24,2024/4/16,6:58:41,38DCH97KI0MZQFKO6Z6X3S2YHYYQJ8,FALSE
13823373,Delphinium_nuttallianum,8807648,302652,https://crowdcurio-experiment-images.s3.amazonaws.com/Delphinium_nuttallianum/images/Delphinium_nuttallianum.13823373.jpg,0,5,2,FALSE,1,7,A3TBHH0AD6EJBU,21720,11.67,2024/4/16,6:58:52,38DCH97KI0MZQFKO6Z6X3S2YHYYQJ8,FALSE
13823370,Delphinium_nuttallianum,8807697,302649,https://crowdcurio-experiment-images.s3.amazonaws.com/Delphinium_nuttallianum/images/Delphinium_nuttallianum.13823370.jpg,0,11,0,FALSE,1,8,A3TBHH0AD6EJBU,21720,15.46,2024/4/16,6:59:09,38DCH97KI0MZQFKO6Z6X3S2YHYYQJ8,FALSE
13823385,Delphinium_nuttallianum,8808150,302664,https://crowdcurio-experiment-images.s3.amazonaws.com/Delphinium_nuttallianum/images/Delphinium_nuttallianum.13823385.jpg,0,11,10,FALSE,1,2,A3BZFWDXKOXOJ6,20357,277.15,2024/4/16,7:01:24,38DCH97KI0MZQFKO6Z6X3S2YHYYQJ8,FALSE
1618027,Delphinium_nuttallianum,8807774,302205,https://crowdcurio-experiment-images.s3.amazonaws.com/Delphinium_nuttallianum/images/Delphinium_nuttallianum.1618027.jpg,0,13,0,FALSE,2,1,AYSIMTHJ3F428,20369,34.46,2024/4/16,6:59:34,38DCH97KI0MZQFKO6Z6X3S2YHYYQJ8,FALSE
13823360,Delphinium_nuttallianum,8807726,302642,https://crowdcurio-experiment-images.s3.amazonaws.com/Delphinium_nuttallianum/images/Delphinium_nuttallianum.13823360.jpg,0,6,0,FALSE,1,9,A3TBHH0AD6EJBU,21720,7.52,2024/4/16,6:59:18,38DCH97KI0MZQFKO6Z6X3S2YHYYQJ8,FALSE
13823366,Delphinium_nuttallianum,8807776,302646,https://crowdcurio-experiment-images.s3.amazonaws.com/Delphinium_nuttallianum/images/Delphinium_nuttallianum.13823366.jpg,0,9,0,FALSE,1,10,A3TBHH0AD6EJBU,21720,15.27,2024/4/16,6:59:35,38DCH97KI0MZQFKO6Z6X3S2YHYYQJ8,FALSE
1620211,Delphinium_nuttallianum,8807886,302209,https://crowdcurio-experiment-images.s3.amazonaws.com/Delphinium_nuttallianum/images/Delphinium_nuttallianum.1620211.jpg,0,7,15,FALSE,2,2,AYSIMTHJ3F428,20369,35.31,2024/4/16,7:00:11,38DCH97KI0MZQFKO6Z6X3S2YHYYQJ8,FALSE
1617688,Delphinium_nuttallianum,8807894,302200,https://crowdcurio-experiment-images.s3.amazonaws.com/Delphinium_nuttallianum/images/Delphinium_nuttallianum.1617688.jpg,6,6,0,FALSE,2,1,A3TBHH0AD6EJBU,21720,25.62,2024/4/16,7:00:16,38DCH97KI0MZQFKO6Z6X3S2YHYYQJ8,FALSE
1619304,Delphinium_nuttallianum,8807984,302207,https://crowdcurio-experiment-images.s3.amazonaws.com/Delphinium_nuttallianum/images/Delphinium_nuttallianum.1619304.jpg,0,17,2,FALSE,2,3,AYSIMTHJ3F428,20369,29.52,2024/4/16,7:00:42,38DCH97KI0MZQFKO6Z6X3S2YHYYQJ8,FALSE
1619741,Delphinium_nuttallianum,8808142,302208,https://crowdcurio-experiment-images.s3.amazonaws.com/Delphinium_nuttallianum/images/Delphinium_nuttallianum.1619741.jpg,0,10,11,FALSE,2,4,AYSIMTHJ3F428,20369,38.24,2024/4/16,7:01:22,38DCH97KI0MZQFKO6Z6X3S2YHYYQJ8,FALSE
1616829,Delphinium_nuttallianum,8808055,302194,https://crowdcurio-experiment-images.s3.amazonaws.com/Delphinium_nuttallianum/images/Delphinium_nuttallianum.1616829.jpg,0,13,0,FALSE,2,2,A3TBHH0AD6EJBU,21720,40.94,2024/4/16,7:00:58,38DCH97KI0MZQFKO6Z6X3S2YHYYQJ8,FALSE
1617332,Delphinium_nuttallianum,8808103,302199,https://crowdcurio-experiment-images.s3.amazonaws.com/Delphinium_nuttallianum/images/Delphinium_nuttallianum.1617332.jpg,0,8,0,FALSE,2,3,A3TBHH0AD6EJBU,21720,10.25,2024/4/16,7:01:10,38DCH97KI0MZQFKO6Z6X3S2YHYYQJ8,FALSE
1617277,Delphinium_nuttallianum,8808164,302198,https://crowdcurio-experiment-images.s3.amazonaws.com/Delphinium_nuttallianum/images/Delphinium_nuttallianum.1617277.jpg,5,4,0,FALSE,2,4,A3TBHH0AD6EJBU,21720,17.81,2024/4/16,7:01:29,38DCH97KI0MZQFKO6Z6X3S2YHYYQJ8,FALSE
1617922,Delphinium_nuttallianum,8808232,302203,https://crowdcurio-experiment-images.s3.amazonaws.com/Delphinium_nuttallianum/images/Delphinium_nuttallianum.1617922.jpg,0,17,0,FALSE,2,5,AYSIMTHJ3F428,20369,23.53,2024/4/16,7:01:47,38DCH97KI0MZQFKO6Z6X3S2YHYYQJ8,FALSE
1616381,Delphinium_nuttallianum,8808205,302192,https://crowdcurio-experiment-images.s3.amazonaws.com/Delphinium_nuttallianum/images/Delphinium_nuttallianum.1616381.jpg,0,3,0,FALSE,2,5,A3TBHH0AD6EJBU,21720,9.42,2024/4/16,7:01:40,38DCH97KI0MZQFKO6Z6X3S2YHYYQJ8,FALSE
13823399,Delphinium_nuttallianum,8808324,302670,https://crowdcurio-experiment-images.s3.amazonaws.com/Delphinium_nuttallianum/images/Delphinium_nuttallianum.13823399.jpg,0,11,7,FALSE,1,3,A3BZFWDXKOXOJ6,20357,46.03,2024/4/16,7:02:12,38DCH97KI0MZQFKO6Z6X3S2YHYYQJ8,FALSE
1617124,Delphinium_nuttallianum,8808252,302195,https://crowdcurio-experiment-images.s3.amazonaws.com/Delphinium_nuttallianum/images/Delphinium_nuttallianum.1617124.jpg,2,1,0,FALSE,2,6,A3TBHH0AD6EJBU,21720,12.31,2024/4/16,7:01:54,38DCH97KI0MZQFKO6Z6X3S2YHYYQJ8,FALSE
1616462,Delphinium_nuttallianum,8808289,302193,https://crowdcurio-experiment-images.s3.amazonaws.com/Delphinium_nuttallianum/images/Delphinium_nuttallianum.1616462.jpg,0,7,0,FALSE,2,7,A3TBHH0AD6EJBU,21720,9.47,2024/4/16,7:02:05,38DCH97KI0MZQFKO6Z6X3S2YHYYQJ8,FALSE
1617971,Delphinium_nuttallianum,8808366,302204,https://crowdcurio-experiment-images.s3.amazonaws.com/Delphinium_nuttallianum/images/Delphinium_nuttallianum.1617971.jpg,0,17,0,FALSE,2,6,AYSIMTHJ3F428,20369,33.13,2024/4/16,7:02:22,38DCH97KI0MZQFKO6Z6X3S2YHYYQJ8,FALSE
1617190,Delphinium_nuttallianum,8808369,302196,https://crowdcurio-experiment-images.s3.amazonaws.com/Delphinium_nuttallianum/images/Delphinium_nuttallianum.1617190.jpg,0,12,0,FALSE,2,8,A3TBHH0AD6EJBU,21720,15.79,2024/4/16,7:02:22,38DCH97KI0MZQFKO6Z6X3S2YHYYQJ8,FALSE
13823393,Delphinium_nuttallianum,8808453,302668,https://crowdcurio-experiment-images.s3.amazonaws.com/Delphinium_nuttallianum/images/Delphinium_nuttallianum.13823393.jpg,0,7,5,FALSE,1,4,A3BZFWDXKOXOJ6,20357,29.07,2024/4/16,7:02:42,38DCH97KI0MZQFKO6Z6X3S2YHYYQJ8,FALSE
1617208,Delphinium_nuttallianum,8808417,302197,https://crowdcurio-experiment-images.s3.amazonaws.com/Delphinium_nuttallianum/images/Delphinium_nuttallianum.1617208.jpg,0,9,0,FALSE,2,9,A3TBHH0AD6EJBU,21720,9.69,2024/4/16,7:02:33,38DCH97KI0MZQFKO6Z6X3S2YHYYQJ8,FALSE
1620838,Delphinium_nuttallianum,8808466,302210,https://crowdcurio-experiment-images.s3.amazonaws.com/Delphinium_nuttallianum/images/Delphinium_nuttallianum.1620838.jpg,0,13,5,FALSE,2,7,AYSIMTHJ3F428,20369,26.37,2024/4/16,7:02:50,38DCH97KI0MZQFKO6Z6X3S2YHYYQJ8,FALSE
13823384,Delphinium_nuttallianum,8813917,302663,https://crowdcurio-experiment-images.s3.amazonaws.com/Delphinium_nuttallianum/images/Delphinium_nuttallianum.13823384.jpg,2,49,6,FALSE,1,1,A31CXXCKECDLV1,21864,75.25,2024/4/16,7:25:28,38DCH97KI0MZQFKO6Z6X3S2YHYYQJ8,FALSE
1616462,Delphinium_nuttallianum,8808450,302193,https://crowdcurio-experiment-images.s3.amazonaws.com/Delphinium_nuttallianum/images/Delphinium_nuttallianum.1616462.jpg,0,6,0,TRUE,2,10,A3TBHH0AD6EJBU,21720,7.03,2024/4/16,7:02:41,38DCH97KI0MZQFKO6Z6X3S2YHYYQJ8,FALSE
1617971,Delphinium_nuttallianum,8808527,302204,https://crowdcurio-experiment-images.s3.amazonaws.com/Delphinium_nuttallianum/images/Delphinium_nuttallianum.1617971.jpg,0,17,0,TRUE,2,8,AYSIMTHJ3F428,20369,21.02,2024/4/16,7:03:12,38DCH97KI0MZQFKO6Z6X3S2YHYYQJ8,FALSE
13823398,Delphinium_nuttallianum,8808586,302669,https://crowdcurio-experiment-images.s3.amazonaws.com/Delphinium_nuttallianum/images/Delphinium_nuttallianum.13823398.jpg,0,11,6,FALSE,1,5,A3BZFWDXKOXOJ6,20357,39.38,2024/4/16,7:03:23,38DCH97KI0MZQFKO6Z6X3S2YHYYQJ8,FALSE
1611023,Delphinium_nuttallianum,8808645,302187,https://crowdcurio-experiment-images.s3.amazonaws.com/Delphinium_nuttallianum/images/Delphinium_nuttallianum.1611023.jpg,1,3,1,FALSE,3,1,A3TBHH0AD6EJBU,21720,46.18,2024/4/16,7:03:41,38DCH97KI0MZQFKO6Z6X3S2YHYYQJ8,FALSE
1610744,Delphinium_nuttallianum,8808681,302183,https://crowdcurio-experiment-images.s3.amazonaws.com/Delphinium_nuttallianum/images/Delphinium_nuttallianum.1610744.jpg,0,5,0,FALSE,3,2,A3TBHH0AD6EJBU,21720,7.36,2024/4/16,7:03:50,38DCH97KI0MZQFKO6Z6X3S2YHYYQJ8,FALSE
13823390,Delphinium_nuttallianum,8808779,302667,https://crowdcurio-experiment-images.s3.amazonaws.com/Delphinium_nuttallianum/images/Delphinium_nuttallianum.13823390.jpg,0,11,6,FALSE,1,6,A3BZFWDXKOXOJ6,20357,53.37,2024/4/16,7:04:18,38DCH97KI0MZQFKO6Z6X3S2YHYYQJ8,FALSE
1616202,Delphinium_nuttallianum,8808743,302190,https://crowdcurio-experiment-images.s3.amazonaws.com/Delphinium_nuttallianum/images/Delphinium_nuttallianum.1616202.jpg,0,4,0,FALSE,3,3,A3TBHH0AD6EJBU,21720,14.61,2024/4/16,7:04:06,38DCH97KI0MZQFKO6Z6X3S2YHYYQJ8,FALSE
1611023,Delphinium_nuttallianum,8808836,302187,https://crowdcurio-experiment-images.s3.amazonaws.com/Delphinium_nuttallianum/images/Delphinium_nuttallianum.1611023.jpg,0,2,0,TRUE,3,4,A3TBHH0AD6EJBU,21720,26.41,2024/4/16,7:04:33,38DCH97KI0MZQFKO6Z6X3S2YHYYQJ8,FALSE
13823386,Delphinium_nuttallianum,8808910,302665,https://crowdcurio-experiment-images.s3.amazonaws.com/Delphinium_nuttallianum/images/Delphinium_nuttallianum.13823386.jpg,0,15,5,TRUE,1,7,A3BZFWDXKOXOJ6,20357,28.97,2024/4/16,7:04:48,38DCH97KI0MZQFKO6Z6X3S2YHYYQJ8,FALSE
1613529,Delphinium_nuttallianum,8808899,302189,https://crowdcurio-experiment-images.s3.amazonaws.com/Delphinium_nuttallianum/images/Delphinium_nuttallianum.1613529.jpg,0,7,0,FALSE,3,5,A3TBHH0AD6EJBU,21720,9.52,2024/4/16,7:04:44,38DCH97KI0MZQFKO6Z6X3S2YHYYQJ8,FALSE
1611751,Delphinium_nuttallianum,8808927,302188,https://crowdcurio-experiment-images.s3.amazonaws.com/Delphinium_nuttallianum/images/Delphinium_nuttallianum.1611751.jpg,0,3,0,FALSE,3,6,A3TBHH0AD6EJBU,21720,8.53,2024/4/16,7:04:55,38DCH97KI0MZQFKO6Z6X3S2YHYYQJ8,FALSE
13823407,Delphinium_nuttallianum,8809116,302672,https://crowdcurio-experiment-images.s3.amazonaws.com/Delphinium_nuttallianum/images/Delphinium_nuttallianum.13823407.jpg,0,11,8,FALSE,1,8,A3BZFWDXKOXOJ6,20357,43.78,2024/4/16,7:05:33,38DCH97KI0MZQFKO6Z6X3S2YHYYQJ8,FALSE
1610757,Delphinium_nuttallianum,8808970,302184,https://crowdcurio-experiment-images.s3.amazonaws.com/Delphinium_nuttallianum/images/Delphinium_nuttallianum.1610757.jpg,0,4,0,FALSE,3,7,A3TBHH0AD6EJBU,21720,8.24,2024/4/16,7:05:04,38DCH97KI0MZQFKO6Z6X3S2YHYYQJ8,FALSE
1610967,Delphinium_nuttallianum,8809065,302186,https://crowdcurio-experiment-images.s3.amazonaws.com/Delphinium_nuttallianum/images/Delphinium_nuttallianum.1610967.jpg,2,3,0,FALSE,3,8,A3TBHH0AD6EJBU,21720,18.2,2024/4/16,7:05:24,38DCH97KI0MZQFKO6Z6X3S2YHYYQJ8,FALSE
1610825,Delphinium_nuttallianum,8809129,302185,https://crowdcurio-experiment-images.s3.amazonaws.com/Delphinium_nuttallianum/images/Delphinium_nuttallianum.1610825.jpg,0,8,0,FALSE,3,9,A3TBHH0AD6EJBU,21720,10.01,2024/4/16,7:05:36,38DCH97KI0MZQFKO6Z6X3S2YHYYQJ8,FALSE
1616309,Delphinium_nuttallianum,8809171,302191,https://crowdcurio-experiment-images.s3.amazonaws.com/Delphinium_nuttallianum/images/Delphinium_nuttallianum.1616309.jpg,0,2,0,FALSE,3,10,A3TBHH0AD6EJBU,21720,7.25,2024/4/16,7:05:45,38DCH97KI0MZQFKO6Z6X3S2YHYYQJ8,FALSE
13823389,Delphinium_nuttallianum,8809224,302666,https://crowdcurio-experiment-images.s3.amazonaws.com/Delphinium_nuttallianum/images/Delphinium_nuttallianum.13823389.jpg,0,5,1,FALSE,1,9,A3BZFWDXKOXOJ6,20357,25.57,2024/4/16,7:06:01,38DCH97KI0MZQFKO6Z6X3S2YHYYQJ8,FALSE
13823409,Delphinium_nuttallianum,8809375,302673,https://crowdcurio-experiment-images.s3.amazonaws.com/Delphinium_nuttallianum/images/Delphinium_nuttallianum.13823409.jpg,0,11,6,FALSE,1,10,A3BZFWDXKOXOJ6,20357,26.08,2024/4/16,7:06:29,38DCH97KI0MZQFKO6Z6X3S2YHYYQJ8,FALSE
1618280,Delphinium_nuttallianum,8809527,302206,https://crowdcurio-experiment-images.s3.amazonaws.com/Delphinium_nuttallianum/images/Delphinium_nuttallianum.1618280.jpg,0,6,0,FALSE,2,9,AYSIMTHJ3F428,20369,235.23,2024/4/16,7:07:09,38DCH97KI0MZQFKO6Z6X3S2YHYYQJ8,FALSE
1610578,Delphinium_nuttallianum,8809650,302181,https://crowdcurio-experiment-images.s3.amazonaws.com/Delphinium_nuttallianum/images/Delphinium_nuttallianum.1610578.jpg,0,5,9,FALSE,2,1,A3BZFWDXKOXOJ6,20357,41.69,2024/4/16,7:07:30,38DCH97KI0MZQFKO6Z6X3S2YHYYQJ8,FALSE
1617855,Delphinium_nuttallianum,8809751,302202,https://crowdcurio-experiment-images.s3.amazonaws.com/Delphinium_nuttallianum/images/Delphinium_nuttallianum.1617855.jpg,0,31,0,FALSE,2,10,AYSIMTHJ3F428,20369,37.22,2024/4/16,7:07:48,38DCH97KI0MZQFKO6Z6X3S2YHYYQJ8,FALSE
1609883,Delphinium_nuttallianum,8809791,302180,https://crowdcurio-experiment-images.s3.amazonaws.com/Delphinium_nuttallianum/images/Delphinium_nuttallianum.1609883.jpg,0,7,7,FALSE,2,2,A3BZFWDXKOXOJ6,20357,23.38,2024/4/16,7:07:56,38DCH97KI0MZQFKO6Z6X3S2YHYYQJ8,FALSE
1609345,Delphinium_nuttallianum,8809972,302174,https://crowdcurio-experiment-images.s3.amazonaws.com/Delphinium_nuttallianum/images/Delphinium_nuttallianum.1609345.jpg,0,2,19,FALSE,2,3,A3BZFWDXKOXOJ6,20357,50.55,2024/4/16,7:08:48,38DCH97KI0MZQFKO6Z6X3S2YHYYQJ8,FALSE
1609566,Delphinium_nuttallianum,8810063,302177,https://crowdcurio-experiment-images.s3.amazonaws.com/Delphinium_nuttallianum/images/Delphinium_nuttallianum.1609566.jpg,0,4,5,FALSE,2,4,A3BZFWDXKOXOJ6,20357,19.43,2024/4/16,7:09:09,38DCH97KI0MZQFKO6Z6X3S2YHYYQJ8,FALSE
1609502,Delphinium_nuttallianum,8810120,302176,https://crowdcurio-experiment-images.s3.amazonaws.com/Delphinium_nuttallianum/images/Delphinium_nuttallianum.1609502.jpg,0,5,2,FALSE,2,5,A3BZFWDXKOXOJ6,20357,15.12,2024/4/16,7:09:25,38DCH97KI0MZQFKO6Z6X3S2YHYYQJ8,FALSE
1609406,Delphinium_nuttallianum,8810301,302175,https://crowdcurio-experiment-images.s3.amazonaws.com/Delphinium_nuttallianum/images/Delphinium_nuttallianum.1609406.jpg,0,14,8,FALSE,2,6,A3BZFWDXKOXOJ6,20357,33.42,2024/4/16,7:10:00,38DCH97KI0MZQFKO6Z6X3S2YHYYQJ8,FALSE
1563557,Delphinium_nuttallianum,8810362,302156,https://crowdcurio-experiment-images.s3.amazonaws.com/Delphinium_nuttallianum/images/Delphinium_nuttallianum.1563557.jpg,0,12,13,FALSE,3,1,AYSIMTHJ3F428,20369,122.06,2024/4/16,7:10:11,38DCH97KI0MZQFKO6Z6X3S2YHYYQJ8,FALSE
13823383,Delphinium_nuttallianum,8810406,302662,https://crowdcurio-experiment-images.s3.amazonaws.com/Delphinium_nuttallianum/images/Delphinium_nuttallianum.13823383.jpg,0,10,0,FALSE,1,1,A31CXXCKECDLV1,21864,46.45,2024/4/16,7:10:17,38DCH97KI0MZQFKO6Z6X3S2YHYYQJ8,FALSE
1609721,Delphinium_nuttallianum,8810452,302178,https://crowdcurio-experiment-images.s3.amazonaws.com/Delphinium_nuttallianum/images/Delphinium_nuttallianum.1609721.jpg,0,4,9,FALSE,2,7,A3BZFWDXKOXOJ6,20357,23.11,2024/4/16,7:10:25,38DCH97KI0MZQFKO6Z6X3S2YHYYQJ8,FALSE
1562066,Delphinium_nuttallianum,8811160,302152,https://crowdcurio-experiment-images.s3.amazonaws.com/Delphinium_nuttallianum/images/Delphinium_nuttallianum.1562066.jpg,1,12,5,FALSE,3,2,AYSIMTHJ3F428,20369,195.91,2024/4/16,7:13:28,38DCH97KI0MZQFKO6Z6X3S2YHYYQJ8,FALSE
1609883,Delphinium_nuttallianum,8810618,302180,https://crowdcurio-experiment-images.s3.amazonaws.com/Delphinium_nuttallianum/images/Delphinium_nuttallianum.1609883.jpg,0,8,5,TRUE,2,8,A3BZFWDXKOXOJ6,20357,34.14,2024/4/16,7:11:00,38DCH97KI0MZQFKO6Z6X3S2YHYYQJ8,FALSE
13823382,Delphinium_nuttallianum,8810716,302661,https://crowdcurio-experiment-images.s3.amazonaws.com/Delphinium_nuttallianum/images/Delphinium_nuttallianum.13823382.jpg,10,13,0,FALSE,1,2,A31CXXCKECDLV1,21864,57.77,2024/4/16,7:11:17,38DCH97KI0MZQFKO6Z6X3S2YHYYQJ8,FALSE
1560788,Delphinium_nuttallianum,8810848,302147,https://crowdcurio-experiment-images.s3.amazonaws.com/Delphinium_nuttallianum/images/Delphinium_nuttallianum.1560788.jpg,0,4,2,FALSE,1,1,A1GYII3R62TH65,21490,75.53,2024/4/16,7:11:48,38DCH97KI0MZQFKO6Z6X3S2YHYYQJ8,FALSE
1610676,Delphinium_nuttallianum,8810875,302182,https://crowdcurio-experiment-images.s3.amazonaws.com/Delphinium_nuttallianum/images/Delphinium_nuttallianum.1610676.jpg,0,7,3,FALSE,2,9,A3BZFWDXKOXOJ6,20357,61.05,2024/4/16,7:12:03,38DCH97KI0MZQFKO6Z6X3S2YHYYQJ8,FALSE
13823383,Delphinium_nuttallianum,8810871,302662,https://crowdcurio-experiment-images.s3.amazonaws.com/Delphinium_nuttallianum/images/Delphinium_nuttallianum.13823383.jpg,1,11,0,TRUE,1,3,A31CXXCKECDLV1,21864,43.78,2024/4/16,7:12:01,38DCH97KI0MZQFKO6Z6X3S2YHYYQJ8,FALSE
1609784,Delphinium_nuttallianum,8810985,302179,https://crowdcurio-experiment-images.s3.amazonaws.com/Delphinium_nuttallianum/images/Delphinium_nuttallianum.1609784.jpg,0,12,7,FALSE,2,10,A3BZFWDXKOXOJ6,20357,38.42,2024/4/16,7:12:43,38DCH97KI0MZQFKO6Z6X3S2YHYYQJ8,FALSE
13823375,Delphinium_nuttallianum,8811046,302654,https://crowdcurio-experiment-images.s3.amazonaws.com/Delphinium_nuttallianum/images/Delphinium_nuttallianum.13823375.jpg,9,15,2,FALSE,1,4,A31CXXCKECDLV1,21864,57.33,2024/4/16,7:13:00,38DCH97KI0MZQFKO6Z6X3S2YHYYQJ8,FALSE
1561221,Delphinium_nuttallianum,8811070,302148,https://crowdcurio-experiment-images.s3.amazonaws.com/Delphinium_nuttallianum/images/Delphinium_nuttallianum.1561221.jpg,0,11,0,FALSE,1,2,A1GYII3R62TH65,21490,79.78,2024/4/16,7:13:09,38DCH97KI0MZQFKO6Z6X3S2YHYYQJ8,FALSE
1557896,Delphinium_nuttallianum,8811246,302142,https://crowdcurio-experiment-images.s3.amazonaws.com/Delphinium_nuttallianum/images/Delphinium_nuttallianum.1557896.jpg,1,9,0,FALSE,1,3,A1GYII3R62TH65,21490,31.64,2024/4/16,7:13:41,38DCH97KI0MZQFKO6Z6X3S2YHYYQJ8,FALSE
1436955,Delphinium_nuttallianum,8811128,302128,https://crowdcurio-experiment-images.s3.amazonaws.com/Delphinium_nuttallianum/images/Delphinium_nuttallianum.1436955.jpg,0,2,3,FALSE,3,1,A3BZFWDXKOXOJ6,20357,18.17,2024/4/16,7:13:23,38DCH97KI0MZQFKO6Z6X3S2YHYYQJ8,FALSE
13823378,Delphinium_nuttallianum,8811219,302657,https://crowdcurio-experiment-images.s3.amazonaws.com/Delphinium_nuttallianum/images/Delphinium_nuttallianum.13823378.jpg,3,13,0,FALSE,1,5,A31CXXCKECDLV1,21864,35.68,2024/4/16,7:13:38,38DCH97KI0MZQFKO6Z6X3S2YHYYQJ8,FALSE
1596605,Delphinium_nuttallianum,8811314,302164,https://crowdcurio-experiment-images.s3.amazonaws.com/Delphinium_nuttallianum/images/Delphinium_nuttallianum.1596605.jpg,0,15,0,FALSE,3,3,AYSIMTHJ3F428,20369,25.46,2024/4/16,7:13:55,38DCH97KI0MZQFKO6Z6X3S2YHYYQJ8,FALSE
1422213,Delphinium_nuttallianum,8811340,302127,https://crowdcurio-experiment-images.s3.amazonaws.com/Delphinium_nuttallianum/images/Delphinium_nuttallianum.1422213.jpg,0,6,8,FALSE,3,2,A3BZFWDXKOXOJ6,20357,37.36,2024/4/16,7:14:03,38DCH97KI0MZQFKO6Z6X3S2YHYYQJ8,FALSE
13823377,Delphinium_nuttallianum,8812951,302656,https://crowdcurio-experiment-images.s3.amazonaws.com/Delphinium_nuttallianum/images/Delphinium_nuttallianum.13823377.jpg,15,17,0,FALSE,1,6,A31CXXCKECDLV1,21864,495.96,2024/4/16,7:21:55,38DCH97KI0MZQFKO6Z6X3S2YHYYQJ8,FALSE
1422199,Delphinium_nuttallianum,8811434,302126,https://crowdcurio-experiment-images.s3.amazonaws.com/Delphinium_nuttallianum/images/Delphinium_nuttallianum.1422199.jpg,0,7,5,FALSE,3,3,A3BZFWDXKOXOJ6,20357,29.83,2024/4/16,7:14:34,38DCH97KI0MZQFKO6Z6X3S2YHYYQJ8,FALSE
1588026,Delphinium_nuttallianum,8811443,302162,https://crowdcurio-experiment-images.s3.amazonaws.com/Delphinium_nuttallianum/images/Delphinium_nuttallianum.1588026.jpg,0,10,4,FALSE,3,4,AYSIMTHJ3F428,20369,40.88,2024/4/16,7:14:38,38DCH97KI0MZQFKO6Z6X3S2YHYYQJ8,FALSE
1564409,Delphinium_nuttallianum,8811521,302158,https://crowdcurio-experiment-images.s3.amazonaws.com/Delphinium_nuttallianum/images/Delphinium_nuttallianum.1564409.jpg,0,12,0,FALSE,3,5,AYSIMTHJ3F428,20369,18.86,2024/4/16,7:14:58,38DCH97KI0MZQFKO6Z6X3S2YHYYQJ8,FALSE
1418755,Delphinium_nuttallianum,8811592,302124,https://crowdcurio-experiment-images.s3.amazonaws.com/Delphinium_nuttallianum/images/Delphinium_nuttallianum.1418755.jpg,0,4,3,FALSE,3,4,A3BZFWDXKOXOJ6,20357,44.74,2024/4/16,7:15:21,38DCH97KI0MZQFKO6Z6X3S2YHYYQJ8,FALSE
1558235,Delphinium_nuttallianum,8811982,302145,https://crowdcurio-experiment-images.s3.amazonaws.com/Delphinium_nuttallianum/images/Delphinium_nuttallianum.1558235.jpg,11,14,0,FALSE,1,4,A1GYII3R62TH65,21490,188.6,2024/4/16,7:16:51,38DCH97KI0MZQFKO6Z6X3S2YHYYQJ8,FALSE
1565296,Delphinium_nuttallianum,8811604,302159,https://crowdcurio-experiment-images.s3.amazonaws.com/Delphinium_nuttallianum/images/Delphinium_nuttallianum.1565296.jpg,0,8,2,FALSE,3,6,AYSIMTHJ3F428,20369,23.47,2024/4/16,7:15:23,38DCH97KI0MZQFKO6Z6X3S2YHYYQJ8,FALSE
1596339,Delphinium_nuttallianum,8811684,302163,https://crowdcurio-experiment-images.s3.amazonaws.com/Delphinium_nuttallianum/images/Delphinium_nuttallianum.1596339.jpg,0,12,0,FALSE,3,7,AYSIMTHJ3F428,20369,15.38,2024/4/16,7:15:40,38DCH97KI0MZQFKO6Z6X3S2YHYYQJ8,FALSE
1422213,Delphinium_nuttallianum,8811749,302127,https://crowdcurio-experiment-images.s3.amazonaws.com/Delphinium_nuttallianum/images/Delphinium_nuttallianum.1422213.jpg,0,6,7,TRUE,3,5,A3BZFWDXKOXOJ6,20357,37.47,2024/4/16,7:15:59,38DCH97KI0MZQFKO6Z6X3S2YHYYQJ8,FALSE
1583071,Delphinium_nuttallianum,8811762,302161,https://crowdcurio-experiment-images.s3.amazonaws.com/Delphinium_nuttallianum/images/Delphinium_nuttallianum.1583071.jpg,0,10,3,FALSE,3,8,AYSIMTHJ3F428,20369,19.05,2024/4/16,7:16:01,38DCH97KI0MZQFKO6Z6X3S2YHYYQJ8,FALSE
1561954,Delphinium_nuttallianum,8811854,302151,https://crowdcurio-experiment-images.s3.amazonaws.com/Delphinium_nuttallianum/images/Delphinium_nuttallianum.1561954.jpg,0,19,0,FALSE,3,9,AYSIMTHJ3F428,20369,17.99,2024/4/16,7:16:20,38DCH97KI0MZQFKO6Z6X3S2YHYYQJ8,FALSE
1444139,Delphinium_nuttallianum,8811907,302129,https://crowdcurio-experiment-images.s3.amazonaws.com/Delphinium_nuttallianum/images/Delphinium_nuttallianum.1444139.jpg,0,9,4,FALSE,3,6,A3BZFWDXKOXOJ6,20357,33.13,2024/4/16,7:16:34,38DCH97KI0MZQFKO6Z6X3S2YHYYQJ8,FALSE
1583071,Delphinium_nuttallianum,8811947,302161,https://crowdcurio-experiment-images.s3.amazonaws.com/Delphinium_nuttallianum/images/Delphinium_nuttallianum.1583071.jpg,0,10,2,TRUE,3,10,AYSIMTHJ3F428,20369,20.43,2024/4/16,7:16:42,38DCH97KI0MZQFKO6Z6X3S2YHYYQJ8,FALSE
1455886,Delphinium_nuttallianum,8812046,302131,https://crowdcurio-experiment-images.s3.amazonaws.com/Delphinium_nuttallianum/images/Delphinium_nuttallianum.1455886.jpg,0,18,0,FALSE,3,7,A3BZFWDXKOXOJ6,20357,31.36,2024/4/16,7:17:07,38DCH97KI0MZQFKO6Z6X3S2YHYYQJ8,FALSE
1561809,Delphinium_nuttallianum,8812140,302149,https://crowdcurio-experiment-images.s3.amazonaws.com/Delphinium_nuttallianum/images/Delphinium_nuttallianum.1561809.jpg,0,7,2,FALSE,1,5,A1GYII3R62TH65,21490,36.98,2024/4/16,7:17:29,38DCH97KI0MZQFKO6Z6X3S2YHYYQJ8,FALSE
1418807,Delphinium_nuttallianum,8812168,302125,https://crowdcurio-experiment-images.s3.amazonaws.com/Delphinium_nuttallianum/images/Delphinium_nuttallianum.1418807.jpg,0,4,8,FALSE,3,8,A3BZFWDXKOXOJ6,20357,25.51,2024/4/16,7:17:34,38DCH97KI0MZQFKO6Z6X3S2YHYYQJ8,FALSE
1560047,Delphinium_nuttallianum,8812315,302146,https://crowdcurio-experiment-images.s3.amazonaws.com/Delphinium_nuttallianum/images/Delphinium_nuttallianum.1560047.jpg,0,3,3,FALSE,1,6,A1GYII3R62TH65,21490,43.58,2024/4/16,7:18:13,38DCH97KI0MZQFKO6Z6X3S2YHYYQJ8,FALSE
1452364,Delphinium_nuttallianum,8812287,302130,https://crowdcurio-experiment-images.s3.amazonaws.com/Delphinium_nuttallianum/images/Delphinium_nuttallianum.1452364.jpg,0,12,0,FALSE,3,9,A3BZFWDXKOXOJ6,20357,31.39,2024/4/16,7:18:07,38DCH97KI0MZQFKO6Z6X3S2YHYYQJ8,FALSE
1558047,Delphinium_nuttallianum,8812542,302143,https://crowdcurio-experiment-images.s3.amazonaws.com/Delphinium_nuttallianum/images/Delphinium_nuttallianum.1558047.jpg,7,10,0,FALSE,1,7,A1GYII3R62TH65,21490,87.32,2024/4/16,7:19:41,38DCH97KI0MZQFKO6Z6X3S2YHYYQJ8,FALSE
1474869,Delphinium_nuttallianum,8812610,302132,https://crowdcurio-experiment-images.s3.amazonaws.com/Delphinium_nuttallianum/images/Delphinium_nuttallianum.1474869.jpg,0,7,1,FALSE,3,10,A3BZFWDXKOXOJ6,20357,121.38,2024/4/16,7:20:10,38DCH97KI0MZQFKO6Z6X3S2YHYYQJ8,FALSE
1342717,Delphinium_nuttallianum,8812681,302114,https://crowdcurio-experiment-images.s3.amazonaws.com/Delphinium_nuttallianum/images/Delphinium_nuttallianum.1342717.jpg,0,6,2,FALSE,4,1,AYSIMTHJ3F428,20369,220.95,2024/4/16,7:20:41,38DCH97KI0MZQFKO6Z6X3S2YHYYQJ8,FALSE
1336302,Delphinium_nuttallianum,8812743,302094,https://crowdcurio-experiment-images.s3.amazonaws.com/Delphinium_nuttallianum/images/Delphinium_nuttallianum.1336302.jpg,0,7,4,FALSE,4,1,A3BZFWDXKOXOJ6,20357,32.11,2024/4/16,7:21:00,38DCH97KI0MZQFKO6Z6X3S2YHYYQJ8,FALSE
1340557,Delphinium_nuttallianum,8812756,302106,https://crowdcurio-experiment-images.s3.amazonaws.com/Delphinium_nuttallianum/images/Delphinium_nuttallianum.1340557.jpg,0,19,0,FALSE,4,2,AYSIMTHJ3F428,20369,22.21,2024/4/16,7:21:05,38DCH97KI0MZQFKO6Z6X3S2YHYYQJ8,FALSE
1561888,Delphinium_nuttallianum,8812798,302150,https://crowdcurio-experiment-images.s3.amazonaws.com/Delphinium_nuttallianum/images/Delphinium_nuttallianum.1561888.jpg,0,14,0,FALSE,1,8,A1GYII3R62TH65,21490,97.36,2024/4/16,7:21:20,38DCH97KI0MZQFKO6Z6X3S2YHYYQJ8,FALSE
1336425,Delphinium_nuttallianum,8812797,302095,https://crowdcurio-experiment-images.s3.amazonaws.com/Delphinium_nuttallianum/images/Delphinium_nuttallianum.1336425.jpg,0,8,0,FALSE,4,2,A3BZFWDXKOXOJ6,20357,17.55,2024/4/16,7:21:19,38DCH97KI0MZQFKO6Z6X3S2YHYYQJ8,FALSE
1341238,Delphinium_nuttallianum,8812799,302110,https://crowdcurio-experiment-images.s3.amazonaws.com/Delphinium_nuttallianum/images/Delphinium_nuttallianum.1341238.jpg,0,12,0,FALSE,4,3,AYSIMTHJ3F428,20369,13.66,2024/4/16,7:21:20,38DCH97KI0MZQFKO6Z6X3S2YHYYQJ8,FALSE
1336224,Delphinium_nuttallianum,8812894,302093,https://crowdcurio-experiment-images.s3.amazonaws.com/Delphinium_nuttallianum/images/Delphinium_nuttallianum.1336224.jpg,0,8,4,FALSE,4,3,A3BZFWDXKOXOJ6,20357,22.09,2024/4/16,7:21:43,38DCH97KI0MZQFKO6Z6X3S2YHYYQJ8,FALSE
1340771,Delphinium_nuttallianum,8812856,302108,https://crowdcurio-experiment-images.s3.amazonaws.com/Delphinium_nuttallianum/images/Delphinium_nuttallianum.1340771.jpg,0,8,0,FALSE,4,4,AYSIMTHJ3F428,20369,10.93,2024/4/16,7:21:33,38DCH97KI0MZQFKO6Z6X3S2YHYYQJ8,FALSE
1560047,Delphinium_nuttallianum,8812889,302146,https://crowdcurio-experiment-images.s3.amazonaws.com/Delphinium_nuttallianum/images/Delphinium_nuttallianum.1560047.jpg,0,3,2,TRUE,1,9,A1GYII3R62TH65,21490,20,2024/4/16,7:21:40,38DCH97KI0MZQFKO6Z6X3S2YHYYQJ8,FALSE
1340887,Delphinium_nuttallianum,8812929,302109,https://crowdcurio-experiment-images.s3.amazonaws.com/Delphinium_nuttallianum/images/Delphinium_nuttallianum.1340887.jpg,0,12,0,FALSE,4,5,AYSIMTHJ3F428,20369,16.21,2024/4/16,7:21:50,38DCH97KI0MZQFKO6Z6X3S2YHYYQJ8,FALSE
1558182,Delphinium_nuttallianum,8813131,302144,https://crowdcurio-experiment-images.s3.amazonaws.com/Delphinium_nuttallianum/images/Delphinium_nuttallianum.1558182.jpg,13,8,0,FALSE,1,10,A1GYII3R62TH65,21490,48.93,2024/4/16,7:22:30,38DCH97KI0MZQFKO6Z6X3S2YHYYQJ8,FALSE
1336772,Delphinium_nuttallianum,8812990,302096,https://crowdcurio-experiment-images.s3.amazonaws.com/Delphinium_nuttallianum/images/Delphinium_nuttallianum.1336772.jpg,0,6,2,FALSE,4,4,A3BZFWDXKOXOJ6,20357,19.77,2024/4/16,7:22:04,38DCH97KI0MZQFKO6Z6X3S2YHYYQJ8,FALSE
1340706,Delphinium_nuttallianum,8813055,302107,https://crowdcurio-experiment-images.s3.amazonaws.com/Delphinium_nuttallianum/images/Delphinium_nuttallianum.1340706.jpg,0,8,8,FALSE,4,6,AYSIMTHJ3F428,20369,21.71,2024/4/16,7:22:14,38DCH97KI0MZQFKO6Z6X3S2YHYYQJ8,FALSE
1336136,Delphinium_nuttallianum,8813145,302092,https://crowdcurio-experiment-images.s3.amazonaws.com/Delphinium_nuttallianum/images/Delphinium_nuttallianum.1336136.jpg,0,10,3,FALSE,4,5,A3BZFWDXKOXOJ6,20357,28.32,2024/4/16,7:22:34,38DCH97KI0MZQFKO6Z6X3S2YHYYQJ8,FALSE
13823380,Delphinium_nuttallianum,8813214,302659,https://crowdcurio-experiment-images.s3.amazonaws.com/Delphinium_nuttallianum/images/Delphinium_nuttallianum.13823380.jpg,10,11,0,FALSE,1,7,A31CXXCKECDLV1,21864,50.96,2024/4/16,7:22:48,38DCH97KI0MZQFKO6Z6X3S2YHYYQJ8,FALSE
1341595,Delphinium_nuttallianum,8813148,302112,https://crowdcurio-experiment-images.s3.amazonaws.com/Delphinium_nuttallianum/images/Delphinium_nuttallianum.1341595.jpg,0,7,4,FALSE,4,7,AYSIMTHJ3F428,20369,19.61,2024/4/16,7:22:35,38DCH97KI0MZQFKO6Z6X3S2YHYYQJ8,FALSE
1335551,Delphinium_nuttallianum,8813299,302088,https://crowdcurio-experiment-images.s3.amazonaws.com/Delphinium_nuttallianum/images/Delphinium_nuttallianum.1335551.jpg,0,12,4,FALSE,4,6,A3BZFWDXKOXOJ6,20357,29.69,2024/4/16,7:23:05,38DCH97KI0MZQFKO6Z6X3S2YHYYQJ8,FALSE
1342717,Delphinium_nuttallianum,8813223,302114,https://crowdcurio-experiment-images.s3.amazonaws.com/Delphinium_nuttallianum/images/Delphinium_nuttallianum.1342717.jpg,0,6,0,TRUE,4,8,AYSIMTHJ3F428,20369,13.62,2024/4/16,7:22:49,38DCH97KI0MZQFKO6Z6X3S2YHYYQJ8,FALSE
1341476,Delphinium_nuttallianum,8813350,302111,https://crowdcurio-experiment-images.s3.amazonaws.com/Delphinium_nuttallianum/images/Delphinium_nuttallianum.1341476.jpg,0,4,9,FALSE,4,9,AYSIMTHJ3F428,20369,26.03,2024/4/16,7:23:17,38DCH97KI0MZQFKO6Z6X3S2YHYYQJ8,FALSE
1312166,Delphinium_nuttallianum,8813453,302081,https://crowdcurio-experiment-images.s3.amazonaws.com/Delphinium_nuttallianum/images/Delphinium_nuttallianum.1312166.jpg,0,10,4,FALSE,2,1,A1GYII3R62TH65,21490,58.48,2024/4/16,7:23:44,38DCH97KI0MZQFKO6Z6X3S2YHYYQJ8,FALSE
13823379,Delphinium_nuttallianum,8813393,302658,https://crowdcurio-experiment-images.s3.amazonaws.com/Delphinium_nuttallianum/images/Delphinium_nuttallianum.13823379.jpg,1,2,0,FALSE,1,8,A31CXXCKECDLV1,21864,37.8,2024/4/16,7:23:27,38DCH97KI0MZQFKO6Z6X3S2YHYYQJ8,FALSE
1335842,Delphinium_nuttallianum,8813425,302090,https://crowdcurio-experiment-images.s3.amazonaws.com/Delphinium_nuttallianum/images/Delphinium_nuttallianum.1335842.jpg,0,10,1,FALSE,4,7,A3BZFWDXKOXOJ6,20357,27.77,2024/4/16,7:23:35,38DCH97KI0MZQFKO6Z6X3S2YHYYQJ8,FALSE
1342672,Delphinium_nuttallianum,8813418,302113,https://crowdcurio-experiment-images.s3.amazonaws.com/Delphinium_nuttallianum/images/Delphinium_nuttallianum.1342672.jpg,0,5,3,FALSE,4,10,AYSIMTHJ3F428,20369,14.26,2024/4/16,7:23:33,38DCH97KI0MZQFKO6Z6X3S2YHYYQJ8,FALSE
1336302,Delphinium_nuttallianum,8813522,302094,https://crowdcurio-experiment-images.s3.amazonaws.com/Delphinium_nuttallianum/images/Delphinium_nuttallianum.1336302.jpg,0,8,1,TRUE,4,8,A3BZFWDXKOXOJ6,20357,22.27,2024/4/16,7:23:58,38DCH97KI0MZQFKO6Z6X3S2YHYYQJ8,FALSE
13823381,Delphinium_nuttallianum,8813583,302660,https://crowdcurio-experiment-images.s3.amazonaws.com/Delphinium_nuttallianum/images/Delphinium_nuttallianum.13823381.jpg,3,11,0,FALSE,1,9,A31CXXCKECDLV1,21864,42.84,2024/4/16,7:24:12,38DCH97KI0MZQFKO6Z6X3S2YHYYQJ8,FALSE
1311456,Delphinium_nuttallianum,8813685,302080,https://crowdcurio-experiment-images.s3.amazonaws.com/Delphinium_nuttallianum/images/Delphinium_nuttallianum.1311456.jpg,0,10,4,FALSE,2,2,A1GYII3R62TH65,21490,43.82,2024/4/16,7:24:29,38DCH97KI0MZQFKO6Z6X3S2YHYYQJ8,FALSE
1336093,Delphinium_nuttallianum,8813713,302091,https://crowdcurio-experiment-images.s3.amazonaws.com/Delphinium_nuttallianum/images/Delphinium_nuttallianum.1336093.jpg,0,16,1,FALSE,4,9,A3BZFWDXKOXOJ6,20357,35.75,2024/4/16,7:24:36,38DCH97KI0MZQFKO6Z6X3S2YHYYQJ8,FALSE
1311374,Delphinium_nuttallianum,8813923,302079,https://crowdcurio-experiment-images.s3.amazonaws.com/Delphinium_nuttallianum/images/Delphinium_nuttallianum.1311374.jpg,1,13,0,FALSE,2,3,A1GYII3R62TH65,21490,59.34,2024/4/16,7:25:29,38DCH97KI0MZQFKO6Z6X3S2YHYYQJ8,FALSE
1335574,Delphinium_nuttallianum,8813785,302089,https://crowdcurio-experiment-images.s3.amazonaws.com/Delphinium_nuttallianum/images/Delphinium_nuttallianum.1335574.jpg,0,6,2,FALSE,4,10,A3BZFWDXKOXOJ6,20357,16.57,2024/4/16,7:24:54,38DCH97KI0MZQFKO6Z6X3S2YHYYQJ8,FALSE
1271513,Delphinium_nuttallianum,8813955,302069,https://crowdcurio-experiment-images.s3.amazonaws.com/Delphinium_nuttallianum/images/Delphinium_nuttallianum.1271513.jpg,0,8,2,FALSE,5,1,A3BZFWDXKOXOJ6,20357,24.1,2024/4/16,7:25:39,38DCH97KI0MZQFKO6Z6X3S2YHYYQJ8,FALSE
1335111,Delphinium_nuttallianum,8814122,302085,https://crowdcurio-experiment-images.s3.amazonaws.com/Delphinium_nuttallianum/images/Delphinium_nuttallianum.1335111.jpg,0,14,0,FALSE,2,4,A1GYII3R62TH65,21490,39.4,2024/4/16,7:26:09,38DCH97KI0MZQFKO6Z6X3S2YHYYQJ8,FALSE
1271275,Delphinium_nuttallianum,8814154,302067,https://crowdcurio-experiment-images.s3.amazonaws.com/Delphinium_nuttallianum/images/Delphinium_nuttallianum.1271275.jpg,0,13,5,FALSE,5,2,A3BZFWDXKOXOJ6,20357,35.13,2024/4/16,7:26:17,38DCH97KI0MZQFKO6Z6X3S2YHYYQJ8,FALSE
1270405,Delphinium_nuttallianum,8814324,302063,https://crowdcurio-experiment-images.s3.amazonaws.com/Delphinium_nuttallianum/images/Delphinium_nuttallianum.1270405.jpg,0,14,1,FALSE,5,3,A3BZFWDXKOXOJ6,20357,31.05,2024/4/16,7:26:49,38DCH97KI0MZQFKO6Z6X3S2YHYYQJ8,FALSE
1312242,Delphinium_nuttallianum,8814603,302082,https://crowdcurio-experiment-images.s3.amazonaws.com/Delphinium_nuttallianum/images/Delphinium_nuttallianum.1312242.jpg,1,11,7,FALSE,2,5,A1GYII3R62TH65,21490,89.71,2024/4/16,7:27:40,38DCH97KI0MZQFKO6Z6X3S2YHYYQJ8,FALSE
1270298,Delphinium_nuttallianum,8814501,302060,https://crowdcurio-experiment-images.s3.amazonaws.com/Delphinium_nuttallianum/images/Delphinium_nuttallianum.1270298.jpg,0,11,3,FALSE,5,4,A3BZFWDXKOXOJ6,20357,29.62,2024/4/16,7:27:20,38DCH97KI0MZQFKO6Z6X3S2YHYYQJ8,FALSE
1270465,Delphinium_nuttallianum,8814719,302065,https://crowdcurio-experiment-images.s3.amazonaws.com/Delphinium_nuttallianum/images/Delphinium_nuttallianum.1270465.jpg,0,9,4,FALSE,5,5,A3BZFWDXKOXOJ6,20357,38.25,2024/4/16,7:28:00,38DCH97KI0MZQFKO6Z6X3S2YHYYQJ8,FALSE
1312372,Delphinium_nuttallianum,8814897,302083,https://crowdcurio-experiment-images.s3.amazonaws.com/Delphinium_nuttallianum/images/Delphinium_nuttallianum.1312372.jpg,0,7,14,FALSE,2,6,A1GYII3R62TH65,21490,60.45,2024/4/16,7:28:41,38DCH97KI0MZQFKO6Z6X3S2YHYYQJ8,FALSE
1270644,Delphinium_nuttallianum,8814899,302066,https://crowdcurio-experiment-images.s3.amazonaws.com/Delphinium_nuttallianum/images/Delphinium_nuttallianum.1270644.jpg,0,12,4,FALSE,5,6,A3BZFWDXKOXOJ6,20357,40.1,2024/4/16,7:28:42,38DCH97KI0MZQFKO6Z6X3S2YHYYQJ8,FALSE
1306568,Delphinium_nuttallianum,8815263,302075,https://crowdcurio-experiment-images.s3.amazonaws.com/Delphinium_nuttallianum/images/Delphinium_nuttallianum.1306568.jpg,0,22,16,FALSE,5,1,AYSIMTHJ3F428,20369,370.15,2024/4/16,7:30:00,38DCH97KI0MZQFKO6Z6X3S2YHYYQJ8,FALSE
1335297,Delphinium_nuttallianum,8815036,302086,https://crowdcurio-experiment-images.s3.amazonaws.com/Delphinium_nuttallianum/images/Delphinium_nuttallianum.1335297.jpg,0,11,0,FALSE,2,7,A1GYII3R62TH65,21490,30.63,2024/4/16,7:29:13,38DCH97KI0MZQFKO6Z6X3S2YHYYQJ8,FALSE
1270298,Delphinium_nuttallianum,8815008,302060,https://crowdcurio-experiment-images.s3.amazonaws.com/Delphinium_nuttallianum/images/Delphinium_nuttallianum.1270298.jpg,0,8,3,TRUE,5,7,A3BZFWDXKOXOJ6,20357,23.86,2024/4/16,7:29:07,38DCH97KI0MZQFKO6Z6X3S2YHYYQJ8,FALSE
1270385,Delphinium_nuttallianum,8815099,302062,https://crowdcurio-experiment-images.s3.amazonaws.com/Delphinium_nuttallianum/images/Delphinium_nuttallianum.1270385.jpg,0,10,0,FALSE,5,8,A3BZFWDXKOXOJ6,20357,18.36,2024/4/16,7:29:27,38DCH97KI0MZQFKO6Z6X3S2YHYYQJ8,FALSE
1312166,Delphinium_nuttallianum,8815364,302081,https://crowdcurio-experiment-images.s3.amazonaws.com/Delphinium_nuttallianum/images/Delphinium_nuttallianum.1312166.jpg,0,9,5,TRUE,2,8,A1GYII3R62TH65,21490,63.11,2024/4/16,7:30:17,38DCH97KI0MZQFKO6Z6X3S2YHYYQJ8,FALSE
1270423,Delphinium_nuttallianum,8815210,302064,https://crowdcurio-experiment-images.s3.amazonaws.com/Delphinium_nuttallianum/images/Delphinium_nuttallianum.1270423.jpg,0,6,3,FALSE,5,9,A3BZFWDXKOXOJ6,20357,20.59,2024/4/16,7:29:49,38DCH97KI0MZQFKO6Z6X3S2YHYYQJ8,FALSE
1271321,Delphinium_nuttallianum,8815376,302068,https://crowdcurio-experiment-images.s3.amazonaws.com/Delphinium_nuttallianum/images/Delphinium_nuttallianum.1271321.jpg,0,9,4,FALSE,5,10,A3BZFWDXKOXOJ6,20357,29.99,2024/4/16,7:30:21,38DCH97KI0MZQFKO6Z6X3S2YHYYQJ8,FALSE
1301610,Delphinium_nuttallianum,8815484,302071,https://crowdcurio-experiment-images.s3.amazonaws.com/Delphinium_nuttallianum/images/Delphinium_nuttallianum.1301610.jpg,0,30,0,FALSE,5,2,AYSIMTHJ3F428,20369,33.8,2024/4/16,7:30:36,38DCH97KI0MZQFKO6Z6X3S2YHYYQJ8,FALSE
1335409,Delphinium_nuttallianum,8815593,302087,https://crowdcurio-experiment-images.s3.amazonaws.com/Delphinium_nuttallianum/images/Delphinium_nuttallianum.1335409.jpg,0,9,0,FALSE,2,9,A1GYII3R62TH65,21490,36.42,2024/4/16,7:30:54,38DCH97KI0MZQFKO6Z6X3S2YHYYQJ8,FALSE
1302265,Delphinium_nuttallianum,8815836,302072,https://crowdcurio-experiment-images.s3.amazonaws.com/Delphinium_nuttallianum/images/Delphinium_nuttallianum.1302265.jpg,0,39,11,FALSE,5,3,AYSIMTHJ3F428,20369,55.44,2024/4/16,7:31:33,38DCH97KI0MZQFKO6Z6X3S2YHYYQJ8,FALSE
1334987,Delphinium_nuttallianum,8815807,302084,https://crowdcurio-experiment-images.s3.amazonaws.com/Delphinium_nuttallianum/images/Delphinium_nuttallianum.1334987.jpg,1,7,0,FALSE,2,10,A1GYII3R62TH65,21490,32.86,2024/4/16,7:31:28,38DCH97KI0MZQFKO6Z6X3S2YHYYQJ8,FALSE
1302699,Delphinium_nuttallianum,8815983,302073,https://crowdcurio-experiment-images.s3.amazonaws.com/Delphinium_nuttallianum/images/Delphinium_nuttallianum.1302699.jpg,0,9,8,FALSE,5,4,AYSIMTHJ3F428,20369,31.57,2024/4/16,7:32:06,38DCH97KI0MZQFKO6Z6X3S2YHYYQJ8,FALSE
26752927,Delphinium_nuttallianum,8816022,302871,https://crowdcurio-experiment-images.s3.amazonaws.com/Delphinium_nuttallianum/images/Delphinium_nuttallianum.26752927.jpg,0,7,2,FALSE,6,1,A3BZFWDXKOXOJ6,20357,54.45,2024/4/16,7:32:11,38DCH97KI0MZQFKO6Z6X3S2YHYYQJ8,FALSE
1301610,Delphinium_nuttallianum,8816158,302071,https://crowdcurio-experiment-images.s3.amazonaws.com/Delphinium_nuttallianum/images/Delphinium_nuttallianum.1301610.jpg,0,24,0,TRUE,5,5,AYSIMTHJ3F428,20369,24.18,2024/4/16,7:32:31,38DCH97KI0MZQFKO6Z6X3S2YHYYQJ8,FALSE
24897712,Delphinium_nuttallianum,8816221,302867,https://crowdcurio-experiment-images.s3.amazonaws.com/Delphinium_nuttallianum/images/Delphinium_nuttallianum.24897712.jpg,0,5,3,FALSE,6,2,A3BZFWDXKOXOJ6,20357,27.57,2024/4/16,7:32:41,38DCH97KI0MZQFKO6Z6X3S2YHYYQJ8,FALSE
1307347,Delphinium_nuttallianum,8816376,302078,https://crowdcurio-experiment-images.s3.amazonaws.com/Delphinium_nuttallianum/images/Delphinium_nuttallianum.1307347.jpg,0,35,3,FALSE,5,6,AYSIMTHJ3F428,20369,50.39,2024/4/16,7:33:23,38DCH97KI0MZQFKO6Z6X3S2YHYYQJ8,FALSE
27169901,Delphinium_nuttallianum,8818610,302888,https://crowdcurio-experiment-images.s3.amazonaws.com/Delphinium_nuttallianum/images/Delphinium_nuttallianum.27169901.jpg,3,7,1,FALSE,1,1,A12DKZECEWT6YL,19946,671.14,2024/4/16,7:41:49,38DCH97KI0MZQFKO6Z6X3S2YHYYQJ8,FALSE
1267960,Delphinium_nuttallianum,8816618,302058,https://crowdcurio-experiment-images.s3.amazonaws.com/Delphinium_nuttallianum/images/Delphinium_nuttallianum.1267960.jpg,0,3,17,FALSE,2,1,A31CXXCKECDLV1,21864,510.28,2024/4/16,7:34:25,38DCH97KI0MZQFKO6Z6X3S2YHYYQJ8,FALSE
1271586,Delphinium_nuttallianum,8816525,302070,https://crowdcurio-experiment-images.s3.amazonaws.com/Delphinium_nuttallianum/images/Delphinium_nuttallianum.1271586.jpg,0,16,5,FALSE,5,7,AYSIMTHJ3F428,20369,33.78,2024/4/16,7:33:59,38DCH97KI0MZQFKO6Z6X3S2YHYYQJ8,FALSE
1303212,Delphinium_nuttallianum,8816664,302074,https://crowdcurio-experiment-images.s3.amazonaws.com/Delphinium_nuttallianum/images/Delphinium_nuttallianum.1303212.jpg,0,20,7,FALSE,5,8,AYSIMTHJ3F428,20369,34.96,2024/4/16,7:34:35,38DCH97KI0MZQFKO6Z6X3S2YHYYQJ8,FALSE
24743152,Delphinium_nuttallianum,8816751,302861,https://crowdcurio-experiment-images.s3.amazonaws.com/Delphinium_nuttallianum/images/Delphinium_nuttallianum.24743152.jpg,2,1,0,FALSE,3,1,A1GYII3R62TH65,21490,186.62,2024/4/16,7:34:54,38DCH97KI0MZQFKO6Z6X3S2YHYYQJ8,FALSE
1267141,Delphinium_nuttallianum,8816765,302054,https://crowdcurio-experiment-images.s3.amazonaws.com/Delphinium_nuttallianum/images/Delphinium_nuttallianum.1267141.jpg,0,8,2,FALSE,2,2,A31CXXCKECDLV1,21864,31.71,2024/4/16,7:34:59,38DCH97KI0MZQFKO6Z6X3S2YHYYQJ8,FALSE
1307310,Delphinium_nuttallianum,8816802,302077,https://crowdcurio-experiment-images.s3.amazonaws.com/Delphinium_nuttallianum/images/Delphinium_nuttallianum.1307310.jpg,0,29,0,FALSE,5,9,AYSIMTHJ3F428,20369,35.02,2024/4/16,7:35:12,38DCH97KI0MZQFKO6Z6X3S2YHYYQJ8,FALSE
1266442,Delphinium_nuttallianum,8816851,302053,https://crowdcurio-experiment-images.s3.amazonaws.com/Delphinium_nuttallianum/images/Delphinium_nuttallianum.1266442.jpg,0,5,0,FALSE,2,3,A31CXXCKECDLV1,21864,29.19,2024/4/16,7:35:29,38DCH97KI0MZQFKO6Z6X3S2YHYYQJ8,FALSE
1306850,Delphinium_nuttallianum,8816921,302076,https://crowdcurio-experiment-images.s3.amazonaws.com/Delphinium_nuttallianum/images/Delphinium_nuttallianum.1306850.jpg,0,21,0,FALSE,5,10,AYSIMTHJ3F428,20369,29.73,2024/4/16,7:35:43,38DCH97KI0MZQFKO6Z6X3S2YHYYQJ8,FALSE
24647232,Delphinium_nuttallianum,8817495,302858,https://crowdcurio-experiment-images.s3.amazonaws.com/Delphinium_nuttallianum/images/Delphinium_nuttallianum.24647232.jpg,8,15,2,FALSE,3,2,A1GYII3R62TH65,21490,175.23,2024/4/16,7:37:50,38DCH97KI0MZQFKO6Z6X3S2YHYYQJ8,FALSE
24768324,Delphinium_nuttallianum,8816982,302865,https://crowdcurio-experiment-images.s3.amazonaws.com/Delphinium_nuttallianum/images/Delphinium_nuttallianum.24768324.jpg,0,10,7,FALSE,6,3,A3BZFWDXKOXOJ6,20357,198.83,2024/4/16,7:36:01,38DCH97KI0MZQFKO6Z6X3S2YHYYQJ8,FALSE
1259935,Delphinium_nuttallianum,8817063,302052,https://crowdcurio-experiment-images.s3.amazonaws.com/Delphinium_nuttallianum/images/Delphinium_nuttallianum.1259935.jpg,2,14,1,FALSE,2,4,A31CXXCKECDLV1,21864,52.47,2024/4/16,7:36:23,38DCH97KI0MZQFKO6Z6X3S2YHYYQJ8,FALSE
26762816,Delphinium_nuttallianum,8817082,302874,https://crowdcurio-experiment-images.s3.amazonaws.com/Delphinium_nuttallianum/images/Delphinium_nuttallianum.26762816.jpg,0,13,6,FALSE,6,4,A3BZFWDXKOXOJ6,20357,26.7,2024/4/16,7:36:30,38DCH97KI0MZQFKO6Z6X3S2YHYYQJ8,FALSE
24639436,Delphinium_nuttallianum,8817087,302852,https://crowdcurio-experiment-images.s3.amazonaws.com/Delphinium_nuttallianum/images/Delphinium_nuttallianum.24639436.jpg,0,7,0,FALSE,6,1,AYSIMTHJ3F428,20369,20.16,2024/4/16,7:36:32,38DCH97KI0MZQFKO6Z6X3S2YHYYQJ8,FALSE
26753772,Delphinium_nuttallianum,8817253,302872,https://crowdcurio-experiment-images.s3.amazonaws.com/Delphinium_nuttallianum/images/Delphinium_nuttallianum.26753772.jpg,0,12,7,FALSE,6,5,A3BZFWDXKOXOJ6,20357,32.95,2024/4/16,7:37:04,38DCH97KI0MZQFKO6Z6X3S2YHYYQJ8,FALSE
1267634,Delphinium_nuttallianum,8817360,302057,https://crowdcurio-experiment-images.s3.amazonaws.com/Delphinium_nuttallianum/images/Delphinium_nuttallianum.1267634.jpg,0,3,6,FALSE,2,5,A31CXXCKECDLV1,21864,58.31,2024/4/16,7:37:23,38DCH97KI0MZQFKO6Z6X3S2YHYYQJ8,FALSE
24605103,Delphinium_nuttallianum,8817155,302849,https://crowdcurio-experiment-images.s3.amazonaws.com/Delphinium_nuttallianum/images/Delphinium_nuttallianum.24605103.jpg,0,8,0,FALSE,6,2,AYSIMTHJ3F428,20369,11.88,2024/4/16,7:36:46,38DCH97KI0MZQFKO6Z6X3S2YHYYQJ8,FALSE
24605075,Delphinium_nuttallianum,8817225,302847,https://crowdcurio-experiment-images.s3.amazonaws.com/Delphinium_nuttallianum/images/Delphinium_nuttallianum.24605075.jpg,0,8,0,FALSE,6,3,AYSIMTHJ3F428,20369,12.34,2024/4/16,7:37:00,38DCH97KI0MZQFKO6Z6X3S2YHYYQJ8,FALSE
24639436,Delphinium_nuttallianum,8817300,302852,https://crowdcurio-experiment-images.s3.amazonaws.com/Delphinium_nuttallianum/images/Delphinium_nuttallianum.24639436.jpg,0,5,0,TRUE,6,4,AYSIMTHJ3F428,20369,11.8,2024/4/16,7:37:13,38DCH97KI0MZQFKO6Z6X3S2YHYYQJ8,FALSE
26751291,Delphinium_nuttallianum,8817465,302870,https://crowdcurio-experiment-images.s3.amazonaws.com/Delphinium_nuttallianum/images/Delphinium_nuttallianum.26751291.jpg,0,16,3,FALSE,6,6,A3BZFWDXKOXOJ6,20357,37.68,2024/4/16,7:37:43,38DCH97KI0MZQFKO6Z6X3S2YHYYQJ8,FALSE
24639441,Delphinium_nuttallianum,8817372,302855,https://crowdcurio-experiment-images.s3.amazonaws.com/Delphinium_nuttallianum/images/Delphinium_nuttallianum.24639441.jpg,0,8,0,FALSE,6,5,AYSIMTHJ3F428,20369,11.01,2024/4/16,7:37:25,38DCH97KI0MZQFKO6Z6X3S2YHYYQJ8,FALSE
24639440,Delphinium_nuttallianum,8817458,302854,https://crowdcurio-experiment-images.s3.amazonaws.com/Delphinium_nuttallianum/images/Delphinium_nuttallianum.24639440.jpg,0,14,0,FALSE,6,6,AYSIMTHJ3F428,20369,14.78,2024/4/16,7:37:41,38DCH97KI0MZQFKO6Z6X3S2YHYYQJ8,FALSE
1237604,Delphinium_nuttallianum,8817606,302051,https://crowdcurio-experiment-images.s3.amazonaws.com/Delphinium_nuttallianum/images/Delphinium_nuttallianum.1237604.jpg,0,6,6,FALSE,2,6,A31CXXCKECDLV1,21864,47.07,2024/4/16,7:38:12,38DCH97KI0MZQFKO6Z6X3S2YHYYQJ8,FALSE
26756260,Delphinium_nuttallianum,8817610,302873,https://crowdcurio-experiment-images.s3.amazonaws.com/Delphinium_nuttallianum/images/Delphinium_nuttallianum.26756260.jpg,0,17,2,FALSE,6,7,A3BZFWDXKOXOJ6,20357,27.97,2024/4/16,7:38:13,38DCH97KI0MZQFKO6Z6X3S2YHYYQJ8,FALSE
24639438,Delphinium_nuttallianum,8817642,302853,https://crowdcurio-experiment-images.s3.amazonaws.com/Delphinium_nuttallianum/images/Delphinium_nuttallianum.24639438.jpg,0,22,11,FALSE,6,7,AYSIMTHJ3F428,20369,39.38,2024/4/16,7:38:22,38DCH97KI0MZQFKO6Z6X3S2YHYYQJ8,FALSE
24768323,Delphinium_nuttallianum,8817806,302864,https://crowdcurio-experiment-images.s3.amazonaws.com/Delphinium_nuttallianum/images/Delphinium_nuttallianum.24768323.jpg,9,22,1,FALSE,3,3,A1GYII3R62TH65,21490,77.74,2024/4/16,7:39:09,38DCH97KI0MZQFKO6Z6X3S2YHYYQJ8,FALSE
1267540,Delphinium_nuttallianum,8817832,302056,https://crowdcurio-experiment-images.s3.amazonaws.com/Delphinium_nuttallianum/images/Delphinium_nuttallianum.1267540.jpg,6,2,20,FALSE,2,7,A31CXXCKECDLV1,21864,59.78,2024/4/16,7:39:13,38DCH97KI0MZQFKO6Z6X3S2YHYYQJ8,FALSE
24605104,Delphinium_nuttallianum,8817762,302850,https://crowdcurio-experiment-images.s3.amazonaws.com/Delphinium_nuttallianum/images/Delphinium_nuttallianum.24605104.jpg,0,24,0,FALSE,6,8,AYSIMTHJ3F428,20369,28.7,2024/4/16,7:38:53,38DCH97KI0MZQFKO6Z6X3S2YHYYQJ8,FALSE
24637086,Delphinium_nuttallianum,8817803,302851,https://crowdcurio-experiment-images.s3.amazonaws.com/Delphinium_nuttallianum/images/Delphinium_nuttallianum.24637086.jpg,0,3,4,FALSE,6,9,AYSIMTHJ3F428,20369,12.99,2024/4/16,7:39:07,38DCH97KI0MZQFKO6Z6X3S2YHYYQJ8,FALSE
24605076,Delphinium_nuttallianum,8817892,302848,https://crowdcurio-experiment-images.s3.amazonaws.com/Delphinium_nuttallianum/images/Delphinium_nuttallianum.24605076.jpg,0,11,1,FALSE,6,10,AYSIMTHJ3F428,20369,21.59,2024/4/16,7:39:30,38DCH97KI0MZQFKO6Z6X3S2YHYYQJ8,FALSE
24768133,Delphinium_nuttallianum,8818023,302863,https://crowdcurio-experiment-images.s3.amazonaws.com/Delphinium_nuttallianum/images/Delphinium_nuttallianum.24768133.jpg,6,8,0,FALSE,3,4,A1GYII3R62TH65,21490,50.81,2024/4/16,7:40:00,38DCH97KI0MZQFKO6Z6X3S2YHYYQJ8,FALSE
1269316,Delphinium_nuttallianum,8817967,302059,https://crowdcurio-experiment-images.s3.amazonaws.com/Delphinium_nuttallianum/images/Delphinium_nuttallianum.1269316.jpg,1,15,0,FALSE,2,8,A31CXXCKECDLV1,21864,35,2024/4/16,7:39:50,38DCH97KI0MZQFKO6Z6X3S2YHYYQJ8,FALSE
25245426,Delphinium_nuttallianum,8818070,302869,https://crowdcurio-experiment-images.s3.amazonaws.com/Delphinium_nuttallianum/images/Delphinium_nuttallianum.25245426.jpg,0,18,3,FALSE,6,8,A3BZFWDXKOXOJ6,20357,115.68,2024/4/16,7:40:10,38DCH97KI0MZQFKO6Z6X3S2YHYYQJ8,FALSE
3293840,Delphinium_nuttallianum,8818025,302411,https://crowdcurio-experiment-images.s3.amazonaws.com/Delphinium_nuttallianum/images/Delphinium_nuttallianum.3293840.jpg,0,9,0,FALSE,7,1,AYSIMTHJ3F428,20369,12.73,2024/4/16,7:40:01,38DCH97KI0MZQFKO6Z6X3S2YHYYQJ8,FALSE
4694557,Delphinium_nuttallianum,8818134,302427,https://crowdcurio-experiment-images.s3.amazonaws.com/Delphinium_nuttallianum/images/Delphinium_nuttallianum.4694557.jpg,3,7,1,FALSE,1,1,A1F98HP8OY0W8M,19038,42.01,2024/4/16,7:40:24,38DCH97KI0MZQFKO6Z6X3S2YHYYQJ8,FALSE
1267634,Delphinium_nuttallianum,8818201,302057,https://crowdcurio-experiment-images.s3.amazonaws.com/Delphinium_nuttallianum/images/Delphinium_nuttallianum.1267634.jpg,1,4,2,TRUE,2,9,A31CXXCKECDLV1,21864,43.01,2024/4/16,7:40:34,38DCH97KI0MZQFKO6Z6X3S2YHYYQJ8,FALSE
24227735,Delphinium_nuttallianum,8818074,302838,https://crowdcurio-experiment-images.s3.amazonaws.com/Delphinium_nuttallianum/images/Delphinium_nuttallianum.24227735.jpg,0,10,0,FALSE,1,1,A3GA4LXOUEWSH9,20497,14.11,2024/4/16,7:40:11,38DCH97KI0MZQFKO6Z6X3S2YHYYQJ8,FALSE
24639445,Delphinium_nuttallianum,8818359,302857,https://crowdcurio-experiment-images.s3.amazonaws.com/Delphinium_nuttallianum/images/Delphinium_nuttallianum.24639445.jpg,6,23,3,FALSE,3,5,A1GYII3R62TH65,21490,61.63,2024/4/16,7:41:03,38DCH97KI0MZQFKO6Z6X3S2YHYYQJ8,FALSE
3231547,Delphinium_nuttallianum,8818095,302405,https://crowdcurio-experiment-images.s3.amazonaws.com/Delphinium_nuttallianum/images/Delphinium_nuttallianum.3231547.jpg,0,8,0,FALSE,7,2,AYSIMTHJ3F428,20369,13.55,2024/4/16,7:40:16,38DCH97KI0MZQFKO6Z6X3S2YHYYQJ8,FALSE
26753772,Delphinium_nuttallianum,8818258,302872,https://crowdcurio-experiment-images.s3.amazonaws.com/Delphinium_nuttallianum/images/Delphinium_nuttallianum.26753772.jpg,0,9,8,TRUE,6,9,A3BZFWDXKOXOJ6,20357,34.04,2024/4/16,7:40:45,38DCH97KI0MZQFKO6Z6X3S2YHYYQJ8,FALSE
3231553,Delphinium_nuttallianum,8818294,302408,https://crowdcurio-experiment-images.s3.amazonaws.com/Delphinium_nuttallianum/images/Delphinium_nuttallianum.3231553.jpg,0,22,4,FALSE,7,3,AYSIMTHJ3F428,20369,33.41,2024/4/16,7:40:51,38DCH97KI0MZQFKO6Z6X3S2YHYYQJ8,FALSE
24392348,Delphinium_nuttallianum,8818163,302841,https://crowdcurio-experiment-images.s3.amazonaws.com/Delphinium_nuttallianum/images/Delphinium_nuttallianum.24392348.jpg,0,5,0,FALSE,1,2,A3GA4LXOUEWSH9,20497,16.24,2024/4/16,7:40:29,38DCH97KI0MZQFKO6Z6X3S2YHYYQJ8,FALSE
4117609,Delphinium_nuttallianum,8818235,302426,https://crowdcurio-experiment-images.s3.amazonaws.com/Delphinium_nuttallianum/images/Delphinium_nuttallianum.4117609.jpg,0,11,0,FALSE,1,2,A1F98HP8OY0W8M,19038,14.98,2024/4/16,7:40:40,38DCH97KI0MZQFKO6Z6X3S2YHYYQJ8,FALSE
4102421,Delphinium_nuttallianum,8818311,302424,https://crowdcurio-experiment-images.s3.amazonaws.com/Delphinium_nuttallianum/images/Delphinium_nuttallianum.4102421.jpg,5,1,0,FALSE,1,3,A1F98HP8OY0W8M,19038,13.18,2024/4/16,7:40:55,38DCH97KI0MZQFKO6Z6X3S2YHYYQJ8,FALSE
1267510,Delphinium_nuttallianum,8818406,302055,https://crowdcurio-experiment-images.s3.amazonaws.com/Delphinium_nuttallianum/images/Delphinium_nuttallianum.1267510.jpg,4,15,0,FALSE,2,10,A31CXXCKECDLV1,21864,38.62,2024/4/16,7:41:14,38DCH97KI0MZQFKO6Z6X3S2YHYYQJ8,FALSE
24398233,Delphinium_nuttallianum,8818327,302842,https://crowdcurio-experiment-images.s3.amazonaws.com/Delphinium_nuttallianum/images/Delphinium_nuttallianum.24398233.jpg,2,2,0,FALSE,1,3,A3GA4LXOUEWSH9,20497,27.61,2024/4/16,7:40:58,38DCH97KI0MZQFKO6Z6X3S2YHYYQJ8,FALSE
3231549,Delphinium_nuttallianum,8818394,302406,https://crowdcurio-experiment-images.s3.amazonaws.com/Delphinium_nuttallianum/images/Delphinium_nuttallianum.3231549.jpg,0,3,8,FALSE,7,4,AYSIMTHJ3F428,20369,17.59,2024/4/16,7:41:10,38DCH97KI0MZQFKO6Z6X3S2YHYYQJ8,FALSE
24897381,Delphinium_nuttallianum,8818449,302866,https://crowdcurio-experiment-images.s3.amazonaws.com/Delphinium_nuttallianum/images/Delphinium_nuttallianum.24897381.jpg,0,7,5,FALSE,6,10,A3BZFWDXKOXOJ6,20357,35.76,2024/4/16,7:41:22,38DCH97KI0MZQFKO6Z6X3S2YHYYQJ8,FALSE
24217164,Delphinium_nuttallianum,8818403,302835,https://crowdcurio-experiment-images.s3.amazonaws.com/Delphinium_nuttallianum/images/Delphinium_nuttallianum.24217164.jpg,0,11,3,FALSE,1,4,A1F98HP8OY0W8M,19038,16.71,2024/4/16,7:41:13,38DCH97KI0MZQFKO6Z6X3S2YHYYQJ8,FALSE
24768133,Delphinium_nuttallianum,8818703,302863,https://crowdcurio-experiment-images.s3.amazonaws.com/Delphinium_nuttallianum/images/Delphinium_nuttallianum.24768133.jpg,6,8,0,TRUE,3,6,A1GYII3R62TH65,21490,63.28,2024/4/16,7:42:07,38DCH97KI0MZQFKO6Z6X3S2YHYYQJ8,FALSE
24604893,Delphinium_nuttallianum,8818420,302843,https://crowdcurio-experiment-images.s3.amazonaws.com/Delphinium_nuttallianum/images/Delphinium_nuttallianum.24604893.jpg,0,5,0,FALSE,1,4,A3GA4LXOUEWSH9,20497,16.87,2024/4/16,7:41:17,38DCH97KI0MZQFKO6Z6X3S2YHYYQJ8,FALSE
3405358,Delphinium_nuttallianum,8818505,302412,https://crowdcurio-experiment-images.s3.amazonaws.com/Delphinium_nuttallianum/images/Delphinium_nuttallianum.3405358.jpg,0,21,0,FALSE,7,5,AYSIMTHJ3F428,20369,20.72,2024/4/16,7:41:32,38DCH97KI0MZQFKO6Z6X3S2YHYYQJ8,FALSE
24227686,Delphinium_nuttallianum,8818604,302836,https://crowdcurio-experiment-images.s3.amazonaws.com/Delphinium_nuttallianum/images/Delphinium_nuttallianum.24227686.jpg,4,9,6,FALSE,1,5,A1F98HP8OY0W8M,19038,32.99,2024/4/16,7:41:48,38DCH97KI0MZQFKO6Z6X3S2YHYYQJ8,FALSE
3231744,Delphinium_nuttallianum,8818657,302409,https://crowdcurio-experiment-images.s3.amazonaws.com/Delphinium_nuttallianum/images/Delphinium_nuttallianum.3231744.jpg,0,22,1,FALSE,7,6,AYSIMTHJ3F428,20369,22.86,2024/4/16,7:41:56,38DCH97KI0MZQFKO6Z6X3S2YHYYQJ8,FALSE
27169866,Delphinium_nuttallianum,8818834,302883,https://crowdcurio-experiment-images.s3.amazonaws.com/Delphinium_nuttallianum/images/Delphinium_nuttallianum.27169866.jpg,3,8,1,FALSE,1,1,A4HRAZ1HYVTUB,21894,65.56,2024/4/16,7:42:33,38DCH97KI0MZQFKO6Z6X3S2YHYYQJ8,FALSE
4694557,Delphinium_nuttallianum,8818705,302427,https://crowdcurio-experiment-images.s3.amazonaws.com/Delphinium_nuttallianum/images/Delphinium_nuttallianum.4694557.jpg,2,7,0,TRUE,1,6,A1F98HP8OY0W8M,19038,19.09,2024/4/16,7:42:08,38DCH97KI0MZQFKO6Z6X3S2YHYYQJ8,FALSE
27169900,Delphinium_nuttallianum,8819874,302887,https://crowdcurio-experiment-images.s3.amazonaws.com/Delphinium_nuttallianum/images/Delphinium_nuttallianum.27169900.jpg,2,10,2,FALSE,1,2,A12DKZECEWT6YL,19946,268.27,2024/4/16,7:46:18,38DCH97KI0MZQFKO6Z6X3S2YHYYQJ8,FALSE
24228505,Delphinium_nuttallianum,8818739,302840,https://crowdcurio-experiment-images.s3.amazonaws.com/Delphinium_nuttallianum/images/Delphinium_nuttallianum.24228505.jpg,0,11,0,FALSE,1,5,A3GA4LXOUEWSH9,20497,55.98,2024/4/16,7:42:14,38DCH97KI0MZQFKO6Z6X3S2YHYYQJ8,FALSE
4109068,Delphinium_nuttallianum,8818837,302425,https://crowdcurio-experiment-images.s3.amazonaws.com/Delphinium_nuttallianum/images/Delphinium_nuttallianum.4109068.jpg,0,13,3,FALSE,1,7,A1F98HP8OY0W8M,19038,27.3,2024/4/16,7:42:37,38DCH97KI0MZQFKO6Z6X3S2YHYYQJ8,FALSE
3231543,Delphinium_nuttallianum,8818841,302404,https://crowdcurio-experiment-images.s3.amazonaws.com/Delphinium_nuttallianum/images/Delphinium_nuttallianum.3231543.jpg,0,18,0,FALSE,7,7,AYSIMTHJ3F428,20369,39.24,2024/4/16,7:42:37,38DCH97KI0MZQFKO6Z6X3S2YHYYQJ8,FALSE
24604893,Delphinium_nuttallianum,8818831,302843,https://crowdcurio-experiment-images.s3.amazonaws.com/Delphinium_nuttallianum/images/Delphinium_nuttallianum.24604893.jpg,0,4,2,TRUE,1,6,A3GA4LXOUEWSH9,20497,17.37,2024/4/16,7:42:32,38DCH97KI0MZQFKO6Z6X3S2YHYYQJ8,FALSE
24683552,Delphinium_nuttallianum,8819035,302859,https://crowdcurio-experiment-images.s3.amazonaws.com/Delphinium_nuttallianum/images/Delphinium_nuttallianum.24683552.jpg,3,4,0,FALSE,3,7,A1GYII3R62TH65,21490,65.87,2024/4/16,7:43:14,38DCH97KI0MZQFKO6Z6X3S2YHYYQJ8,FALSE
4089608,Delphinium_nuttallianum,8819037,302423,https://crowdcurio-experiment-images.s3.amazonaws.com/Delphinium_nuttallianum/images/Delphinium_nuttallianum.4089608.jpg,0,25,8,FALSE,1,8,A1F98HP8OY0W8M,19038,35.66,2024/4/16,7:43:14,38DCH97KI0MZQFKO6Z6X3S2YHYYQJ8,FALSE
3293840,Delphinium_nuttallianum,8818910,302411,https://crowdcurio-experiment-images.s3.amazonaws.com/Delphinium_nuttallianum/images/Delphinium_nuttallianum.3293840.jpg,0,10,0,TRUE,7,8,AYSIMTHJ3F428,20369,12.42,2024/4/16,7:42:51,38DCH97KI0MZQFKO6Z6X3S2YHYYQJ8,FALSE
27018365,Delphinium_nuttallianum,8818961,302878,https://crowdcurio-experiment-images.s3.amazonaws.com/Delphinium_nuttallianum/images/Delphinium_nuttallianum.27018365.jpg,3,3,0,FALSE,1,2,A4HRAZ1HYVTUB,21894,26.71,2024/4/16,7:43:01,38DCH97KI0MZQFKO6Z6X3S2YHYYQJ8,FALSE
24605072,Delphinium_nuttallianum,8818898,302846,https://crowdcurio-experiment-images.s3.amazonaws.com/Delphinium_nuttallianum/images/Delphinium_nuttallianum.24605072.jpg,0,5,0,FALSE,1,7,A3GA4LXOUEWSH9,20497,13.89,2024/4/16,7:42:48,38DCH97KI0MZQFKO6Z6X3S2YHYYQJ8,FALSE
24604904,Delphinium_nuttallianum,8819014,302844,https://crowdcurio-experiment-images.s3.amazonaws.com/Delphinium_nuttallianum/images/Delphinium_nuttallianum.24604904.jpg,0,8,0,FALSE,1,8,A3GA4LXOUEWSH9,20497,20.82,2024/4/16,7:43:10,38DCH97KI0MZQFKO6Z6X3S2YHYYQJ8,FALSE
3231550,Delphinium_nuttallianum,8819150,302407,https://crowdcurio-experiment-images.s3.amazonaws.com/Delphinium_nuttallianum/images/Delphinium_nuttallianum.3231550.jpg,0,31,0,FALSE,7,9,AYSIMTHJ3F428,20369,37.77,2024/4/16,7:43:30,38DCH97KI0MZQFKO6Z6X3S2YHYYQJ8,FALSE
27128215,Delphinium_nuttallianum,8819342,302881,https://crowdcurio-experiment-images.s3.amazonaws.com/Delphinium_nuttallianum/images/Delphinium_nuttallianum.27128215.jpg,11,9,3,FALSE,1,3,A4HRAZ1HYVTUB,21894,60.55,2024/4/16,7:44:03,38DCH97KI0MZQFKO6Z6X3S2YHYYQJ8,FALSE
4695255,Delphinium_nuttallianum,8819169,302428,https://crowdcurio-experiment-images.s3.amazonaws.com/Delphinium_nuttallianum/images/Delphinium_nuttallianum.4695255.jpg,2,9,1,FALSE,1,9,A1F98HP8OY0W8M,19038,17.96,2024/4/16,7:43:33,38DCH97KI0MZQFKO6Z6X3S2YHYYQJ8,FALSE
24605045,Delphinium_nuttallianum,8819144,302845,https://crowdcurio-experiment-images.s3.amazonaws.com/Delphinium_nuttallianum/images/Delphinium_nuttallianum.24605045.jpg,0,11,0,FALSE,1,9,A3GA4LXOUEWSH9,20497,16.88,2024/4/16,7:43:29,38DCH97KI0MZQFKO6Z6X3S2YHYYQJ8,FALSE
24639444,Delphinium_nuttallianum,8819589,302856,https://crowdcurio-experiment-images.s3.amazonaws.com/Delphinium_nuttallianum/images/Delphinium_nuttallianum.24639444.jpg,0,1,21,FALSE,3,8,A1GYII3R62TH65,21490,98.44,2024/4/16,7:44:53,38DCH97KI0MZQFKO6Z6X3S2YHYYQJ8,FALSE
3281849,Delphinium_nuttallianum,8819248,302410,https://crowdcurio-experiment-images.s3.amazonaws.com/Delphinium_nuttallianum/images/Delphinium_nuttallianum.3281849.jpg,0,12,0,FALSE,7,10,AYSIMTHJ3F428,20369,14.31,2024/4/16,7:43:46,38DCH97KI0MZQFKO6Z6X3S2YHYYQJ8,FALSE
24228435,Delphinium_nuttallianum,8819227,302839,https://crowdcurio-experiment-images.s3.amazonaws.com/Delphinium_nuttallianum/images/Delphinium_nuttallianum.24228435.jpg,0,5,0,FALSE,1,10,A3GA4LXOUEWSH9,20497,11.15,2024/4/16,7:43:41,38DCH97KI0MZQFKO6Z6X3S2YHYYQJ8,FALSE
24227721,Delphinium_nuttallianum,8819301,302837,https://crowdcurio-experiment-images.s3.amazonaws.com/Delphinium_nuttallianum/images/Delphinium_nuttallianum.24227721.jpg,2,7,0,FALSE,1,10,A1F98HP8OY0W8M,19038,20.87,2024/4/16,7:43:56,38DCH97KI0MZQFKO6Z6X3S2YHYYQJ8,FALSE
3043829,Delphinium_nuttallianum,8819442,302353,https://crowdcurio-experiment-images.s3.amazonaws.com/Delphinium_nuttallianum/images/Delphinium_nuttallianum.3043829.jpg,0,6,0,FALSE,8,1,AYSIMTHJ3F428,20369,13.26,2024/4/16,7:44:24,38DCH97KI0MZQFKO6Z6X3S2YHYYQJ8,FALSE
4018705,Delphinium_nuttallianum,8822854,302420,https://crowdcurio-experiment-images.s3.amazonaws.com/Delphinium_nuttallianum/images/Delphinium_nuttallianum.4018705.jpg,17,6,0,FALSE,1,1,ATUV31RTJ5XOC,21911,1157.25,2024/4/16,8:03:16,38DCH97KI0MZQFKO6Z6X3S2YHYYQJ8,FALSE
3044941,Delphinium_nuttallianum,8819517,302357,https://crowdcurio-experiment-images.s3.amazonaws.com/Delphinium_nuttallianum/images/Delphinium_nuttallianum.3044941.jpg,0,15,0,FALSE,8,2,AYSIMTHJ3F428,20369,14.42,2024/4/16,7:44:40,38DCH97KI0MZQFKO6Z6X3S2YHYYQJ8,FALSE
3044956,Delphinium_nuttallianum,8819604,302358,https://crowdcurio-experiment-images.s3.amazonaws.com/Delphinium_nuttallianum/images/Delphinium_nuttallianum.3044956.jpg,0,15,2,FALSE,8,3,AYSIMTHJ3F428,20369,17.5,2024/4/16,7:44:59,38DCH97KI0MZQFKO6Z6X3S2YHYYQJ8,FALSE
24743531,Delphinium_nuttallianum,8819749,302862,https://crowdcurio-experiment-images.s3.amazonaws.com/Delphinium_nuttallianum/images/Delphinium_nuttallianum.24743531.jpg,8,9,0,FALSE,3,9,A1GYII3R62TH65,21490,48.23,2024/4/16,7:45:42,38DCH97KI0MZQFKO6Z6X3S2YHYYQJ8,FALSE
3044922,Delphinium_nuttallianum,8819699,302355,https://crowdcurio-experiment-images.s3.amazonaws.com/Delphinium_nuttallianum/images/Delphinium_nuttallianum.3044922.jpg,0,17,0,FALSE,8,4,AYSIMTHJ3F428,20369,27.26,2024/4/16,7:45:28,38DCH97KI0MZQFKO6Z6X3S2YHYYQJ8,FALSE
3043828,Delphinium_nuttallianum,8819752,302352,https://crowdcurio-experiment-images.s3.amazonaws.com/Delphinium_nuttallianum/images/Delphinium_nuttallianum.3043828.jpg,0,11,0,FALSE,8,5,AYSIMTHJ3F428,20369,14.77,2024/4/16,7:45:44,38DCH97KI0MZQFKO6Z6X3S2YHYYQJ8,FALSE
3030329,Delphinium_nuttallianum,8819816,302342,https://crowdcurio-experiment-images.s3.amazonaws.com/Delphinium_nuttallianum/images/Delphinium_nuttallianum.3030329.jpg,0,7,5,FALSE,8,6,AYSIMTHJ3F428,20369,17.07,2024/4/16,7:46:03,38DCH97KI0MZQFKO6Z6X3S2YHYYQJ8,FALSE
3030328,Delphinium_nuttallianum,8819882,302341,https://crowdcurio-experiment-images.s3.amazonaws.com/Delphinium_nuttallianum/images/Delphinium_nuttallianum.3030328.jpg,0,14,0,FALSE,8,7,AYSIMTHJ3F428,20369,15.63,2024/4/16,7:46:20,38DCH97KI0MZQFKO6Z6X3S2YHYYQJ8,FALSE
24742966,Delphinium_nuttallianum,8820035,302860,https://crowdcurio-experiment-images.s3.amazonaws.com/Delphinium_nuttallianum/images/Delphinium_nuttallianum.24742966.jpg,16,5,0,FALSE,3,10,A1GYII3R62TH65,21490,87.17,2024/4/16,7:47:10,38DCH97KI0MZQFKO6Z6X3S2YHYYQJ8,FALSE
3044934,Delphinium_nuttallianum,8819916,302356,https://crowdcurio-experiment-images.s3.amazonaws.com/Delphinium_nuttallianum/images/Delphinium_nuttallianum.3044934.jpg,0,3,3,FALSE,8,8,AYSIMTHJ3F428,20369,11,2024/4/16,7:46:33,38DCH97KI0MZQFKO6Z6X3S2YHYYQJ8,FALSE
3043828,Delphinium_nuttallianum,8819975,302352,https://crowdcurio-experiment-images.s3.amazonaws.com/Delphinium_nuttallianum/images/Delphinium_nuttallianum.3043828.jpg,0,11,1,TRUE,8,9,AYSIMTHJ3F428,20369,15.73,2024/4/16,7:46:49,38DCH97KI0MZQFKO6Z6X3S2YHYYQJ8,FALSE
3044882,Delphinium_nuttallianum,8820021,302354,https://crowdcurio-experiment-images.s3.amazonaws.com/Delphinium_nuttallianum/images/Delphinium_nuttallianum.3044882.jpg,0,12,0,FALSE,8,10,AYSIMTHJ3F428,20369,16.07,2024/4/16,7:47:07,38DCH97KI0MZQFKO6Z6X3S2YHYYQJ8,FALSE
27169868,Delphinium_nuttallianum,8821360,302884,https://crowdcurio-experiment-images.s3.amazonaws.com/Delphinium_nuttallianum/images/Delphinium_nuttallianum.27169868.jpg,8,10,0,FALSE,1,3,A12DKZECEWT6YL,19946,458.02,2024/4/16,7:53:58,38DCH97KI0MZQFKO6Z6X3S2YHYYQJ8,FALSE
27128435,Delphinium_nuttallianum,8820551,302882,https://crowdcurio-experiment-images.s3.amazonaws.com/Delphinium_nuttallianum/images/Delphinium_nuttallianum.27128435.jpg,1,9,8,FALSE,1,4,A4HRAZ1HYVTUB,21894,352.98,2024/4/16,7:49:57,38DCH97KI0MZQFKO6Z6X3S2YHYYQJ8,FALSE
26763051,Delphinium_nuttallianum,8820778,302877,https://crowdcurio-experiment-images.s3.amazonaws.com/Delphinium_nuttallianum/images/Delphinium_nuttallianum.26763051.jpg,14,12,0,FALSE,1,5,A4HRAZ1HYVTUB,21894,48.42,2024/4/16,7:50:47,38DCH97KI0MZQFKO6Z6X3S2YHYYQJ8,FALSE
1212664,Delphinium_nuttallianum,8821596,302050,https://crowdcurio-experiment-images.s3.amazonaws.com/Delphinium_nuttallianum/images/Delphinium_nuttallianum.1212664.jpg,0,4,5,FALSE,1,4,A12DKZECEWT6YL,19946,63.06,2024/4/16,7:55:02,38DCH97KI0MZQFKO6Z6X3S2YHYYQJ8,FALSE
26763046,Delphinium_nuttallianum,8821863,302875,https://crowdcurio-experiment-images.s3.amazonaws.com/Delphinium_nuttallianum/images/Delphinium_nuttallianum.26763046.jpg,2,1,19,FALSE,1,6,A4HRAZ1HYVTUB,21894,336.68,2024/4/16,7:56:25,38DCH97KI0MZQFKO6Z6X3S2YHYYQJ8,FALSE
1190348,Delphinium_nuttallianum,8821940,302048,https://crowdcurio-experiment-images.s3.amazonaws.com/Delphinium_nuttallianum/images/Delphinium_nuttallianum.1190348.jpg,1,14,10,FALSE,1,5,A12DKZECEWT6YL,19946,124.55,2024/4/16,7:57:08,38DCH97KI0MZQFKO6Z6X3S2YHYYQJ8,FALSE
27118505,Delphinium_nuttallianum,8822524,302879,https://crowdcurio-experiment-images.s3.amazonaws.com/Delphinium_nuttallianum/images/Delphinium_nuttallianum.27118505.jpg,0,5,11,FALSE,1,7,A4HRAZ1HYVTUB,21894,285.85,2024/4/16,8:01:12,38DCH97KI0MZQFKO6Z6X3S2YHYYQJ8,FALSE
1202585,Delphinium_nuttallianum,8822018,302049,https://crowdcurio-experiment-images.s3.amazonaws.com/Delphinium_nuttallianum/images/Delphinium_nuttallianum.1202585.jpg,0,6,9,FALSE,1,6,A12DKZECEWT6YL,19946,49.95,2024/4/16,7:58:00,38DCH97KI0MZQFKO6Z6X3S2YHYYQJ8,FALSE
27169875,Delphinium_nuttallianum,8822080,302885,https://crowdcurio-experiment-images.s3.amazonaws.com/Delphinium_nuttallianum/images/Delphinium_nuttallianum.27169875.jpg,0,8,0,FALSE,1,7,A12DKZECEWT6YL,19946,35.44,2024/4/16,7:58:37,38DCH97KI0MZQFKO6Z6X3S2YHYYQJ8,FALSE
1212664,Delphinium_nuttallianum,8822186,302050,https://crowdcurio-experiment-images.s3.amazonaws.com/Delphinium_nuttallianum/images/Delphinium_nuttallianum.1212664.jpg,0,4,4,TRUE,1,8,A12DKZECEWT6YL,19946,37.14,2024/4/16,7:59:15,38DCH97KI0MZQFKO6Z6X3S2YHYYQJ8,FALSE
2862463,Delphinium_nuttallianum,8822350,302316,https://crowdcurio-experiment-images.s3.amazonaws.com/Delphinium_nuttallianum/images/Delphinium_nuttallianum.2862463.jpg,0,16,0,FALSE,1,1,A1WZW4SCS5MV66,21915,109.39,2024/4/16,8:00:23,38DCH97KI0MZQFKO6Z6X3S2YHYYQJ8,FALSE
27169896,Delphinium_nuttallianum,8822246,302886,https://crowdcurio-experiment-images.s3.amazonaws.com/Delphinium_nuttallianum/images/Delphinium_nuttallianum.27169896.jpg,0,6,0,FALSE,1,9,A12DKZECEWT6YL,19946,22.38,2024/4/16,7:59:39,38DCH97KI0MZQFKO6Z6X3S2YHYYQJ8,FALSE
1189946,Delphinium_nuttallianum,8822422,302047,https://crowdcurio-experiment-images.s3.amazonaws.com/Delphinium_nuttallianum/images/Delphinium_nuttallianum.1189946.jpg,1,3,2,FALSE,1,10,A12DKZECEWT6YL,19946,62.61,2024/4/16,8:00:43,38DCH97KI0MZQFKO6Z6X3S2YHYYQJ8,FALSE
2863184,Delphinium_nuttallianum,8822683,302318,https://crowdcurio-experiment-images.s3.amazonaws.com/Delphinium_nuttallianum/images/Delphinium_nuttallianum.2863184.jpg,0,6,19,FALSE,1,2,A1WZW4SCS5MV66,21915,99.51,2024/4/16,8:02:04,38DCH97KI0MZQFKO6Z6X3S2YHYYQJ8,FALSE
27118670,Delphinium_nuttallianum,8822583,302880,https://crowdcurio-experiment-images.s3.amazonaws.com/Delphinium_nuttallianum/images/Delphinium_nuttallianum.27118670.jpg,0,7,3,FALSE,1,8,A4HRAZ1HYVTUB,21894,20.16,2024/4/16,8:01:33,38DCH97KI0MZQFKO6Z6X3S2YHYYQJ8,FALSE
2818245,Delphinium_nuttallianum,8822866,302299,https://crowdcurio-experiment-images.s3.amazonaws.com/Delphinium_nuttallianum/images/Delphinium_nuttallianum.2818245.jpg,4,31,0,FALSE,2,1,A12DKZECEWT6YL,19946,140.63,2024/4/16,8:03:26,38DCH97KI0MZQFKO6Z6X3S2YHYYQJ8,FALSE
26763047,Delphinium_nuttallianum,8822687,302876,https://crowdcurio-experiment-images.s3.amazonaws.com/Delphinium_nuttallianum/images/Delphinium_nuttallianum.26763047.jpg,0,6,1,FALSE,1,9,A4HRAZ1HYVTUB,21894,38.96,2024/4/16,8:02:13,38DCH97KI0MZQFKO6Z6X3S2YHYYQJ8,FALSE
2863329,Delphinium_nuttallianum,8822848,302319,https://crowdcurio-experiment-images.s3.amazonaws.com/Delphinium_nuttallianum/images/Delphinium_nuttallianum.2863329.jpg,0,27,7,FALSE,1,3,A1WZW4SCS5MV66,21915,66.85,2024/4/16,8:03:13,38DCH97KI0MZQFKO6Z6X3S2YHYYQJ8,FALSE
27118505,Delphinium_nuttallianum,8822774,302879,https://crowdcurio-experiment-images.s3.amazonaws.com/Delphinium_nuttallianum/images/Delphinium_nuttallianum.27118505.jpg,0,5,12,TRUE,1,10,A4HRAZ1HYVTUB,21894,25.17,2024/4/16,8:02:39,38DCH97KI0MZQFKO6Z6X3S2YHYYQJ8,FALSE
2822329,Delphinium_nuttallianum,8822950,302306,https://crowdcurio-experiment-images.s3.amazonaws.com/Delphinium_nuttallianum/images/Delphinium_nuttallianum.2822329.jpg,2,10,5,FALSE,1,4,A1WZW4SCS5MV66,21915,63.99,2024/4/16,8:04:18,38DCH97KI0MZQFKO6Z6X3S2YHYYQJ8,FALSE
3815454,Delphinium_nuttallianum,8822943,302417,https://crowdcurio-experiment-images.s3.amazonaws.com/Delphinium_nuttallianum/images/Delphinium_nuttallianum.3815454.jpg,2,10,0,FALSE,1,2,ATUV31RTJ5XOC,21911,47.49,2024/4/16,8:04:05,38DCH97KI0MZQFKO6Z6X3S2YHYYQJ8,FALSE
2815420,Delphinium_nuttallianum,8822937,302296,https://crowdcurio-experiment-images.s3.amazonaws.com/Delphinium_nuttallianum/images/Delphinium_nuttallianum.2815420.jpg,1,4,0,FALSE,2,2,A12DKZECEWT6YL,19946,27.87,2024/4/16,8:03:55,38DCH97KI0MZQFKO6Z6X3S2YHYYQJ8,FALSE
3990967,Delphinium_nuttallianum,8823069,302419,https://crowdcurio-experiment-images.s3.amazonaws.com/Delphinium_nuttallianum/images/Delphinium_nuttallianum.3990967.jpg,5,9,2,FALSE,1,3,ATUV31RTJ5XOC,21911,76.36,2024/4/16,8:05:23,38DCH97KI0MZQFKO6Z6X3S2YHYYQJ8,FALSE
2818247,Delphinium_nuttallianum,8823051,302300,https://crowdcurio-experiment-images.s3.amazonaws.com/Delphinium_nuttallianum/images/Delphinium_nuttallianum.2818247.jpg,0,11,4,FALSE,2,3,A12DKZECEWT6YL,19946,73.37,2024/4/16,8:05:10,38DCH97KI0MZQFKO6Z6X3S2YHYYQJ8,FALSE
2863069,Delphinium_nuttallianum,8823037,302317,https://crowdcurio-experiment-images.s3.amazonaws.com/Delphinium_nuttallianum/images/Delphinium_nuttallianum.2863069.jpg,0,10,1,FALSE,1,5,A1WZW4SCS5MV66,21915,43.94,2024/4/16,8:05:04,38DCH97KI0MZQFKO6Z6X3S2YHYYQJ8,FALSE
1647939,Delphinium_nuttallianum,8823455,302224,https://crowdcurio-experiment-images.s3.amazonaws.com/Delphinium_nuttallianum/images/Delphinium_nuttallianum.1647939.jpg,0,7,4,FALSE,1,1,A3BZA447C9G636,21862,216.73,2024/4/16,8:07:19,38DCH97KI0MZQFKO6Z6X3S2YHYYQJ8,FALSE
2864872,Delphinium_nuttallianum,8823385,302320,https://crowdcurio-experiment-images.s3.amazonaws.com/Delphinium_nuttallianum/images/Delphinium_nuttallianum.2864872.jpg,0,8,11,FALSE,1,6,A1WZW4SCS5MV66,21915,113.84,2024/4/16,8:06:59,38DCH97KI0MZQFKO6Z6X3S2YHYYQJ8,FALSE
2815501,Delphinium_nuttallianum,8823152,302297,https://crowdcurio-experiment-images.s3.amazonaws.com/Delphinium_nuttallianum/images/Delphinium_nuttallianum.2815501.jpg,0,7,7,FALSE,2,4,A12DKZECEWT6YL,19946,42.14,2024/4/16,8:05:53,38DCH97KI0MZQFKO6Z6X3S2YHYYQJ8,FALSE
3510172,Delphinium_nuttallianum,8823145,302414,https://crowdcurio-experiment-images.s3.amazonaws.com/Delphinium_nuttallianum/images/Delphinium_nuttallianum.3510172.jpg,0,16,0,FALSE,1,4,ATUV31RTJ5XOC,21911,24.81,2024/4/16,8:05:50,38DCH97KI0MZQFKO6Z6X3S2YHYYQJ8,FALSE
3814531,Delphinium_nuttallianum,8823320,302415,https://crowdcurio-experiment-images.s3.amazonaws.com/Delphinium_nuttallianum/images/Delphinium_nuttallianum.3814531.jpg,14,31,0,FALSE,1,5,ATUV31RTJ5XOC,21911,49.87,2024/4/16,8:06:41,38DCH97KI0MZQFKO6Z6X3S2YHYYQJ8,FALSE
2822245,Delphinium_nuttallianum,8823405,302304,https://crowdcurio-experiment-images.s3.amazonaws.com/Delphinium_nuttallianum/images/Delphinium_nuttallianum.2822245.jpg,0,21,3,FALSE,2,5,A12DKZECEWT6YL,19946,69.96,2024/4/16,8:07:05,38DCH97KI0MZQFKO6Z6X3S2YHYYQJ8,FALSE
4089590,Delphinium_nuttallianum,8823420,302421,https://crowdcurio-experiment-images.s3.amazonaws.com/Delphinium_nuttallianum/images/Delphinium_nuttallianum.4089590.jpg,0,26,0,FALSE,1,6,ATUV31RTJ5XOC,21911,25.85,2024/4/16,8:07:09,38DCH97KI0MZQFKO6Z6X3S2YHYYQJ8,FALSE
2822281,Delphinium_nuttallianum,8823574,302305,https://crowdcurio-experiment-images.s3.amazonaws.com/Delphinium_nuttallianum/images/Delphinium_nuttallianum.2822281.jpg,4,14,0,FALSE,1,7,A1WZW4SCS5MV66,21915,64.52,2024/4/16,8:08:05,38DCH97KI0MZQFKO6Z6X3S2YHYYQJ8,FALSE
3405367,Delphinium_nuttallianum,8823485,302413,https://crowdcurio-experiment-images.s3.amazonaws.com/Delphinium_nuttallianum/images/Delphinium_nuttallianum.3405367.jpg,0,2,2,FALSE,1,7,ATUV31RTJ5XOC,21911,19.95,2024/4/16,8:07:30,38DCH97KI0MZQFKO6Z6X3S2YHYYQJ8,FALSE
2815546,Delphinium_nuttallianum,8823822,302298,https://crowdcurio-experiment-images.s3.amazonaws.com/Delphinium_nuttallianum/images/Delphinium_nuttallianum.2815546.jpg,0,16,0,FALSE,2,6,A12DKZECEWT6YL,19946,133.62,2024/4/16,8:09:20,38DCH97KI0MZQFKO6Z6X3S2YHYYQJ8,FALSE
1656479,Delphinium_nuttallianum,8823908,302228,https://crowdcurio-experiment-images.s3.amazonaws.com/Delphinium_nuttallianum/images/Delphinium_nuttallianum.1656479.jpg,0,10,4,FALSE,1,2,A3BZA447C9G636,21862,140.61,2024/4/16,8:09:44,38DCH97KI0MZQFKO6Z6X3S2YHYYQJ8,FALSE
3835252,Delphinium_nuttallianum,8823581,302418,https://crowdcurio-experiment-images.s3.amazonaws.com/Delphinium_nuttallianum/images/Delphinium_nuttallianum.3835252.jpg,0,8,0,FALSE,1,8,ATUV31RTJ5XOC,21911,35.39,2024/4/16,8:08:08,38DCH97KI0MZQFKO6Z6X3S2YHYYQJ8,FALSE
2882274,Delphinium_nuttallianum,8823768,302321,https://crowdcurio-experiment-images.s3.amazonaws.com/Delphinium_nuttallianum/images/Delphinium_nuttallianum.2882274.jpg,2,18,3,FALSE,1,8,A1WZW4SCS5MV66,21915,57.19,2024/4/16,8:09:04,38DCH97KI0MZQFKO6Z6X3S2YHYYQJ8,FALSE
3815454,Delphinium_nuttallianum,8823669,302417,https://crowdcurio-experiment-images.s3.amazonaws.com/Delphinium_nuttallianum/images/Delphinium_nuttallianum.3815454.jpg,1,10,0,TRUE,1,9,ATUV31RTJ5XOC,21911,24.79,2024/4/16,8:08:33,38DCH97KI0MZQFKO6Z6X3S2YHYYQJ8,FALSE
4089593,Delphinium_nuttallianum,8823772,302422,https://crowdcurio-experiment-images.s3.amazonaws.com/Delphinium_nuttallianum/images/Delphinium_nuttallianum.4089593.jpg,1,16,0,FALSE,1,10,ATUV31RTJ5XOC,21911,30.59,2024/4/16,8:09:06,38DCH97KI0MZQFKO6Z6X3S2YHYYQJ8,FALSE
2863069,Delphinium_nuttallianum,8823859,302317,https://crowdcurio-experiment-images.s3.amazonaws.com/Delphinium_nuttallianum/images/Delphinium_nuttallianum.2863069.jpg,2,10,0,TRUE,1,9,A1WZW4SCS5MV66,21915,25.76,2024/4/16,8:09:31,38DCH97KI0MZQFKO6Z6X3S2YHYYQJ8,FALSE
2818245,Delphinium_nuttallianum,8824208,302299,https://crowdcurio-experiment-images.s3.amazonaws.com/Delphinium_nuttallianum/images/Delphinium_nuttallianum.2818245.jpg,14,19,0,TRUE,2,7,A12DKZECEWT6YL,19946,149.48,2024/4/16,8:11:50,38DCH97KI0MZQFKO6Z6X3S2YHYYQJ8,FALSE
2883323,Delphinium_nuttallianum,8824044,302322,https://crowdcurio-experiment-images.s3.amazonaws.com/Delphinium_nuttallianum/images/Delphinium_nuttallianum.2883323.jpg,1,7,10,FALSE,1,10,A1WZW4SCS5MV66,21915,46.76,2024/4/16,8:10:19,38DCH97KI0MZQFKO6Z6X3S2YHYYQJ8,FALSE
1647792,Delphinium_nuttallianum,8824176,302223,https://crowdcurio-experiment-images.s3.amazonaws.com/Delphinium_nuttallianum/images/Delphinium_nuttallianum.1647792.jpg,0,13,6,FALSE,1,3,A3BZA447C9G636,21862,97.14,2024/4/16,8:11:27,38DCH97KI0MZQFKO6Z6X3S2YHYYQJ8,FALSE
2818690,Delphinium_nuttallianum,8824332,302301,https://crowdcurio-experiment-images.s3.amazonaws.com/Delphinium_nuttallianum/images/Delphinium_nuttallianum.2818690.jpg,0,12,0,FALSE,2,8,A12DKZECEWT6YL,19946,43.26,2024/4/16,8:12:35,38DCH97KI0MZQFKO6Z6X3S2YHYYQJ8,FALSE
1641726,Delphinium_nuttallianum,8824969,302220,https://crowdcurio-experiment-images.s3.amazonaws.com/Delphinium_nuttallianum/images/Delphinium_nuttallianum.1641726.jpg,3,1,13,FALSE,1,4,A3BZA447C9G636,21862,314.02,2024/4/16,8:16:45,38DCH97KI0MZQFKO6Z6X3S2YHYYQJ8,FALSE
2820166,Delphinium_nuttallianum,8824498,302302,https://crowdcurio-experiment-images.s3.amazonaws.com/Delphinium_nuttallianum/images/Delphinium_nuttallianum.2820166.jpg,3,21,0,FALSE,2,9,A12DKZECEWT6YL,19946,57.33,2024/4/16,8:13:34,38DCH97KI0MZQFKO6Z6X3S2YHYYQJ8,FALSE
2820561,Delphinium_nuttallianum,8824595,302303,https://crowdcurio-experiment-images.s3.amazonaws.com/Delphinium_nuttallianum/images/Delphinium_nuttallianum.2820561.jpg,0,18,0,FALSE,2,10,A12DKZECEWT6YL,19946,30.21,2024/4/16,8:14:06,38DCH97KI0MZQFKO6Z6X3S2YHYYQJ8,FALSE
1656452,Delphinium_nuttallianum,8825495,302227,https://crowdcurio-experiment-images.s3.amazonaws.com/Delphinium_nuttallianum/images/Delphinium_nuttallianum.1656452.jpg,0,4,6,FALSE,1,5,A3BZA447C9G636,21862,127.79,2024/4/16,8:19:00,38DCH97KI0MZQFKO6Z6X3S2YHYYQJ8,FALSE
2814417,Delphinium_nuttallianum,8825304,302285,https://crowdcurio-experiment-images.s3.amazonaws.com/Delphinium_nuttallianum/images/Delphinium_nuttallianum.2814417.jpg,0,8,2,FALSE,1,1,A2PFEAD1GNLOB9,20888,21.33,2024/4/16,8:18:21,38DCH97KI0MZQFKO6Z6X3S2YHYYQJ8,FALSE
2814418,Delphinium_nuttallianum,8825482,302286,https://crowdcurio-experiment-images.s3.amazonaws.com/Delphinium_nuttallianum/images/Delphinium_nuttallianum.2814418.jpg,0,17,9,FALSE,1,2,A2PFEAD1GNLOB9,20888,34.56,2024/4/16,8:18:57,38DCH97KI0MZQFKO6Z6X3S2YHYYQJ8,FALSE
2813879,Delphinium_nuttallianum,8825593,302284,https://crowdcurio-experiment-images.s3.amazonaws.com/Delphinium_nuttallianum/images/Delphinium_nuttallianum.2813879.jpg,0,16,2,FALSE,1,3,A2PFEAD1GNLOB9,20888,26.68,2024/4/16,8:19:26,38DCH97KI0MZQFKO6Z6X3S2YHYYQJ8,FALSE
2813510,Delphinium_nuttallianum,8825817,302282,https://crowdcurio-experiment-images.s3.amazonaws.com/Delphinium_nuttallianum/images/Delphinium_nuttallianum.2813510.jpg,0,26,23,FALSE,1,4,A2PFEAD1GNLOB9,20888,55.48,2024/4/16,8:20:23,38DCH97KI0MZQFKO6Z6X3S2YHYYQJ8,FALSE
2813616,Delphinium_nuttallianum,8825881,302283,https://crowdcurio-experiment-images.s3.amazonaws.com/Delphinium_nuttallianum/images/Delphinium_nuttallianum.2813616.jpg,0,14,0,FALSE,1,5,A2PFEAD1GNLOB9,20888,18.81,2024/4/16,8:20:43,38DCH97KI0MZQFKO6Z6X3S2YHYYQJ8,FALSE
1656049,Delphinium_nuttallianum,8826615,302226,https://crowdcurio-experiment-images.s3.amazonaws.com/Delphinium_nuttallianum/images/Delphinium_nuttallianum.1656049.jpg,0,12,1,FALSE,1,6,A3BZA447C9G636,21862,325.57,2024/4/16,8:24:34,38DCH97KI0MZQFKO6Z6X3S2YHYYQJ8,FALSE
1773136,Delphinium_nuttallianum,8825996,302279,https://crowdcurio-experiment-images.s3.amazonaws.com/Delphinium_nuttallianum/images/Delphinium_nuttallianum.1773136.jpg,0,2,6,FALSE,1,6,A2PFEAD1GNLOB9,20888,30.38,2024/4/16,8:21:15,38DCH97KI0MZQFKO6Z6X3S2YHYYQJ8,FALSE
1772952,Delphinium_nuttallianum,8826118,302278,https://crowdcurio-experiment-images.s3.amazonaws.com/Delphinium_nuttallianum/images/Delphinium_nuttallianum.1772952.jpg,0,12,4,FALSE,1,7,A2PFEAD1GNLOB9,20888,30.33,2024/4/16,8:21:47,38DCH97KI0MZQFKO6Z6X3S2YHYYQJ8,FALSE
2811490,Delphinium_nuttallianum,8826173,302281,https://crowdcurio-experiment-images.s3.amazonaws.com/Delphinium_nuttallianum/images/Delphinium_nuttallianum.2811490.jpg,0,6,1,FALSE,1,8,A2PFEAD1GNLOB9,20888,20.89,2024/4/16,8:22:09,38DCH97KI0MZQFKO6Z6X3S2YHYYQJ8,FALSE
1776598,Delphinium_nuttallianum,8826243,302280,https://crowdcurio-experiment-images.s3.amazonaws.com/Delphinium_nuttallianum/images/Delphinium_nuttallianum.1776598.jpg,0,14,0,FALSE,1,9,A2PFEAD1GNLOB9,20888,19.76,2024/4/16,8:22:31,38DCH97KI0MZQFKO6Z6X3S2YHYYQJ8,FALSE
1772952,Delphinium_nuttallianum,8826348,302278,https://crowdcurio-experiment-images.s3.amazonaws.com/Delphinium_nuttallianum/images/Delphinium_nuttallianum.1772952.jpg,0,14,5,TRUE,1,10,A2PFEAD1GNLOB9,20888,42.54,2024/4/16,8:23:14,38DCH97KI0MZQFKO6Z6X3S2YHYYQJ8,FALSE
1137190,Delphinium_nuttallianum,8826545,302036,https://crowdcurio-experiment-images.s3.amazonaws.com/Delphinium_nuttallianum/images/Delphinium_nuttallianum.1137190.jpg,0,6,2,FALSE,2,1,A2PFEAD1GNLOB9,20888,38.42,2024/4/16,8:24:13,38DCH97KI0MZQFKO6Z6X3S2YHYYQJ8,FALSE
1134041,Delphinium_nuttallianum,8826684,302031,https://crowdcurio-experiment-images.s3.amazonaws.com/Delphinium_nuttallianum/images/Delphinium_nuttallianum.1134041.jpg,0,14,2,FALSE,2,2,A2PFEAD1GNLOB9,20888,37.9,2024/4/16,8:24:52,38DCH97KI0MZQFKO6Z6X3S2YHYYQJ8,FALSE
1646099,Delphinium_nuttallianum,8826758,302222,https://crowdcurio-experiment-images.s3.amazonaws.com/Delphinium_nuttallianum/images/Delphinium_nuttallianum.1646099.jpg,0,8,1,FALSE,1,7,A3BZA447C9G636,21862,30.42,2024/4/16,8:25:11,38DCH97KI0MZQFKO6Z6X3S2YHYYQJ8,FALSE
1140854,Delphinium_nuttallianum,8826879,302037,https://crowdcurio-experiment-images.s3.amazonaws.com/Delphinium_nuttallianum/images/Delphinium_nuttallianum.1140854.jpg,0,44,0,FALSE,2,3,A2PFEAD1GNLOB9,20888,50.26,2024/4/16,8:25:44,38DCH97KI0MZQFKO6Z6X3S2YHYYQJ8,FALSE
1648444,Delphinium_nuttallianum,8827163,302225,https://crowdcurio-experiment-images.s3.amazonaws.com/Delphinium_nuttallianum/images/Delphinium_nuttallianum.1648444.jpg,0,4,1,FALSE,1,8,A3BZA447C9G636,21862,103.29,2024/4/16,8:26:59,38DCH97KI0MZQFKO6Z6X3S2YHYYQJ8,FALSE
1135809,Delphinium_nuttallianum,8827033,302034,https://crowdcurio-experiment-images.s3.amazonaws.com/Delphinium_nuttallianum/images/Delphinium_nuttallianum.1135809.jpg,0,13,1,FALSE,2,4,A2PFEAD1GNLOB9,20888,41.32,2024/4/16,8:26:28,38DCH97KI0MZQFKO6Z6X3S2YHYYQJ8,FALSE
1135587,Delphinium_nuttallianum,8827174,302033,https://crowdcurio-experiment-images.s3.amazonaws.com/Delphinium_nuttallianum/images/Delphinium_nuttallianum.1135587.jpg,0,11,6,FALSE,2,5,A2PFEAD1GNLOB9,20888,33.14,2024/4/16,8:27:02,38DCH97KI0MZQFKO6Z6X3S2YHYYQJ8,FALSE
1133961,Delphinium_nuttallianum,8827236,302030,https://crowdcurio-experiment-images.s3.amazonaws.com/Delphinium_nuttallianum/images/Delphinium_nuttallianum.1133961.jpg,0,9,1,FALSE,2,6,A2PFEAD1GNLOB9,20888,21.85,2024/4/16,8:27:26,38DCH97KI0MZQFKO6Z6X3S2YHYYQJ8,FALSE
1641726,Delphinium_nuttallianum,8827639,302220,https://crowdcurio-experiment-images.s3.amazonaws.com/Delphinium_nuttallianum/images/Delphinium_nuttallianum.1641726.jpg,1,1,9,TRUE,1,9,A3BZA447C9G636,21862,139,2024/4/16,8:29:20,38DCH97KI0MZQFKO6Z6X3S2YHYYQJ8,FALSE
1134438,Delphinium_nuttallianum,8827312,302032,https://crowdcurio-experiment-images.s3.amazonaws.com/Delphinium_nuttallianum/images/Delphinium_nuttallianum.1134438.jpg,0,8,2,FALSE,2,7,A2PFEAD1GNLOB9,20888,22.74,2024/4/16,8:27:50,38DCH97KI0MZQFKO6Z6X3S2YHYYQJ8,FALSE
1133779,Delphinium_nuttallianum,8827468,302029,https://crowdcurio-experiment-images.s3.amazonaws.com/Delphinium_nuttallianum/images/Delphinium_nuttallianum.1133779.jpg,0,17,6,FALSE,2,8,A2PFEAD1GNLOB9,20888,34.85,2024/4/16,8:28:26,38DCH97KI0MZQFKO6Z6X3S2YHYYQJ8,FALSE
1136492,Delphinium_nuttallianum,8827561,302035,https://crowdcurio-experiment-images.s3.amazonaws.com/Delphinium_nuttallianum/images/Delphinium_nuttallianum.1136492.jpg,0,8,3,FALSE,2,9,A2PFEAD1GNLOB9,20888,25.73,2024/4/16,8:28:54,38DCH97KI0MZQFKO6Z6X3S2YHYYQJ8,FALSE
1135809,Delphinium_nuttallianum,8827695,302034,https://crowdcurio-experiment-images.s3.amazonaws.com/Delphinium_nuttallianum/images/Delphinium_nuttallianum.1135809.jpg,1,14,3,TRUE,2,10,A2PFEAD1GNLOB9,20888,44.98,2024/4/16,8:29:40,38DCH97KI0MZQFKO6Z6X3S2YHYYQJ8,FALSE
1166229,Delphinium_nuttallianum,8827692,302043,https://crowdcurio-experiment-images.s3.amazonaws.com/Delphinium_nuttallianum/images/Delphinium_nuttallianum.1166229.jpg,0,4,0,FALSE,1,1,A1Y715VS4QHAD2,18746,20.05,2024/4/16,8:29:38,38DCH97KI0MZQFKO6Z6X3S2YHYYQJ8,FALSE
1644180,Delphinium_nuttallianum,8827753,302221,https://crowdcurio-experiment-images.s3.amazonaws.com/Delphinium_nuttallianum/images/Delphinium_nuttallianum.1644180.jpg,0,1,0,FALSE,1,10,A3BZA447C9G636,21862,40.34,2024/4/16,8:30:05,38DCH97KI0MZQFKO6Z6X3S2YHYYQJ8,FALSE
1181966,Delphinium_nuttallianum,8827737,302044,https://crowdcurio-experiment-images.s3.amazonaws.com/Delphinium_nuttallianum/images/Delphinium_nuttallianum.1181966.jpg,0,5,0,FALSE,1,2,A1Y715VS4QHAD2,18746,18.31,2024/4/16,8:29:58,38DCH97KI0MZQFKO6Z6X3S2YHYYQJ8,FALSE
1700503,Delphinium_nuttallianum,8827823,302259,https://crowdcurio-experiment-images.s3.amazonaws.com/Delphinium_nuttallianum/images/Delphinium_nuttallianum.1700503.jpg,0,5,4,FALSE,1,3,A1Y715VS4QHAD2,18746,20.58,2024/4/16,8:30:21,38DCH97KI0MZQFKO6Z6X3S2YHYYQJ8,FALSE
1163632,Delphinium_nuttallianum,8827881,302042,https://crowdcurio-experiment-images.s3.amazonaws.com/Delphinium_nuttallianum/images/Delphinium_nuttallianum.1163632.jpg,0,9,0,FALSE,1,4,A1Y715VS4QHAD2,18746,12.35,2024/4/16,8:30:35,38DCH97KI0MZQFKO6Z6X3S2YHYYQJ8,FALSE
1142748,Delphinium_nuttallianum,8827934,302038,https://crowdcurio-experiment-images.s3.amazonaws.com/Delphinium_nuttallianum/images/Delphinium_nuttallianum.1142748.jpg,0,0,2,FALSE,1,5,A1Y715VS4QHAD2,18746,13.08,2024/4/16,8:30:49,38DCH97KI0MZQFKO6Z6X3S2YHYYQJ8,FALSE
1187980,Delphinium_nuttallianum,8827989,302046,https://crowdcurio-experiment-images.s3.amazonaws.com/Delphinium_nuttallianum/images/Delphinium_nuttallianum.1187980.jpg,0,4,0,FALSE,1,6,A1Y715VS4QHAD2,18746,10.85,2024/4/16,8:31:02,38DCH97KI0MZQFKO6Z6X3S2YHYYQJ8,FALSE
1163632,Delphinium_nuttallianum,8828051,302042,https://crowdcurio-experiment-images.s3.amazonaws.com/Delphinium_nuttallianum/images/Delphinium_nuttallianum.1163632.jpg,0,6,3,TRUE,1,7,A1Y715VS4QHAD2,18746,14.05,2024/4/16,8:31:17,38DCH97KI0MZQFKO6Z6X3S2YHYYQJ8,FALSE
1144667,Delphinium_nuttallianum,8828098,302040,https://crowdcurio-experiment-images.s3.amazonaws.com/Delphinium_nuttallianum/images/Delphinium_nuttallianum.1144667.jpg,0,2,0,FALSE,1,8,A1Y715VS4QHAD2,18746,7.44,2024/4/16,8:31:26,38DCH97KI0MZQFKO6Z6X3S2YHYYQJ8,FALSE
1185627,Delphinium_nuttallianum,8828144,302045,https://crowdcurio-experiment-images.s3.amazonaws.com/Delphinium_nuttallianum/images/Delphinium_nuttallianum.1185627.jpg,0,5,0,FALSE,1,9,A1Y715VS4QHAD2,18746,8.68,2024/4/16,8:31:37,38DCH97KI0MZQFKO6Z6X3S2YHYYQJ8,FALSE
1148353,Delphinium_nuttallianum,8828242,302041,https://crowdcurio-experiment-images.s3.amazonaws.com/Delphinium_nuttallianum/images/Delphinium_nuttallianum.1148353.jpg,0,0,4,FALSE,1,10,A1Y715VS4QHAD2,18746,14.18,2024/4/16,8:31:53,38DCH97KI0MZQFKO6Z6X3S2YHYYQJ8,FALSE
1133557,Delphinium_nuttallianum,8829065,302027,https://crowdcurio-experiment-images.s3.amazonaws.com/Delphinium_nuttallianum/images/Delphinium_nuttallianum.1133557.jpg,0,9,4,FALSE,1,1,A3AFSPDIRXHTCA,21938,72.36,2024/4/16,8:35:44,38DCH97KI0MZQFKO6Z6X3S2YHYYQJ8,FALSE
519389,Delphinium_nuttallianum,8829059,301997,https://crowdcurio-experiment-images.s3.amazonaws.com/Delphinium_nuttallianum/images/Delphinium_nuttallianum.519389.jpg,0,12,0,FALSE,1,1,A89CPS3952U5O,19003,25.49,2024/4/16,8:35:43,38DCH97KI0MZQFKO6Z6X3S2YHYYQJ8,FALSE
520042,Delphinium_nuttallianum,8829178,302000,https://crowdcurio-experiment-images.s3.amazonaws.com/Delphinium_nuttallianum/images/Delphinium_nuttallianum.520042.jpg,1,6,0,FALSE,1,2,A89CPS3952U5O,19003,27.26,2024/4/16,8:36:12,38DCH97KI0MZQFKO6Z6X3S2YHYYQJ8,FALSE
1132143,Delphinium_nuttallianum,8829292,302024,https://crowdcurio-experiment-images.s3.amazonaws.com/Delphinium_nuttallianum/images/Delphinium_nuttallianum.1132143.jpg,0,6,0,FALSE,1,2,A3AFSPDIRXHTCA,21938,49.93,2024/4/16,8:36:36,38DCH97KI0MZQFKO6Z6X3S2YHYYQJ8,FALSE
520131,Delphinium_nuttallianum,8829283,302001,https://crowdcurio-experiment-images.s3.amazonaws.com/Delphinium_nuttallianum/images/Delphinium_nuttallianum.520131.jpg,0,5,3,FALSE,1,3,A89CPS3952U5O,19003,19.81,2024/4/16,8:36:33,38DCH97KI0MZQFKO6Z6X3S2YHYYQJ8,FALSE
519574,Delphinium_nuttallianum,8829383,301998,https://crowdcurio-experiment-images.s3.amazonaws.com/Delphinium_nuttallianum/images/Delphinium_nuttallianum.519574.jpg,4,0,0,FALSE,1,4,A89CPS3952U5O,19003,25.17,2024/4/16,8:37:00,38DCH97KI0MZQFKO6Z6X3S2YHYYQJ8,FALSE
1132641,Delphinium_nuttallianum,8829546,302025,https://crowdcurio-experiment-images.s3.amazonaws.com/Delphinium_nuttallianum/images/Delphinium_nuttallianum.1132641.jpg,3,6,0,FALSE,1,3,A3AFSPDIRXHTCA,21938,59.75,2024/4/16,8:37:38,38DCH97KI0MZQFKO6Z6X3S2YHYYQJ8,FALSE
517386,Delphinium_nuttallianum,8829487,301995,https://crowdcurio-experiment-images.s3.amazonaws.com/Delphinium_nuttallianum/images/Delphinium_nuttallianum.517386.jpg,0,9,3,FALSE,1,5,A89CPS3952U5O,19003,21.87,2024/4/16,8:37:23,38DCH97KI0MZQFKO6Z6X3S2YHYYQJ8,FALSE
519294,Delphinium_nuttallianum,8829581,301996,https://crowdcurio-experiment-images.s3.amazonaws.com/Delphinium_nuttallianum/images/Delphinium_nuttallianum.519294.jpg,2,8,1,FALSE,1,6,A89CPS3952U5O,19003,26.46,2024/4/16,8:37:51,38DCH97KI0MZQFKO6Z6X3S2YHYYQJ8,FALSE
1131459,Delphinium_nuttallianum,8829693,302023,https://crowdcurio-experiment-images.s3.amazonaws.com/Delphinium_nuttallianum/images/Delphinium_nuttallianum.1131459.jpg,0,4,9,FALSE,1,4,A3AFSPDIRXHTCA,21938,41.44,2024/4/16,8:38:21,38DCH97KI0MZQFKO6Z6X3S2YHYYQJ8,FALSE
516183,Delphinium_nuttallianum,8829625,301992,https://crowdcurio-experiment-images.s3.amazonaws.com/Delphinium_nuttallianum/images/Delphinium_nuttallianum.516183.jpg,2,7,0,FALSE,1,7,A89CPS3952U5O,19003,14.68,2024/4/16,8:38:07,38DCH97KI0MZQFKO6Z6X3S2YHYYQJ8,FALSE
519999,Delphinium_nuttallianum,8829694,301999,https://crowdcurio-experiment-images.s3.amazonaws.com/Delphinium_nuttallianum/images/Delphinium_nuttallianum.519999.jpg,0,8,2,FALSE,1,8,A89CPS3952U5O,19003,12.97,2024/4/16,8:38:22,38DCH97KI0MZQFKO6Z6X3S2YHYYQJ8,FALSE
520042,Delphinium_nuttallianum,8829794,302000,https://crowdcurio-experiment-images.s3.amazonaws.com/Delphinium_nuttallianum/images/Delphinium_nuttallianum.520042.jpg,0,9,1,TRUE,1,9,A89CPS3952U5O,19003,23.32,2024/4/16,8:38:46,38DCH97KI0MZQFKO6Z6X3S2YHYYQJ8,FALSE
1133230,Delphinium_nuttallianum,8829966,302026,https://crowdcurio-experiment-images.s3.amazonaws.com/Delphinium_nuttallianum/images/Delphinium_nuttallianum.1133230.jpg,3,11,3,FALSE,1,5,A3AFSPDIRXHTCA,21938,75.6,2024/4/16,8:39:39,38DCH97KI0MZQFKO6Z6X3S2YHYYQJ8,FALSE
517312,Delphinium_nuttallianum,8829876,301994,https://crowdcurio-experiment-images.s3.amazonaws.com/Delphinium_nuttallianum/images/Delphinium_nuttallianum.517312.jpg,0,7,6,FALSE,1,10,A89CPS3952U5O,19003,21.09,2024/4/16,8:39:09,38DCH97KI0MZQFKO6Z6X3S2YHYYQJ8,FALSE
1129893,Delphinium_nuttallianum,8830256,302022,https://crowdcurio-experiment-images.s3.amazonaws.com/Delphinium_nuttallianum/images/Delphinium_nuttallianum.1129893.jpg,4,9,2,FALSE,1,6,A3AFSPDIRXHTCA,21938,71.72,2024/4/16,8:40:53,38DCH97KI0MZQFKO6Z6X3S2YHYYQJ8,FALSE
507760,Delphinium_nuttallianum,8830203,301976,https://crowdcurio-experiment-images.s3.amazonaws.com/Delphinium_nuttallianum/images/Delphinium_nuttallianum.507760.jpg,2,20,0,FALSE,1,1,A1M2KMKJXK2EPU,19783,18.1,2024/4/16,8:40:37,38DCH97KI0MZQFKO6Z6X3S2YHYYQJ8,FALSE
531236,Delphinium_nuttallianum,8830348,302020,https://crowdcurio-experiment-images.s3.amazonaws.com/Delphinium_nuttallianum/images/Delphinium_nuttallianum.531236.jpg,0,5,1,FALSE,1,7,A3AFSPDIRXHTCA,21938,32.45,2024/4/16,8:41:27,38DCH97KI0MZQFKO6Z6X3S2YHYYQJ8,FALSE
1133615,Delphinium_nuttallianum,8830406,302028,https://crowdcurio-experiment-images.s3.amazonaws.com/Delphinium_nuttallianum/images/Delphinium_nuttallianum.1133615.jpg,1,4,1,FALSE,1,8,A3AFSPDIRXHTCA,21938,22.91,2024/4/16,8:41:52,38DCH97KI0MZQFKO6Z6X3S2YHYYQJ8,FALSE
507783,Delphinium_nuttallianum,8830552,301985,https://crowdcurio-experiment-images.s3.amazonaws.com/Delphinium_nuttallianum/images/Delphinium_nuttallianum.507783.jpg,0,18,8,FALSE,1,1,A8BIBJIFRDB1E,20729,79.8,2024/4/16,8:42:40,38DCH97KI0MZQFKO6Z6X3S2YHYYQJ8,FALSE
1129690,Delphinium_nuttallianum,8830507,302021,https://crowdcurio-experiment-images.s3.amazonaws.com/Delphinium_nuttallianum/images/Delphinium_nuttallianum.1129690.jpg,0,6,4,FALSE,1,9,A3AFSPDIRXHTCA,21938,33.69,2024/4/16,8:42:28,38DCH97KI0MZQFKO6Z6X3S2YHYYQJ8,FALSE
1133230,Delphinium_nuttallianum,8830715,302026,https://crowdcurio-experiment-images.s3.amazonaws.com/Delphinium_nuttallianum/images/Delphinium_nuttallianum.1133230.jpg,3,11,4,TRUE,1,10,A3AFSPDIRXHTCA,21938,53.32,2024/4/16,8:43:22,38DCH97KI0MZQFKO6Z6X3S2YHYYQJ8,FALSE
507788,Delphinium_nuttallianum,8830854,301987,https://crowdcurio-experiment-images.s3.amazonaws.com/Delphinium_nuttallianum/images/Delphinium_nuttallianum.507788.jpg,0,26,10,FALSE,1,2,A8BIBJIFRDB1E,20729,72.59,2024/4/16,8:43:58,38DCH97KI0MZQFKO6Z6X3S2YHYYQJ8,FALSE
507724,Delphinium_nuttallianum,8830943,301956,https://crowdcurio-experiment-images.s3.amazonaws.com/Delphinium_nuttallianum/images/Delphinium_nuttallianum.507724.jpg,0,5,1,FALSE,1,1,A279WS89LAL4QR,18986,15.46,2024/4/16,8:44:20,38DCH97KI0MZQFKO6Z6X3S2YHYYQJ8,FALSE
507749,Delphinium_nuttallianum,8830948,301973,https://crowdcurio-experiment-images.s3.amazonaws.com/Delphinium_nuttallianum/images/Delphinium_nuttallianum.507749.jpg,0,13,0,FALSE,1,2,A1M2KMKJXK2EPU,19783,221.24,2024/4/16,8:44:22,38DCH97KI0MZQFKO6Z6X3S2YHYYQJ8,FALSE
507746,Delphinium_nuttallianum,8831088,301970,https://crowdcurio-experiment-images.s3.amazonaws.com/Delphinium_nuttallianum/images/Delphinium_nuttallianum.507746.jpg,0,12,6,FALSE,1,2,A279WS89LAL4QR,18986,33.75,2024/4/16,8:44:55,38DCH97KI0MZQFKO6Z6X3S2YHYYQJ8,FALSE
507776,Delphinium_nuttallianum,8831376,301983,https://crowdcurio-experiment-images.s3.amazonaws.com/Delphinium_nuttallianum/images/Delphinium_nuttallianum.507776.jpg,0,35,4,FALSE,1,3,A8BIBJIFRDB1E,20729,120.34,2024/4/16,8:46:05,38DCH97KI0MZQFKO6Z6X3S2YHYYQJ8,FALSE
507727,Delphinium_nuttallianum,8831248,301959,https://crowdcurio-experiment-images.s3.amazonaws.com/Delphinium_nuttallianum/images/Delphinium_nuttallianum.507727.jpg,0,9,12,FALSE,1,3,A279WS89LAL4QR,18986,33.65,2024/4/16,8:45:31,38DCH97KI0MZQFKO6Z6X3S2YHYYQJ8,FALSE
507722,Delphinium_nuttallianum,8831302,301955,https://crowdcurio-experiment-images.s3.amazonaws.com/Delphinium_nuttallianum/images/Delphinium_nuttallianum.507722.jpg,0,6,0,FALSE,1,4,A279WS89LAL4QR,18986,14.75,2024/4/16,8:45:47,38DCH97KI0MZQFKO6Z6X3S2YHYYQJ8,FALSE
507705,Delphinium_nuttallianum,8831439,301948,https://crowdcurio-experiment-images.s3.amazonaws.com/Delphinium_nuttallianum/images/Delphinium_nuttallianum.507705.jpg,0,30,0,FALSE,1,1,AWX51FW8ZI6M7,20375,48.12,2024/4/16,8:46:19,38DCH97KI0MZQFKO6Z6X3S2YHYYQJ8,FALSE
507750,Delphinium_nuttallianum,8831286,301974,https://crowdcurio-experiment-images.s3.amazonaws.com/Delphinium_nuttallianum/images/Delphinium_nuttallianum.507750.jpg,0,5,0,FALSE,1,3,A1M2KMKJXK2EPU,19783,77.69,2024/4/16,8:45:43,38DCH97KI0MZQFKO6Z6X3S2YHYYQJ8,FALSE
507745,Delphinium_nuttallianum,8831456,301969,https://crowdcurio-experiment-images.s3.amazonaws.com/Delphinium_nuttallianum/images/Delphinium_nuttallianum.507745.jpg,4,21,0,FALSE,1,5,A279WS89LAL4QR,18986,33.77,2024/4/16,8:46:22,38DCH97KI0MZQFKO6Z6X3S2YHYYQJ8,FALSE
507789,Delphinium_nuttallianum,8831803,301988,https://crowdcurio-experiment-images.s3.amazonaws.com/Delphinium_nuttallianum/images/Delphinium_nuttallianum.507789.jpg,14,20,0,FALSE,1,4,A8BIBJIFRDB1E,20729,80.2,2024/4/16,8:47:31,38DCH97KI0MZQFKO6Z6X3S2YHYYQJ8,FALSE
507747,Delphinium_nuttallianum,8831521,301971,https://crowdcurio-experiment-images.s3.amazonaws.com/Delphinium_nuttallianum/images/Delphinium_nuttallianum.507747.jpg,0,4,1,FALSE,1,6,A279WS89LAL4QR,18986,14.09,2024/4/16,8:46:38,38DCH97KI0MZQFKO6Z6X3S2YHYYQJ8,FALSE
507715,Delphinium_nuttallianum,8831528,301952,https://crowdcurio-experiment-images.s3.amazonaws.com/Delphinium_nuttallianum/images/Delphinium_nuttallianum.507715.jpg,0,10,0,FALSE,1,2,AWX51FW8ZI6M7,20375,19.31,2024/4/16,8:46:40,38DCH97KI0MZQFKO6Z6X3S2YHYYQJ8,FALSE
507726,Delphinium_nuttallianum,8831701,301958,https://crowdcurio-experiment-images.s3.amazonaws.com/Delphinium_nuttallianum/images/Delphinium_nuttallianum.507726.jpg,0,25,0,FALSE,1,7,A279WS89LAL4QR,18986,29.66,2024/4/16,8:47:09,38DCH97KI0MZQFKO6Z6X3S2YHYYQJ8,FALSE
183103,Delphinium_nuttallianum,8831762,301947,https://crowdcurio-experiment-images.s3.amazonaws.com/Delphinium_nuttallianum/images/Delphinium_nuttallianum.183103.jpg,0,15,9,FALSE,1,3,AWX51FW8ZI6M7,20375,42.18,2024/4/16,8:47:23,38DCH97KI0MZQFKO6Z6X3S2YHYYQJ8,FALSE
507725,Delphinium_nuttallianum,8831824,301957,https://crowdcurio-experiment-images.s3.amazonaws.com/Delphinium_nuttallianum/images/Delphinium_nuttallianum.507725.jpg,0,14,10,FALSE,1,8,A279WS89LAL4QR,18986,27.01,2024/4/16,8:47:38,38DCH97KI0MZQFKO6Z6X3S2YHYYQJ8,FALSE
507711,Delphinium_nuttallianum,8831915,301950,https://crowdcurio-experiment-images.s3.amazonaws.com/Delphinium_nuttallianum/images/Delphinium_nuttallianum.507711.jpg,0,8,1,FALSE,1,4,AWX51FW8ZI6M7,20375,31.97,2024/4/16,8:47:57,38DCH97KI0MZQFKO6Z6X3S2YHYYQJ8,FALSE
507774,Delphinium_nuttallianum,8832173,301982,https://crowdcurio-experiment-images.s3.amazonaws.com/Delphinium_nuttallianum/images/Delphinium_nuttallianum.507774.jpg,3,23,2,FALSE,1,5,A8BIBJIFRDB1E,20729,96.54,2024/4/16,8:49:13,38DCH97KI0MZQFKO6Z6X3S2YHYYQJ8,FALSE
507724,Delphinium_nuttallianum,8831958,301956,https://crowdcurio-experiment-images.s3.amazonaws.com/Delphinium_nuttallianum/images/Delphinium_nuttallianum.507724.jpg,0,5,0,TRUE,1,9,A279WS89LAL4QR,18986,21.27,2024/4/16,8:48:08,38DCH97KI0MZQFKO6Z6X3S2YHYYQJ8,FALSE
13016496,Delphinium_nuttallianum,8832001,302575,https://crowdcurio-experiment-images.s3.amazonaws.com/Delphinium_nuttallianum/images/Delphinium_nuttallianum.13016496.jpg,0,6,2,FALSE,1,5,AWX51FW8ZI6M7,20375,18.38,2024/4/16,8:48:17,38DCH97KI0MZQFKO6Z6X3S2YHYYQJ8,FALSE
507721,Delphinium_nuttallianum,8832019,301954,https://crowdcurio-experiment-images.s3.amazonaws.com/Delphinium_nuttallianum/images/Delphinium_nuttallianum.507721.jpg,0,8,0,FALSE,1,10,A279WS89LAL4QR,18986,12.38,2024/4/16,8:48:22,38DCH97KI0MZQFKO6Z6X3S2YHYYQJ8,FALSE
183103,Delphinium_nuttallianum,8832136,301947,https://crowdcurio-experiment-images.s3.amazonaws.com/Delphinium_nuttallianum/images/Delphinium_nuttallianum.183103.jpg,0,15,8,TRUE,1,6,AWX51FW8ZI6M7,20375,42.82,2024/4/16,8:49:01,38DCH97KI0MZQFKO6Z6X3S2YHYYQJ8,FALSE
507720,Delphinium_nuttallianum,8832271,301953,https://crowdcurio-experiment-images.s3.amazonaws.com/Delphinium_nuttallianum/images/Delphinium_nuttallianum.507720.jpg,0,9,3,FALSE,1,7,AWX51FW8ZI6M7,20375,33.48,2024/4/16,8:49:35,38DCH97KI0MZQFKO6Z6X3S2YHYYQJ8,FALSE
507786,Delphinium_nuttallianum,8832817,301986,https://crowdcurio-experiment-images.s3.amazonaws.com/Delphinium_nuttallianum/images/Delphinium_nuttallianum.507786.jpg,7,10,0,FALSE,1,6,A8BIBJIFRDB1E,20729,123.65,2024/4/16,8:51:21,38DCH97KI0MZQFKO6Z6X3S2YHYYQJ8,FALSE
507712,Delphinium_nuttallianum,8832419,301951,https://crowdcurio-experiment-images.s3.amazonaws.com/Delphinium_nuttallianum/images/Delphinium_nuttallianum.507712.jpg,0,14,0,FALSE,1,8,AWX51FW8ZI6M7,20375,25.47,2024/4/16,8:50:03,38DCH97KI0MZQFKO6Z6X3S2YHYYQJ8,FALSE
13023017,Delphinium_nuttallianum,8832496,302588,https://crowdcurio-experiment-images.s3.amazonaws.com/Delphinium_nuttallianum/images/Delphinium_nuttallianum.13023017.jpg,0,4,0,FALSE,1,9,AWX51FW8ZI6M7,20375,12.69,2024/4/16,8:50:17,38DCH97KI0MZQFKO6Z6X3S2YHYYQJ8,FALSE
507709,Delphinium_nuttallianum,8832698,301949,https://crowdcurio-experiment-images.s3.amazonaws.com/Delphinium_nuttallianum/images/Delphinium_nuttallianum.507709.jpg,0,33,0,FALSE,1,10,AWX51FW8ZI6M7,20375,38.87,2024/4/16,8:50:57,38DCH97KI0MZQFKO6Z6X3S2YHYYQJ8,FALSE
29437198,Delphinium_nuttallianum,8832946,302946,https://crowdcurio-experiment-images.s3.amazonaws.com/Delphinium_nuttallianum/images/Delphinium_nuttallianum.29437198.jpg,0,13,2,FALSE,2,1,AWX51FW8ZI6M7,20375,29.16,2024/4/16,8:51:45,38DCH97KI0MZQFKO6Z6X3S2YHYYQJ8,FALSE
507793,Delphinium_nuttallianum,8833269,301990,https://crowdcurio-experiment-images.s3.amazonaws.com/Delphinium_nuttallianum/images/Delphinium_nuttallianum.507793.jpg,10,15,0,FALSE,1,7,A8BIBJIFRDB1E,20729,76.48,2024/4/16,8:52:44,38DCH97KI0MZQFKO6Z6X3S2YHYYQJ8,FALSE
30331526,Delphinium_nuttallianum,8833048,302949,https://crowdcurio-experiment-images.s3.amazonaws.com/Delphinium_nuttallianum/images/Delphinium_nuttallianum.30331526.jpg,0,6,0,FALSE,2,2,AWX51FW8ZI6M7,20375,18.34,2024/4/16,8:52:06,38DCH97KI0MZQFKO6Z6X3S2YHYYQJ8,FALSE
30331465,Delphinium_nuttallianum,8833211,302948,https://crowdcurio-experiment-images.s3.amazonaws.com/Delphinium_nuttallianum/images/Delphinium_nuttallianum.30331465.jpg,0,7,7,FALSE,2,3,AWX51FW8ZI6M7,20375,26.23,2024/4/16,8:52:34,38DCH97KI0MZQFKO6Z6X3S2YHYYQJ8,FALSE
30331917,Delphinium_nuttallianum,8833448,302950,https://crowdcurio-experiment-images.s3.amazonaws.com/Delphinium_nuttallianum/images/Delphinium_nuttallianum.30331917.jpg,1,24,2,FALSE,2,4,AWX51FW8ZI6M7,20375,41.08,2024/4/16,8:53:16,38DCH97KI0MZQFKO6Z6X3S2YHYYQJ8,FALSE
507795,Delphinium_nuttallianum,8833835,301991,https://crowdcurio-experiment-images.s3.amazonaws.com/Delphinium_nuttallianum/images/Delphinium_nuttallianum.507795.jpg,11,27,0,FALSE,1,8,A8BIBJIFRDB1E,20729,95.2,2024/4/16,8:54:24,38DCH97KI0MZQFKO6Z6X3S2YHYYQJ8,FALSE
30130334,Delphinium_nuttallianum,8833645,302947,https://crowdcurio-experiment-images.s3.amazonaws.com/Delphinium_nuttallianum/images/Delphinium_nuttallianum.30130334.jpg,0,19,6,FALSE,2,5,AWX51FW8ZI6M7,20375,35.28,2024/4/16,8:53:53,38DCH97KI0MZQFKO6Z6X3S2YHYYQJ8,FALSE
29437198,Delphinium_nuttallianum,8833769,302946,https://crowdcurio-experiment-images.s3.amazonaws.com/Delphinium_nuttallianum/images/Delphinium_nuttallianum.29437198.jpg,0,12,2,TRUE,2,6,AWX51FW8ZI6M7,20375,21.1,2024/4/16,8:54:15,38DCH97KI0MZQFKO6Z6X3S2YHYYQJ8,FALSE
30367716,Delphinium_nuttallianum,8833844,302951,https://crowdcurio-experiment-images.s3.amazonaws.com/Delphinium_nuttallianum/images/Delphinium_nuttallianum.30367716.jpg,0,2,2,FALSE,2,7,AWX51FW8ZI6M7,20375,13.2,2024/4/16,8:54:30,38DCH97KI0MZQFKO6Z6X3S2YHYYQJ8,FALSE
507786,Delphinium_nuttallianum,8834088,301986,https://crowdcurio-experiment-images.s3.amazonaws.com/Delphinium_nuttallianum/images/Delphinium_nuttallianum.507786.jpg,7,9,0,TRUE,1,9,A8BIBJIFRDB1E,20729,56.41,2024/4/16,8:55:22,38DCH97KI0MZQFKO6Z6X3S2YHYYQJ8,FALSE
29017971,Delphinium_nuttallianum,8834033,302945,https://crowdcurio-experiment-images.s3.amazonaws.com/Delphinium_nuttallianum/images/Delphinium_nuttallianum.29017971.jpg,0,10,4,FALSE,2,8,AWX51FW8ZI6M7,20375,38.62,2024/4/16,8:55:10,38DCH97KI0MZQFKO6Z6X3S2YHYYQJ8,FALSE
27170014,Delphinium_nuttallianum,8834136,302903,https://crowdcurio-experiment-images.s3.amazonaws.com/Delphinium_nuttallianum/images/Delphinium_nuttallianum.27170014.jpg,0,20,0,FALSE,2,9,AWX51FW8ZI6M7,20375,22.02,2024/4/16,8:55:33,38DCH97KI0MZQFKO6Z6X3S2YHYYQJ8,FALSE
507782,Delphinium_nuttallianum,8834492,301984,https://crowdcurio-experiment-images.s3.amazonaws.com/Delphinium_nuttallianum/images/Delphinium_nuttallianum.507782.jpg,0,16,2,FALSE,1,10,A8BIBJIFRDB1E,20729,68.04,2024/4/16,8:56:35,38DCH97KI0MZQFKO6Z6X3S2YHYYQJ8,FALSE
27170192,Delphinium_nuttallianum,8834369,302904,https://crowdcurio-experiment-images.s3.amazonaws.com/Delphinium_nuttallianum/images/Delphinium_nuttallianum.27170192.jpg,3,13,2,FALSE,2,10,AWX51FW8ZI6M7,20375,38.54,2024/4/16,8:56:14,38DCH97KI0MZQFKO6Z6X3S2YHYYQJ8,FALSE
28934053,Delphinium_nuttallianum,8834606,302944,https://crowdcurio-experiment-images.s3.amazonaws.com/Delphinium_nuttallianum/images/Delphinium_nuttallianum.28934053.jpg,0,11,3,FALSE,3,1,AWX51FW8ZI6M7,20375,21.59,2024/4/16,8:56:55,38DCH97KI0MZQFKO6Z6X3S2YHYYQJ8,FALSE
28163363,Delphinium_nuttallianum,8834741,302933,https://crowdcurio-experiment-images.s3.amazonaws.com/Delphinium_nuttallianum/images/Delphinium_nuttallianum.28163363.jpg,11,3,2,FALSE,3,2,AWX51FW8ZI6M7,20375,30.47,2024/4/16,8:57:26,38DCH97KI0MZQFKO6Z6X3S2YHYYQJ8,FALSE
28899654,Delphinium_nuttallianum,8834843,302938,https://crowdcurio-experiment-images.s3.amazonaws.com/Delphinium_nuttallianum/images/Delphinium_nuttallianum.28899654.jpg,0,7,0,FALSE,3,3,AWX51FW8ZI6M7,20375,12.9,2024/4/16,8:57:41,38DCH97KI0MZQFKO6Z6X3S2YHYYQJ8,FALSE
28163363,Delphinium_nuttallianum,8835037,302933,https://crowdcurio-experiment-images.s3.amazonaws.com/Delphinium_nuttallianum/images/Delphinium_nuttallianum.28163363.jpg,10,3,2,TRUE,3,4,AWX51FW8ZI6M7,20375,36.33,2024/4/16,8:58:18,38DCH97KI0MZQFKO6Z6X3S2YHYYQJ8,FALSE
28899791,Delphinium_nuttallianum,8835178,302943,https://crowdcurio-experiment-images.s3.amazonaws.com/Delphinium_nuttallianum/images/Delphinium_nuttallianum.28899791.jpg,0,16,5,FALSE,3,5,AWX51FW8ZI6M7,20375,29.38,2024/4/16,8:58:49,38DCH97KI0MZQFKO6Z6X3S2YHYYQJ8,FALSE
28899789,Delphinium_nuttallianum,8835264,302941,https://crowdcurio-experiment-images.s3.amazonaws.com/Delphinium_nuttallianum/images/Delphinium_nuttallianum.28899789.jpg,1,8,0,FALSE,3,6,AWX51FW8ZI6M7,20375,19.7,2024/4/16,8:59:10,38DCH97KI0MZQFKO6Z6X3S2YHYYQJ8,FALSE
28899788,Delphinium_nuttallianum,8835427,302940,https://crowdcurio-experiment-images.s3.amazonaws.com/Delphinium_nuttallianum/images/Delphinium_nuttallianum.28899788.jpg,0,13,9,FALSE,3,7,AWX51FW8ZI6M7,20375,34.38,2024/4/16,8:59:46,38DCH97KI0MZQFKO6Z6X3S2YHYYQJ8,FALSE
27521214,Delphinium_nuttallianum,8835495,302929,https://crowdcurio-experiment-images.s3.amazonaws.com/Delphinium_nuttallianum/images/Delphinium_nuttallianum.27521214.jpg,0,9,0,FALSE,1,1,AN4QIEI575DZ0,21856,47.76,2024/4/16,8:59:58,38DCH97KI0MZQFKO6Z6X3S2YHYYQJ8,FALSE
28899790,Delphinium_nuttallianum,8835502,302942,https://crowdcurio-experiment-images.s3.amazonaws.com/Delphinium_nuttallianum/images/Delphinium_nuttallianum.28899790.jpg,0,9,1,FALSE,3,8,AWX51FW8ZI6M7,20375,11.84,2024/4/16,9:00:00,38DCH97KI0MZQFKO6Z6X3S2YHYYQJ8,FALSE
28899787,Delphinium_nuttallianum,8835646,302939,https://crowdcurio-experiment-images.s3.amazonaws.com/Delphinium_nuttallianum/images/Delphinium_nuttallianum.28899787.jpg,0,16,2,FALSE,3,9,AWX51FW8ZI6M7,20375,22.77,2024/4/16,9:00:25,38DCH97KI0MZQFKO6Z6X3S2YHYYQJ8,FALSE
4698554,Delphinium_nuttallianum,8835659,302438,https://crowdcurio-experiment-images.s3.amazonaws.com/Delphinium_nuttallianum/images/Delphinium_nuttallianum.4698554.jpg,0,9,0,FALSE,1,2,AN4QIEI575DZ0,21856,20.87,2024/4/16,9:00:27,38DCH97KI0MZQFKO6Z6X3S2YHYYQJ8,FALSE
27877306,Delphinium_nuttallianum,8835734,302931,https://crowdcurio-experiment-images.s3.amazonaws.com/Delphinium_nuttallianum/images/Delphinium_nuttallianum.27877306.jpg,0,6,3,FALSE,3,10,AWX51FW8ZI6M7,20375,18.88,2024/4/16,9:00:45,38DCH97KI0MZQFKO6Z6X3S2YHYYQJ8,FALSE
19987606,Delphinium_nuttallianum,8835980,302772,https://crowdcurio-experiment-images.s3.amazonaws.com/Delphinium_nuttallianum/images/Delphinium_nuttallianum.19987606.jpg,0,17,16,FALSE,1,3,AN4QIEI575DZ0,21856,75.46,2024/4/16,9:01:49,38DCH97KI0MZQFKO6Z6X3S2YHYYQJ8,FALSE
27572403,Delphinium_nuttallianum,8835892,302930,https://crowdcurio-experiment-images.s3.amazonaws.com/Delphinium_nuttallianum/images/Delphinium_nuttallianum.27572403.jpg,0,9,5,FALSE,4,1,AWX51FW8ZI6M7,20375,28.77,2024/4/16,9:01:31,38DCH97KI0MZQFKO6Z6X3S2YHYYQJ8,FALSE
27170195,Delphinium_nuttallianum,8835995,302906,https://crowdcurio-experiment-images.s3.amazonaws.com/Delphinium_nuttallianum/images/Delphinium_nuttallianum.27170195.jpg,0,14,0,FALSE,4,2,AWX51FW8ZI6M7,20375,18.43,2024/4/16,9:01:51,38DCH97KI0MZQFKO6Z6X3S2YHYYQJ8,FALSE
27211448,Delphinium_nuttallianum,8836099,302927,https://crowdcurio-experiment-images.s3.amazonaws.com/Delphinium_nuttallianum/images/Delphinium_nuttallianum.27211448.jpg,0,18,2,FALSE,4,3,AWX51FW8ZI6M7,20375,23.71,2024/4/16,9:02:17,38DCH97KI0MZQFKO6Z6X3S2YHYYQJ8,FALSE
28086024,Delphinium_nuttallianum,8836137,302932,https://crowdcurio-experiment-images.s3.amazonaws.com/Delphinium_nuttallianum/images/Delphinium_nuttallianum.28086024.jpg,0,11,0,FALSE,1,4,AN4QIEI575DZ0,21856,29.61,2024/4/16,9:02:25,38DCH97KI0MZQFKO6Z6X3S2YHYYQJ8,FALSE
27170790,Delphinium_nuttallianum,8836198,302926,https://crowdcurio-experiment-images.s3.amazonaws.com/Delphinium_nuttallianum/images/Delphinium_nuttallianum.27170790.jpg,0,12,0,FALSE,4,4,AWX51FW8ZI6M7,20375,17.88,2024/4/16,9:02:36,38DCH97KI0MZQFKO6Z6X3S2YHYYQJ8,FALSE
27170012,Delphinium_nuttallianum,8836410,302901,https://crowdcurio-experiment-images.s3.amazonaws.com/Delphinium_nuttallianum/images/Delphinium_nuttallianum.27170012.jpg,11,17,0,FALSE,4,5,AWX51FW8ZI6M7,20375,39.21,2024/4/16,9:03:17,38DCH97KI0MZQFKO6Z6X3S2YHYYQJ8,FALSE
13823359,Delphinium_nuttallianum,8836441,302641,https://crowdcurio-experiment-images.s3.amazonaws.com/Delphinium_nuttallianum/images/Delphinium_nuttallianum.13823359.jpg,0,13,1,FALSE,1,5,AN4QIEI575DZ0,21856,48.88,2024/4/16,9:03:22,38DCH97KI0MZQFKO6Z6X3S2YHYYQJ8,FALSE
27215555,Delphinium_nuttallianum,8836552,302928,https://crowdcurio-experiment-images.s3.amazonaws.com/Delphinium_nuttallianum/images/Delphinium_nuttallianum.27215555.jpg,5,17,0,FALSE,4,6,AWX51FW8ZI6M7,20375,33.3,2024/4/16,9:03:52,38DCH97KI0MZQFKO6Z6X3S2YHYYQJ8,FALSE
13823425,Delphinium_nuttallianum,8836693,302686,https://crowdcurio-experiment-images.s3.amazonaws.com/Delphinium_nuttallianum/images/Delphinium_nuttallianum.13823425.jpg,0,18,2,FALSE,1,6,AN4QIEI575DZ0,21856,56.89,2024/4/16,9:04:26,38DCH97KI0MZQFKO6Z6X3S2YHYYQJ8,FALSE
27211448,Delphinium_nuttallianum,8836680,302927,https://crowdcurio-experiment-images.s3.amazonaws.com/Delphinium_nuttallianum/images/Delphinium_nuttallianum.27211448.jpg,0,17,3,TRUE,4,7,AWX51FW8ZI6M7,20375,28.89,2024/4/16,9:04:22,38DCH97KI0MZQFKO6Z6X3S2YHYYQJ8,FALSE
27170013,Delphinium_nuttallianum,8836836,302902,https://crowdcurio-experiment-images.s3.amazonaws.com/Delphinium_nuttallianum/images/Delphinium_nuttallianum.27170013.jpg,0,3,5,FALSE,4,8,AWX51FW8ZI6M7,20375,32.42,2024/4/16,9:04:56,38DCH97KI0MZQFKO6Z6X3S2YHYYQJ8,FALSE
13823367,Delphinium_nuttallianum,8836884,302647,https://crowdcurio-experiment-images.s3.amazonaws.com/Delphinium_nuttallianum/images/Delphinium_nuttallianum.13823367.jpg,0,20,1,FALSE,1,7,AN4QIEI575DZ0,21856,40.1,2024/4/16,9:05:10,38DCH97KI0MZQFKO6Z6X3S2YHYYQJ8,FALSE
27170194,Delphinium_nuttallianum,8836961,302905,https://crowdcurio-experiment-images.s3.amazonaws.com/Delphinium_nuttallianum/images/Delphinium_nuttallianum.27170194.jpg,0,13,12,FALSE,4,9,AWX51FW8ZI6M7,20375,35.1,2024/4/16,9:05:33,38DCH97KI0MZQFKO6Z6X3S2YHYYQJ8,FALSE
13823359,Delphinium_nuttallianum,8837071,302641,https://crowdcurio-experiment-images.s3.amazonaws.com/Delphinium_nuttallianum/images/Delphinium_nuttallianum.13823359.jpg,0,15,1,TRUE,1,8,AN4QIEI575DZ0,21856,51.43,2024/4/16,9:06:04,38DCH97KI0MZQFKO6Z6X3S2YHYYQJ8,FALSE
27170255,Delphinium_nuttallianum,8837029,302925,https://crowdcurio-experiment-images.s3.amazonaws.com/Delphinium_nuttallianum/images/Delphinium_nuttallianum.27170255.jpg,0,3,0,FALSE,4,10,AWX51FW8ZI6M7,20375,16.22,2024/4/16,9:05:50,38DCH97KI0MZQFKO6Z6X3S2YHYYQJ8,FALSE
4702182,Delphinium_nuttallianum,8837247,302453,https://crowdcurio-experiment-images.s3.amazonaws.com/Delphinium_nuttallianum/images/Delphinium_nuttallianum.4702182.jpg,0,6,5,FALSE,1,9,AN4QIEI575DZ0,21856,44.04,2024/4/16,9:06:54,38DCH97KI0MZQFKO6Z6X3S2YHYYQJ8,FALSE
15811109,Delphinium_nuttallianum,8837376,302757,https://crowdcurio-experiment-images.s3.amazonaws.com/Delphinium_nuttallianum/images/Delphinium_nuttallianum.15811109.jpg,0,3,2,FALSE,1,10,AN4QIEI575DZ0,21856,20.8,2024/4/16,9:07:25,38DCH97KI0MZQFKO6Z6X3S2YHYYQJ8,FALSE
507762,Delphinium_nuttallianum,8837500,301977,https://crowdcurio-experiment-images.s3.amazonaws.com/Delphinium_nuttallianum/images/Delphinium_nuttallianum.507762.jpg,0,4,0,FALSE,1,4,A1M2KMKJXK2EPU,19783,1349.91,2024/4/16,9:08:16,38DCH97KI0MZQFKO6Z6X3S2YHYYQJ8,FALSE
13085465,Delphinium_nuttallianum,8837706,302624,https://crowdcurio-experiment-images.s3.amazonaws.com/Delphinium_nuttallianum/images/Delphinium_nuttallianum.13085465.jpg,0,19,3,FALSE,2,1,AN4QIEI575DZ0,21856,85.39,2024/4/16,9:09:17,38DCH97KI0MZQFKO6Z6X3S2YHYYQJ8,FALSE
13039920,Delphinium_nuttallianum,8837972,302619,https://crowdcurio-experiment-images.s3.amazonaws.com/Delphinium_nuttallianum/images/Delphinium_nuttallianum.13039920.jpg,0,9,17,FALSE,2,2,AN4QIEI575DZ0,21856,65.03,2024/4/16,9:10:34,38DCH97KI0MZQFKO6Z6X3S2YHYYQJ8,FALSE
507766,Delphinium_nuttallianum,8838048,301979,https://crowdcurio-experiment-images.s3.amazonaws.com/Delphinium_nuttallianum/images/Delphinium_nuttallianum.507766.jpg,2,3,0,FALSE,1,5,A1M2KMKJXK2EPU,19783,152.83,2024/4/16,9:10:52,38DCH97KI0MZQFKO6Z6X3S2YHYYQJ8,FALSE
13040892,Delphinium_nuttallianum,8838115,302622,https://crowdcurio-experiment-images.s3.amazonaws.com/Delphinium_nuttallianum/images/Delphinium_nuttallianum.13040892.jpg,0,4,5,FALSE,2,3,AN4QIEI575DZ0,21856,30.66,2024/4/16,9:11:12,38DCH97KI0MZQFKO6Z6X3S2YHYYQJ8,FALSE
507772,Delphinium_nuttallianum,8838092,301981,https://crowdcurio-experiment-images.s3.amazonaws.com/Delphinium_nuttallianum/images/Delphinium_nuttallianum.507772.jpg,0,3,0,FALSE,1,6,A1M2KMKJXK2EPU,19783,10.3,2024/4/16,9:11:05,38DCH97KI0MZQFKO6Z6X3S2YHYYQJ8,FALSE
13039802,Delphinium_nuttallianum,8838338,302616,https://crowdcurio-experiment-images.s3.amazonaws.com/Delphinium_nuttallianum/images/Delphinium_nuttallianum.13039802.jpg,0,6,9,FALSE,2,4,AN4QIEI575DZ0,21856,37.76,2024/4/16,9:12:03,38DCH97KI0MZQFKO6Z6X3S2YHYYQJ8,FALSE
507771,Delphinium_nuttallianum,8838306,301980,https://crowdcurio-experiment-images.s3.amazonaws.com/Delphinium_nuttallianum/images/Delphinium_nuttallianum.507771.jpg,0,4,0,FALSE,1,7,A1M2KMKJXK2EPU,19783,49.04,2024/4/16,9:11:57,38DCH97KI0MZQFKO6Z6X3S2YHYYQJ8,FALSE
507749,Delphinium_nuttallianum,8838390,301973,https://crowdcurio-experiment-images.s3.amazonaws.com/Delphinium_nuttallianum/images/Delphinium_nuttallianum.507749.jpg,0,12,0,TRUE,1,8,A1M2KMKJXK2EPU,19783,13.05,2024/4/16,9:12:11,38DCH97KI0MZQFKO6Z6X3S2YHYYQJ8,FALSE
507754,Delphinium_nuttallianum,8838464,301975,https://crowdcurio-experiment-images.s3.amazonaws.com/Delphinium_nuttallianum/images/Delphinium_nuttallianum.507754.jpg,0,2,0,FALSE,1,9,A1M2KMKJXK2EPU,19783,13.37,2024/4/16,9:12:28,38DCH97KI0MZQFKO6Z6X3S2YHYYQJ8,FALSE
507748,Delphinium_nuttallianum,8838532,301972,https://crowdcurio-experiment-images.s3.amazonaws.com/Delphinium_nuttallianum/images/Delphinium_nuttallianum.507748.jpg,0,5,0,FALSE,1,10,A1M2KMKJXK2EPU,19783,9.63,2024/4/16,9:12:40,38DCH97KI0MZQFKO6Z6X3S2YHYYQJ8,FALSE
13040257,Delphinium_nuttallianum,8839131,302621,https://crowdcurio-experiment-images.s3.amazonaws.com/Delphinium_nuttallianum/images/Delphinium_nuttallianum.13040257.jpg,0,13,17,FALSE,2,5,AN4QIEI575DZ0,21856,120.57,2024/4/16,9:14:20,38DCH97KI0MZQFKO6Z6X3S2YHYYQJ8,FALSE
13039581,Delphinium_nuttallianum,8838915,302613,https://crowdcurio-experiment-images.s3.amazonaws.com/Delphinium_nuttallianum/images/Delphinium_nuttallianum.13039581.jpg,0,7,3,FALSE,2,1,A1M2KMKJXK2EPU,19783,49.33,2024/4/16,9:13:44,38DCH97KI0MZQFKO6Z6X3S2YHYYQJ8,FALSE
13039631,Delphinium_nuttallianum,8839004,302614,https://crowdcurio-experiment-images.s3.amazonaws.com/Delphinium_nuttallianum/images/Delphinium_nuttallianum.13039631.jpg,0,2,3,FALSE,2,2,A1M2KMKJXK2EPU,19783,9.47,2024/4/16,9:13:57,38DCH97KI0MZQFKO6Z6X3S2YHYYQJ8,FALSE
13039311,Delphinium_nuttallianum,8839093,302612,https://crowdcurio-experiment-images.s3.amazonaws.com/Delphinium_nuttallianum/images/Delphinium_nuttallianum.13039311.jpg,0,5,1,FALSE,2,3,A1M2KMKJXK2EPU,19783,10.69,2024/4/16,9:14:11,38DCH97KI0MZQFKO6Z6X3S2YHYYQJ8,FALSE
13085465,Delphinium_nuttallianum,8839361,302624,https://crowdcurio-experiment-images.s3.amazonaws.com/Delphinium_nuttallianum/images/Delphinium_nuttallianum.13085465.jpg,0,16,1,TRUE,2,6,AN4QIEI575DZ0,21856,51.89,2024/4/16,9:15:14,38DCH97KI0MZQFKO6Z6X3S2YHYYQJ8,FALSE
13039835,Delphinium_nuttallianum,8839640,302617,https://crowdcurio-experiment-images.s3.amazonaws.com/Delphinium_nuttallianum/images/Delphinium_nuttallianum.13039835.jpg,0,8,2,FALSE,2,7,AN4QIEI575DZ0,21856,53.77,2024/4/16,9:16:14,38DCH97KI0MZQFKO6Z6X3S2YHYYQJ8,FALSE
13038650,Delphinium_nuttallianum,8839748,302602,https://crowdcurio-experiment-images.s3.amazonaws.com/Delphinium_nuttallianum/images/Delphinium_nuttallianum.13038650.jpg,0,5,3,FALSE,1,1,A7C7M5G894YHW,20634,25.71,2024/4/16,9:16:35,38DCH97KI0MZQFKO6Z6X3S2YHYYQJ8,FALSE
13288097,Delphinium_nuttallianum,8839906,302625,https://crowdcurio-experiment-images.s3.amazonaws.com/Delphinium_nuttallianum/images/Delphinium_nuttallianum.13288097.jpg,0,16,6,FALSE,2,8,AN4QIEI575DZ0,21856,52.19,2024/4/16,9:17:10,38DCH97KI0MZQFKO6Z6X3S2YHYYQJ8,FALSE
13038451,Delphinium_nuttallianum,8839851,302599,https://crowdcurio-experiment-images.s3.amazonaws.com/Delphinium_nuttallianum/images/Delphinium_nuttallianum.13038451.jpg,2,2,1,FALSE,1,2,A7C7M5G894YHW,20634,18.74,2024/4/16,9:16:57,38DCH97KI0MZQFKO6Z6X3S2YHYYQJ8,FALSE
13038308,Delphinium_nuttallianum,8839897,302598,https://crowdcurio-experiment-images.s3.amazonaws.com/Delphinium_nuttallianum/images/Delphinium_nuttallianum.13038308.jpg,0,1,2,FALSE,1,3,A7C7M5G894YHW,20634,7.92,2024/4/16,9:17:08,38DCH97KI0MZQFKO6Z6X3S2YHYYQJ8,FALSE
13038619,Delphinium_nuttallianum,8839961,302601,https://crowdcurio-experiment-images.s3.amazonaws.com/Delphinium_nuttallianum/images/Delphinium_nuttallianum.13038619.jpg,0,4,1,FALSE,1,4,A7C7M5G894YHW,20634,13.41,2024/4/16,9:17:25,38DCH97KI0MZQFKO6Z6X3S2YHYYQJ8,FALSE
13039631,Delphinium_nuttallianum,8839989,302614,https://crowdcurio-experiment-images.s3.amazonaws.com/Delphinium_nuttallianum/images/Delphinium_nuttallianum.13039631.jpg,0,2,4,TRUE,2,4,A1M2KMKJXK2EPU,19783,197.15,2024/4/16,9:17:29,38DCH97KI0MZQFKO6Z6X3S2YHYYQJ8,FALSE
13039996,Delphinium_nuttallianum,8840133,302620,https://crowdcurio-experiment-images.s3.amazonaws.com/Delphinium_nuttallianum/images/Delphinium_nuttallianum.13039996.jpg,0,6,6,FALSE,2,9,AN4QIEI575DZ0,21856,48.82,2024/4/16,9:18:07,38DCH97KI0MZQFKO6Z6X3S2YHYYQJ8,FALSE
13038953,Delphinium_nuttallianum,8840103,302607,https://crowdcurio-experiment-images.s3.amazonaws.com/Delphinium_nuttallianum/images/Delphinium_nuttallianum.13038953.jpg,0,10,3,FALSE,2,5,A1M2KMKJXK2EPU,19783,25.68,2024/4/16,9:17:58,38DCH97KI0MZQFKO6Z6X3S2YHYYQJ8,FALSE
13020212,Delphinium_nuttallianum,8840112,302585,https://crowdcurio-experiment-images.s3.amazonaws.com/Delphinium_nuttallianum/images/Delphinium_nuttallianum.13020212.jpg,0,5,1,FALSE,1,1,A34VXRZMEC15LN,21946,36.32,2024/4/16,9:18:01,38DCH97KI0MZQFKO6Z6X3S2YHYYQJ8,FALSE
13039137,Delphinium_nuttallianum,8840181,302610,https://crowdcurio-experiment-images.s3.amazonaws.com/Delphinium_nuttallianum/images/Delphinium_nuttallianum.13039137.jpg,0,4,5,FALSE,2,6,A1M2KMKJXK2EPU,19783,15.12,2024/4/16,9:18:17,38DCH97KI0MZQFKO6Z6X3S2YHYYQJ8,FALSE
13038565,Delphinium_nuttallianum,8840179,302600,https://crowdcurio-experiment-images.s3.amazonaws.com/Delphinium_nuttallianum/images/Delphinium_nuttallianum.13038565.jpg,1,2,1,FALSE,1,5,A7C7M5G894YHW,20634,48.55,2024/4/16,9:18:17,38DCH97KI0MZQFKO6Z6X3S2YHYYQJ8,FALSE
13038881,Delphinium_nuttallianum,8840237,302605,https://crowdcurio-experiment-images.s3.amazonaws.com/Delphinium_nuttallianum/images/Delphinium_nuttallianum.13038881.jpg,0,2,1,FALSE,1,6,A7C7M5G894YHW,20634,14.32,2024/4/16,9:18:34,38DCH97KI0MZQFKO6Z6X3S2YHYYQJ8,FALSE
13039291,Delphinium_nuttallianum,8840268,302611,https://crowdcurio-experiment-images.s3.amazonaws.com/Delphinium_nuttallianum/images/Delphinium_nuttallianum.13039291.jpg,0,3,7,FALSE,2,7,A1M2KMKJXK2EPU,19783,22.9,2024/4/16,9:18:43,38DCH97KI0MZQFKO6Z6X3S2YHYYQJ8,FALSE
13039883,Delphinium_nuttallianum,8840266,302618,https://crowdcurio-experiment-images.s3.amazonaws.com/Delphinium_nuttallianum/images/Delphinium_nuttallianum.13039883.jpg,1,3,0,FALSE,2,10,AN4QIEI575DZ0,21856,27.5,2024/4/16,9:18:43,38DCH97KI0MZQFKO6Z6X3S2YHYYQJ8,FALSE
13038619,Delphinium_nuttallianum,8840285,302601,https://crowdcurio-experiment-images.s3.amazonaws.com/Delphinium_nuttallianum/images/Delphinium_nuttallianum.13038619.jpg,1,3,1,TRUE,1,7,A7C7M5G894YHW,20634,14.6,2024/4/16,9:18:50,38DCH97KI0MZQFKO6Z6X3S2YHYYQJ8,FALSE
13039690,Delphinium_nuttallianum,8840340,302615,https://crowdcurio-experiment-images.s3.amazonaws.com/Delphinium_nuttallianum/images/Delphinium_nuttallianum.13039690.jpg,0,4,5,FALSE,2,8,A1M2KMKJXK2EPU,19783,16.3,2024/4/16,9:19:03,38DCH97KI0MZQFKO6Z6X3S2YHYYQJ8,FALSE
13038872,Delphinium_nuttallianum,8840349,302604,https://crowdcurio-experiment-images.s3.amazonaws.com/Delphinium_nuttallianum/images/Delphinium_nuttallianum.13038872.jpg,0,3,0,FALSE,1,8,A7C7M5G894YHW,20634,11.92,2024/4/16,9:19:05,38DCH97KI0MZQFKO6Z6X3S2YHYYQJ8,FALSE
13038992,Delphinium_nuttallianum,8840378,302608,https://crowdcurio-experiment-images.s3.amazonaws.com/Delphinium_nuttallianum/images/Delphinium_nuttallianum.13038992.jpg,0,4,0,FALSE,2,9,A1M2KMKJXK2EPU,19783,7.35,2024/4/16,9:19:13,38DCH97KI0MZQFKO6Z6X3S2YHYYQJ8,FALSE
13038919,Delphinium_nuttallianum,8840395,302606,https://crowdcurio-experiment-images.s3.amazonaws.com/Delphinium_nuttallianum/images/Delphinium_nuttallianum.13038919.jpg,0,5,1,FALSE,1,9,A7C7M5G894YHW,20634,9.63,2024/4/16,9:19:19,38DCH97KI0MZQFKO6Z6X3S2YHYYQJ8,FALSE
13039067,Delphinium_nuttallianum,8840432,302609,https://crowdcurio-experiment-images.s3.amazonaws.com/Delphinium_nuttallianum/images/Delphinium_nuttallianum.13039067.jpg,0,8,1,FALSE,2,10,A1M2KMKJXK2EPU,19783,11.33,2024/4/16,9:19:28,38DCH97KI0MZQFKO6Z6X3S2YHYYQJ8,FALSE
12969578,Delphinium_nuttallianum,8840644,302562,https://crowdcurio-experiment-images.s3.amazonaws.com/Delphinium_nuttallianum/images/Delphinium_nuttallianum.12969578.jpg,4,15,5,FALSE,3,1,AN4QIEI575DZ0,21856,67.22,2024/4/16,9:20:23,38DCH97KI0MZQFKO6Z6X3S2YHYYQJ8,FALSE
13038817,Delphinium_nuttallianum,8840439,302603,https://crowdcurio-experiment-images.s3.amazonaws.com/Delphinium_nuttallianum/images/Delphinium_nuttallianum.13038817.jpg,0,1,3,FALSE,1,10,A7C7M5G894YHW,20634,8.41,2024/4/16,9:19:30,38DCH97KI0MZQFKO6Z6X3S2YHYYQJ8,FALSE
13036773,Delphinium_nuttallianum,8840511,302589,https://crowdcurio-experiment-images.s3.amazonaws.com/Delphinium_nuttallianum/images/Delphinium_nuttallianum.13036773.jpg,0,3,0,FALSE,1,2,A34VXRZMEC15LN,21946,104.5,2024/4/16,9:19:49,38DCH97KI0MZQFKO6Z6X3S2YHYYQJ8,FALSE
6061233,Delphinium_nuttallianum,8840560,302528,https://crowdcurio-experiment-images.s3.amazonaws.com/Delphinium_nuttallianum/images/Delphinium_nuttallianum.6061233.jpg,0,14,0,FALSE,3,1,A1M2KMKJXK2EPU,19783,16.31,2024/4/16,9:19:58,38DCH97KI0MZQFKO6Z6X3S2YHYYQJ8,FALSE
4750556,Delphinium_nuttallianum,8840576,302502,https://crowdcurio-experiment-images.s3.amazonaws.com/Delphinium_nuttallianum/images/Delphinium_nuttallianum.4750556.jpg,1,2,1,FALSE,2,1,A7C7M5G894YHW,20634,21.66,2024/4/16,9:20:04,38DCH97KI0MZQFKO6Z6X3S2YHYYQJ8,FALSE
4847942,Delphinium_nuttallianum,8840604,302510,https://crowdcurio-experiment-images.s3.amazonaws.com/Delphinium_nuttallianum/images/Delphinium_nuttallianum.4847942.jpg,0,5,1,FALSE,3,2,A1M2KMKJXK2EPU,19783,11.46,2024/4/16,9:20:12,38DCH97KI0MZQFKO6Z6X3S2YHYYQJ8,FALSE
13036856,Delphinium_nuttallianum,8840616,302592,https://crowdcurio-experiment-images.s3.amazonaws.com/Delphinium_nuttallianum/images/Delphinium_nuttallianum.13036856.jpg,0,1,1,FALSE,1,3,A34VXRZMEC15LN,21946,24.95,2024/4/16,9:20:17,38DCH97KI0MZQFKO6Z6X3S2YHYYQJ8,FALSE
5500117,Delphinium_nuttallianum,8840667,302513,https://crowdcurio-experiment-images.s3.amazonaws.com/Delphinium_nuttallianum/images/Delphinium_nuttallianum.5500117.jpg,0,10,4,FALSE,3,3,A1M2KMKJXK2EPU,19783,13.72,2024/4/16,9:20:30,38DCH97KI0MZQFKO6Z6X3S2YHYYQJ8,FALSE
4821931,Delphinium_nuttallianum,8840665,302508,https://crowdcurio-experiment-images.s3.amazonaws.com/Delphinium_nuttallianum/images/Delphinium_nuttallianum.4821931.jpg,1,3,1,FALSE,2,2,A7C7M5G894YHW,20634,21.46,2024/4/16,9:20:29,38DCH97KI0MZQFKO6Z6X3S2YHYYQJ8,FALSE
12970199,Delphinium_nuttallianum,8840801,302564,https://crowdcurio-experiment-images.s3.amazonaws.com/Delphinium_nuttallianum/images/Delphinium_nuttallianum.12970199.jpg,0,9,6,FALSE,3,2,AN4QIEI575DZ0,21856,33.04,2024/4/16,9:21:03,38DCH97KI0MZQFKO6Z6X3S2YHYYQJ8,FALSE
13022820,Delphinium_nuttallianum,8840710,302587,https://crowdcurio-experiment-images.s3.amazonaws.com/Delphinium_nuttallianum/images/Delphinium_nuttallianum.13022820.jpg,0,3,1,FALSE,1,4,A34VXRZMEC15LN,21946,20.94,2024/4/16,9:20:41,38DCH97KI0MZQFKO6Z6X3S2YHYYQJ8,FALSE
4852146,Delphinium_nuttallianum,8840753,302512,https://crowdcurio-experiment-images.s3.amazonaws.com/Delphinium_nuttallianum/images/Delphinium_nuttallianum.4852146.jpg,0,6,0,FALSE,3,4,A1M2KMKJXK2EPU,19783,18.35,2024/4/16,9:20:51,38DCH97KI0MZQFKO6Z6X3S2YHYYQJ8,FALSE
4750283,Delphinium_nuttallianum,8840779,302500,https://crowdcurio-experiment-images.s3.amazonaws.com/Delphinium_nuttallianum/images/Delphinium_nuttallianum.4750283.jpg,0,3,3,FALSE,2,3,A7C7M5G894YHW,20634,25.71,2024/4/16,9:20:58,38DCH97KI0MZQFKO6Z6X3S2YHYYQJ8,FALSE
6056311,Delphinium_nuttallianum,8840800,302525,https://crowdcurio-experiment-images.s3.amazonaws.com/Delphinium_nuttallianum/images/Delphinium_nuttallianum.6056311.jpg,8,0,0,FALSE,3,5,A1M2KMKJXK2EPU,19783,7.76,2024/4/16,9:21:02,38DCH97KI0MZQFKO6Z6X3S2YHYYQJ8,FALSE
13037663,Delphinium_nuttallianum,8840845,302597,https://crowdcurio-experiment-images.s3.amazonaws.com/Delphinium_nuttallianum/images/Delphinium_nuttallianum.13037663.jpg,0,2,1,FALSE,1,5,A34VXRZMEC15LN,21946,27.18,2024/4/16,9:21:12,38DCH97KI0MZQFKO6Z6X3S2YHYYQJ8,FALSE
4852146,Delphinium_nuttallianum,8840854,302512,https://crowdcurio-experiment-images.s3.amazonaws.com/Delphinium_nuttallianum/images/Delphinium_nuttallianum.4852146.jpg,0,8,0,TRUE,3,6,A1M2KMKJXK2EPU,19783,10.44,2024/4/16,9:21:14,38DCH97KI0MZQFKO6Z6X3S2YHYYQJ8,FALSE
4818030,Delphinium_nuttallianum,8840903,302507,https://crowdcurio-experiment-images.s3.amazonaws.com/Delphinium_nuttallianum/images/Delphinium_nuttallianum.4818030.jpg,0,3,1,FALSE,2,4,A7C7M5G894YHW,20634,24.8,2024/4/16,9:21:26,38DCH97KI0MZQFKO6Z6X3S2YHYYQJ8,FALSE
6055701,Delphinium_nuttallianum,8841574,302524,https://crowdcurio-experiment-images.s3.amazonaws.com/Delphinium_nuttallianum/images/Delphinium_nuttallianum.6055701.jpg,0,5,0,FALSE,3,7,A1M2KMKJXK2EPU,19783,181.18,2024/4/16,9:24:18,38DCH97KI0MZQFKO6Z6X3S2YHYYQJ8,FALSE
13018085,Delphinium_nuttallianum,8840940,302584,https://crowdcurio-experiment-images.s3.amazonaws.com/Delphinium_nuttallianum/images/Delphinium_nuttallianum.13018085.jpg,0,3,0,FALSE,1,6,A34VXRZMEC15LN,21946,25.14,2024/4/16,9:21:40,38DCH97KI0MZQFKO6Z6X3S2YHYYQJ8,FALSE
12980277,Delphinium_nuttallianum,8841058,302567,https://crowdcurio-experiment-images.s3.amazonaws.com/Delphinium_nuttallianum/images/Delphinium_nuttallianum.12980277.jpg,0,23,2,FALSE,3,3,AN4QIEI575DZ0,21856,65.5,2024/4/16,9:22:16,38DCH97KI0MZQFKO6Z6X3S2YHYYQJ8,FALSE
4750675,Delphinium_nuttallianum,8840986,302503,https://crowdcurio-experiment-images.s3.amazonaws.com/Delphinium_nuttallianum/images/Delphinium_nuttallianum.4750675.jpg,0,1,1,FALSE,2,5,A7C7M5G894YHW,20634,25.85,2024/4/16,9:21:56,38DCH97KI0MZQFKO6Z6X3S2YHYYQJ8,FALSE
13036799,Delphinium_nuttallianum,8841041,302591,https://crowdcurio-experiment-images.s3.amazonaws.com/Delphinium_nuttallianum/images/Delphinium_nuttallianum.13036799.jpg,0,4,1,FALSE,1,7,A34VXRZMEC15LN,21946,24.35,2024/4/16,9:22:08,38DCH97KI0MZQFKO6Z6X3S2YHYYQJ8,FALSE
4821931,Delphinium_nuttallianum,8841075,302508,https://crowdcurio-experiment-images.s3.amazonaws.com/Delphinium_nuttallianum/images/Delphinium_nuttallianum.4821931.jpg,1,2,2,TRUE,2,6,A7C7M5G894YHW,20634,22.24,2024/4/16,9:22:19,38DCH97KI0MZQFKO6Z6X3S2YHYYQJ8,FALSE
13036792,Delphinium_nuttallianum,8841167,302590,https://crowdcurio-experiment-images.s3.amazonaws.com/Delphinium_nuttallianum/images/Delphinium_nuttallianum.13036792.jpg,1,1,2,FALSE,1,8,A34VXRZMEC15LN,21946,33.35,2024/4/16,9:22:45,38DCH97KI0MZQFKO6Z6X3S2YHYYQJ8,FALSE
13020588,Delphinium_nuttallianum,8841242,302586,https://crowdcurio-experiment-images.s3.amazonaws.com/Delphinium_nuttallianum/images/Delphinium_nuttallianum.13020588.jpg,0,4,3,FALSE,1,9,A34VXRZMEC15LN,21946,13.97,2024/4/16,9:23:03,38DCH97KI0MZQFKO6Z6X3S2YHYYQJ8,FALSE
4818028,Delphinium_nuttallianum,8841336,302505,https://crowdcurio-experiment-images.s3.amazonaws.com/Delphinium_nuttallianum/images/Delphinium_nuttallianum.4818028.jpg,0,3,5,FALSE,2,7,A7C7M5G894YHW,20634,59.51,2024/4/16,9:23:22,38DCH97KI0MZQFKO6Z6X3S2YHYYQJ8,FALSE
13020212,Delphinium_nuttallianum,8841390,302585,https://crowdcurio-experiment-images.s3.amazonaws.com/Delphinium_nuttallianum/images/Delphinium_nuttallianum.13020212.jpg,0,4,1,TRUE,1,10,A34VXRZMEC15LN,21946,33.11,2024/4/16,9:23:37,38DCH97KI0MZQFKO6Z6X3S2YHYYQJ8,FALSE
4782138,Delphinium_nuttallianum,8841568,302504,https://crowdcurio-experiment-images.s3.amazonaws.com/Delphinium_nuttallianum/images/Delphinium_nuttallianum.4782138.jpg,1,3,1,FALSE,2,8,A7C7M5G894YHW,20634,52.68,2024/4/16,9:24:18,38DCH97KI0MZQFKO6Z6X3S2YHYYQJ8,FALSE
4745985,Delphinium_nuttallianum,8841747,302488,https://crowdcurio-experiment-images.s3.amazonaws.com/Delphinium_nuttallianum/images/Delphinium_nuttallianum.4745985.jpg,0,4,2,FALSE,2,1,A34VXRZMEC15LN,21946,53.31,2024/4/16,9:24:49,38DCH97KI0MZQFKO6Z6X3S2YHYYQJ8,FALSE
4750492,Delphinium_nuttallianum,8841709,302501,https://crowdcurio-experiment-images.s3.amazonaws.com/Delphinium_nuttallianum/images/Delphinium_nuttallianum.4750492.jpg,0,2,3,FALSE,2,9,A7C7M5G894YHW,20634,19.03,2024/4/16,9:24:40,38DCH97KI0MZQFKO6Z6X3S2YHYYQJ8,FALSE
6062431,Delphinium_nuttallianum,8841873,302529,https://crowdcurio-experiment-images.s3.amazonaws.com/Delphinium_nuttallianum/images/Delphinium_nuttallianum.6062431.jpg,0,9,0,FALSE,1,1,AVAVQBVHHK5YA,21970,86.9,2024/4/16,9:25:15,38DCH97KI0MZQFKO6Z6X3S2YHYYQJ8,FALSE
4818029,Delphinium_nuttallianum,8841827,302506,https://crowdcurio-experiment-images.s3.amazonaws.com/Delphinium_nuttallianum/images/Delphinium_nuttallianum.4818029.jpg,2,3,0,FALSE,2,10,A7C7M5G894YHW,20634,24.97,2024/4/16,9:25:09,38DCH97KI0MZQFKO6Z6X3S2YHYYQJ8,FALSE
6057516,Delphinium_nuttallianum,8841861,302526,https://crowdcurio-experiment-images.s3.amazonaws.com/Delphinium_nuttallianum/images/Delphinium_nuttallianum.6057516.jpg,0,3,0,FALSE,3,8,A1M2KMKJXK2EPU,19783,51.86,2024/4/16,9:25:13,38DCH97KI0MZQFKO6Z6X3S2YHYYQJ8,FALSE
4750254,Delphinium_nuttallianum,8841914,302499,https://crowdcurio-experiment-images.s3.amazonaws.com/Delphinium_nuttallianum/images/Delphinium_nuttallianum.4750254.jpg,0,4,2,FALSE,2,2,A34VXRZMEC15LN,21946,29.4,2024/4/16,9:25:22,38DCH97KI0MZQFKO6Z6X3S2YHYYQJ8,FALSE
6063642,Delphinium_nuttallianum,8842018,302530,https://crowdcurio-experiment-images.s3.amazonaws.com/Delphinium_nuttallianum/images/Delphinium_nuttallianum.6063642.jpg,0,2,1,FALSE,1,2,AVAVQBVHHK5YA,21970,24.13,2024/4/16,9:25:40,38DCH97KI0MZQFKO6Z6X3S2YHYYQJ8,FALSE
4702008,Delphinium_nuttallianum,8842046,302449,https://crowdcurio-experiment-images.s3.amazonaws.com/Delphinium_nuttallianum/images/Delphinium_nuttallianum.4702008.jpg,2,3,0,FALSE,3,1,A7C7M5G894YHW,20634,23.38,2024/4/16,9:25:46,38DCH97KI0MZQFKO6Z6X3S2YHYYQJ8,FALSE
5500155,Delphinium_nuttallianum,8842027,302514,https://crowdcurio-experiment-images.s3.amazonaws.com/Delphinium_nuttallianum/images/Delphinium_nuttallianum.5500155.jpg,6,4,0,FALSE,3,9,A1M2KMKJXK2EPU,19783,24.7,2024/4/16,9:25:42,38DCH97KI0MZQFKO6Z6X3S2YHYYQJ8,FALSE
6058132,Delphinium_nuttallianum,8842070,302527,https://crowdcurio-experiment-images.s3.amazonaws.com/Delphinium_nuttallianum/images/Delphinium_nuttallianum.6058132.jpg,0,3,0,FALSE,3,10,A1M2KMKJXK2EPU,19783,5.24,2024/4/16,9:25:50,38DCH97KI0MZQFKO6Z6X3S2YHYYQJ8,FALSE
11278043,Delphinium_nuttallianum,8842184,302553,https://crowdcurio-experiment-images.s3.amazonaws.com/Delphinium_nuttallianum/images/Delphinium_nuttallianum.11278043.jpg,0,12,1,FALSE,1,3,AVAVQBVHHK5YA,21970,31.38,2024/4/16,9:26:13,38DCH97KI0MZQFKO6Z6X3S2YHYYQJ8,FALSE
4702348,Delphinium_nuttallianum,8842144,302454,https://crowdcurio-experiment-images.s3.amazonaws.com/Delphinium_nuttallianum/images/Delphinium_nuttallianum.4702348.jpg,0,3,2,FALSE,3,2,A7C7M5G894YHW,20634,16.25,2024/4/16,9:26:05,38DCH97KI0MZQFKO6Z6X3S2YHYYQJ8,FALSE
4707118,Delphinium_nuttallianum,8842233,302458,https://crowdcurio-experiment-images.s3.amazonaws.com/Delphinium_nuttallianum/images/Delphinium_nuttallianum.4707118.jpg,0,3,5,FALSE,3,3,A7C7M5G894YHW,20634,12.5,2024/4/16,9:26:21,38DCH97KI0MZQFKO6Z6X3S2YHYYQJ8,FALSE
4701712,Delphinium_nuttallianum,8842198,302448,https://crowdcurio-experiment-images.s3.amazonaws.com/Delphinium_nuttallianum/images/Delphinium_nuttallianum.4701712.jpg,0,2,0,FALSE,4,1,A1M2KMKJXK2EPU,19783,11.05,2024/4/16,9:26:16,38DCH97KI0MZQFKO6Z6X3S2YHYYQJ8,FALSE
12962917,Delphinium_nuttallianum,8842298,302557,https://crowdcurio-experiment-images.s3.amazonaws.com/Delphinium_nuttallianum/images/Delphinium_nuttallianum.12962917.jpg,0,2,0,FALSE,1,4,AVAVQBVHHK5YA,21970,17.06,2024/4/16,9:26:31,38DCH97KI0MZQFKO6Z6X3S2YHYYQJ8,FALSE
4700877,Delphinium_nuttallianum,8842262,302444,https://crowdcurio-experiment-images.s3.amazonaws.com/Delphinium_nuttallianum/images/Delphinium_nuttallianum.4700877.jpg,0,1,0,FALSE,4,2,A1M2KMKJXK2EPU,19783,7.72,2024/4/16,9:26:27,38DCH97KI0MZQFKO6Z6X3S2YHYYQJ8,FALSE
4702078,Delphinium_nuttallianum,8842340,302452,https://crowdcurio-experiment-images.s3.amazonaws.com/Delphinium_nuttallianum/images/Delphinium_nuttallianum.4702078.jpg,3,3,0,FALSE,3,4,A7C7M5G894YHW,20634,14.45,2024/4/16,9:26:39,38DCH97KI0MZQFKO6Z6X3S2YHYYQJ8,FALSE
12959199,Delphinium_nuttallianum,8842425,302555,https://crowdcurio-experiment-images.s3.amazonaws.com/Delphinium_nuttallianum/images/Delphinium_nuttallianum.12959199.jpg,0,6,0,FALSE,1,5,AVAVQBVHHK5YA,21970,17.6,2024/4/16,9:26:50,38DCH97KI0MZQFKO6Z6X3S2YHYYQJ8,FALSE
4702074,Delphinium_nuttallianum,8842427,302451,https://crowdcurio-experiment-images.s3.amazonaws.com/Delphinium_nuttallianum/images/Delphinium_nuttallianum.4702074.jpg,0,3,0,FALSE,3,5,A7C7M5G894YHW,20634,8.57,2024/4/16,9:26:51,38DCH97KI0MZQFKO6Z6X3S2YHYYQJ8,FALSE
4700272,Delphinium_nuttallianum,8842440,302441,https://crowdcurio-experiment-images.s3.amazonaws.com/Delphinium_nuttallianum/images/Delphinium_nuttallianum.4700272.jpg,0,5,2,FALSE,4,3,A1M2KMKJXK2EPU,19783,23.18,2024/4/16,9:26:54,38DCH97KI0MZQFKO6Z6X3S2YHYYQJ8,FALSE
4702348,Delphinium_nuttallianum,8842508,302454,https://crowdcurio-experiment-images.s3.amazonaws.com/Delphinium_nuttallianum/images/Delphinium_nuttallianum.4702348.jpg,0,2,2,TRUE,3,6,A7C7M5G894YHW,20634,10.51,2024/4/16,9:27:02,38DCH97KI0MZQFKO6Z6X3S2YHYYQJ8,FALSE
6063869,Delphinium_nuttallianum,8842635,302531,https://crowdcurio-experiment-images.s3.amazonaws.com/Delphinium_nuttallianum/images/Delphinium_nuttallianum.6063869.jpg,6,13,0,FALSE,1,6,AVAVQBVHHK5YA,21970,33.62,2024/4/16,9:27:25,38DCH97KI0MZQFKO6Z6X3S2YHYYQJ8,FALSE
4706221,Delphinium_nuttallianum,8842626,302457,https://crowdcurio-experiment-images.s3.amazonaws.com/Delphinium_nuttallianum/images/Delphinium_nuttallianum.4706221.jpg,4,1,0,FALSE,3,7,A7C7M5G894YHW,20634,17.44,2024/4/16,9:27:23,38DCH97KI0MZQFKO6Z6X3S2YHYYQJ8,FALSE
4700432,Delphinium_nuttallianum,8842605,302442,https://crowdcurio-experiment-images.s3.amazonaws.com/Delphinium_nuttallianum/images/Delphinium_nuttallianum.4700432.jpg,0,8,0,FALSE,4,4,A1M2KMKJXK2EPU,19783,22.79,2024/4/16,9:27:19,38DCH97KI0MZQFKO6Z6X3S2YHYYQJ8,FALSE
4702616,Delphinium_nuttallianum,8842750,302456,https://crowdcurio-experiment-images.s3.amazonaws.com/Delphinium_nuttallianum/images/Delphinium_nuttallianum.4702616.jpg,1,6,0,FALSE,3,8,A7C7M5G894YHW,20634,13.66,2024/4/16,9:27:41,38DCH97KI0MZQFKO6Z6X3S2YHYYQJ8,FALSE
12959199,Delphinium_nuttallianum,8842761,302555,https://crowdcurio-experiment-images.s3.amazonaws.com/Delphinium_nuttallianum/images/Delphinium_nuttallianum.12959199.jpg,0,6,0,TRUE,1,7,AVAVQBVHHK5YA,21970,16.85,2024/4/16,9:27:43,38DCH97KI0MZQFKO6Z6X3S2YHYYQJ8,FALSE
4700272,Delphinium_nuttallianum,8842751,302441,https://crowdcurio-experiment-images.s3.amazonaws.com/Delphinium_nuttallianum/images/Delphinium_nuttallianum.4700272.jpg,0,6,2,TRUE,4,5,A1M2KMKJXK2EPU,19783,19.75,2024/4/16,9:27:41,38DCH97KI0MZQFKO6Z6X3S2YHYYQJ8,FALSE
4702429,Delphinium_nuttallianum,8842872,302455,https://crowdcurio-experiment-images.s3.amazonaws.com/Delphinium_nuttallianum/images/Delphinium_nuttallianum.4702429.jpg,0,1,3,FALSE,3,9,A7C7M5G894YHW,20634,15.18,2024/4/16,9:27:59,38DCH97KI0MZQFKO6Z6X3S2YHYYQJ8,FALSE
12963764,Delphinium_nuttallianum,8842893,302558,https://crowdcurio-experiment-images.s3.amazonaws.com/Delphinium_nuttallianum/images/Delphinium_nuttallianum.12963764.jpg,0,9,0,FALSE,1,8,AVAVQBVHHK5YA,21970,18.17,2024/4/16,9:28:02,38DCH97KI0MZQFKO6Z6X3S2YHYYQJ8,FALSE
4701181,Delphinium_nuttallianum,8842895,302446,https://crowdcurio-experiment-images.s3.amazonaws.com/Delphinium_nuttallianum/images/Delphinium_nuttallianum.4701181.jpg,0,5,2,FALSE,4,6,A1M2KMKJXK2EPU,19783,18.14,2024/4/16,9:28:02,38DCH97KI0MZQFKO6Z6X3S2YHYYQJ8,FALSE
4745955,Delphinium_nuttallianum,8842957,302486,https://crowdcurio-experiment-images.s3.amazonaws.com/Delphinium_nuttallianum/images/Delphinium_nuttallianum.4745955.jpg,0,3,2,FALSE,3,10,A7C7M5G894YHW,20634,8.28,2024/4/16,9:28:10,38DCH97KI0MZQFKO6Z6X3S2YHYYQJ8,FALSE
12962871,Delphinium_nuttallianum,8843124,302556,https://crowdcurio-experiment-images.s3.amazonaws.com/Delphinium_nuttallianum/images/Delphinium_nuttallianum.12962871.jpg,1,9,1,FALSE,1,9,AVAVQBVHHK5YA,21970,31.89,2024/4/16,9:28:35,38DCH97KI0MZQFKO6Z6X3S2YHYYQJ8,FALSE
4701117,Delphinium_nuttallianum,8842964,302445,https://crowdcurio-experiment-images.s3.amazonaws.com/Delphinium_nuttallianum/images/Delphinium_nuttallianum.4701117.jpg,0,4,0,FALSE,4,7,A1M2KMKJXK2EPU,19783,5.75,2024/4/16,9:28:11,38DCH97KI0MZQFKO6Z6X3S2YHYYQJ8,FALSE
13017443,Delphinium_nuttallianum,8843200,302579,https://crowdcurio-experiment-images.s3.amazonaws.com/Delphinium_nuttallianum/images/Delphinium_nuttallianum.13017443.jpg,0,9,2,FALSE,1,1,AL3YCXOZSDWBT,21943,65.18,2024/4/16,9:28:48,38DCH97KI0MZQFKO6Z6X3S2YHYYQJ8,FALSE
4745956,Delphinium_nuttallianum,8843109,302487,https://crowdcurio-experiment-images.s3.amazonaws.com/Delphinium_nuttallianum/images/Delphinium_nuttallianum.4745956.jpg,0,3,3,FALSE,2,3,A34VXRZMEC15LN,21946,187.69,2024/4/16,9:28:33,38DCH97KI0MZQFKO6Z6X3S2YHYYQJ8,FALSE
4701213,Delphinium_nuttallianum,8843144,302447,https://crowdcurio-experiment-images.s3.amazonaws.com/Delphinium_nuttallianum/images/Delphinium_nuttallianum.4701213.jpg,0,0,8,FALSE,4,8,A1M2KMKJXK2EPU,19783,24.05,2024/4/16,9:28:38,38DCH97KI0MZQFKO6Z6X3S2YHYYQJ8,FALSE
1685897,Delphinium_nuttallianum,8843179,302254,https://crowdcurio-experiment-images.s3.amazonaws.com/Delphinium_nuttallianum/images/Delphinium_nuttallianum.1685897.jpg,1,2,0,FALSE,4,1,A7C7M5G894YHW,20634,19.86,2024/4/16,9:28:44,38DCH97KI0MZQFKO6Z6X3S2YHYYQJ8,FALSE
4700469,Delphinium_nuttallianum,8843212,302443,https://crowdcurio-experiment-images.s3.amazonaws.com/Delphinium_nuttallianum/images/Delphinium_nuttallianum.4700469.jpg,0,2,1,FALSE,4,9,A1M2KMKJXK2EPU,19783,8.93,2024/4/16,9:28:51,38DCH97KI0MZQFKO6Z6X3S2YHYYQJ8,FALSE
6070172,Delphinium_nuttallianum,8843215,302532,https://crowdcurio-experiment-images.s3.amazonaws.com/Delphinium_nuttallianum/images/Delphinium_nuttallianum.6070172.jpg,0,2,0,FALSE,1,10,AVAVQBVHHK5YA,21970,14.53,2024/4/16,9:28:51,38DCH97KI0MZQFKO6Z6X3S2YHYYQJ8,FALSE
1700068,Delphinium_nuttallianum,8843251,302257,https://crowdcurio-experiment-images.s3.amazonaws.com/Delphinium_nuttallianum/images/Delphinium_nuttallianum.1700068.jpg,0,2,4,FALSE,4,2,A7C7M5G894YHW,20634,11.53,2024/4/16,9:28:59,38DCH97KI0MZQFKO6Z6X3S2YHYYQJ8,FALSE
13017415,Delphinium_nuttallianum,8843436,302578,https://crowdcurio-experiment-images.s3.amazonaws.com/Delphinium_nuttallianum/images/Delphinium_nuttallianum.13017415.jpg,0,2,2,FALSE,1,2,AL3YCXOZSDWBT,21943,62.65,2024/4/16,9:29:52,38DCH97KI0MZQFKO6Z6X3S2YHYYQJ8,FALSE
4699018,Delphinium_nuttallianum,8843278,302440,https://crowdcurio-experiment-images.s3.amazonaws.com/Delphinium_nuttallianum/images/Delphinium_nuttallianum.4699018.jpg,0,5,0,FALSE,4,10,A1M2KMKJXK2EPU,19783,10.98,2024/4/16,9:29:05,38DCH97KI0MZQFKO6Z6X3S2YHYYQJ8,FALSE
1681827,Delphinium_nuttallianum,8843321,302251,https://crowdcurio-experiment-images.s3.amazonaws.com/Delphinium_nuttallianum/images/Delphinium_nuttallianum.1681827.jpg,2,2,2,FALSE,4,3,A7C7M5G894YHW,20634,14.23,2024/4/16,9:29:17,38DCH97KI0MZQFKO6Z6X3S2YHYYQJ8,FALSE
20864525,Delphinium_nuttallianum,8843449,302800,https://crowdcurio-experiment-images.s3.amazonaws.com/Delphinium_nuttallianum/images/Delphinium_nuttallianum.20864525.jpg,0,4,0,FALSE,5,1,A1M2KMKJXK2EPU,19783,36.09,2024/4/16,9:29:55,38DCH97KI0MZQFKO6Z6X3S2YHYYQJ8,FALSE
1686436,Delphinium_nuttallianum,8843409,302256,https://crowdcurio-experiment-images.s3.amazonaws.com/Delphinium_nuttallianum/images/Delphinium_nuttallianum.1686436.jpg,1,3,0,FALSE,4,4,A7C7M5G894YHW,20634,20.65,2024/4/16,9:29:41,38DCH97KI0MZQFKO6Z6X3S2YHYYQJ8,FALSE
20864599,Delphinium_nuttallianum,8843427,302804,https://crowdcurio-experiment-images.s3.amazonaws.com/Delphinium_nuttallianum/images/Delphinium_nuttallianum.20864599.jpg,1,5,0,FALSE,2,1,AVAVQBVHHK5YA,21970,34.63,2024/4/16,9:29:49,38DCH97KI0MZQFKO6Z6X3S2YHYYQJ8,FALSE
4698584,Delphinium_nuttallianum,8843498,302439,https://crowdcurio-experiment-images.s3.amazonaws.com/Delphinium_nuttallianum/images/Delphinium_nuttallianum.4698584.jpg,0,5,2,FALSE,4,5,A7C7M5G894YHW,20634,19.01,2024/4/16,9:30:03,38DCH97KI0MZQFKO6Z6X3S2YHYYQJ8,FALSE
13006404,Delphinium_nuttallianum,8843518,302569,https://crowdcurio-experiment-images.s3.amazonaws.com/Delphinium_nuttallianum/images/Delphinium_nuttallianum.13006404.jpg,0,4,0,FALSE,1,3,AL3YCXOZSDWBT,21943,14.44,2024/4/16,9:30:07,38DCH97KI0MZQFKO6Z6X3S2YHYYQJ8,FALSE
20991145,Delphinium_nuttallianum,8843685,302806,https://crowdcurio-experiment-images.s3.amazonaws.com/Delphinium_nuttallianum/images/Delphinium_nuttallianum.20991145.jpg,1,11,5,FALSE,2,2,AVAVQBVHHK5YA,21970,43.83,2024/4/16,9:30:34,38DCH97KI0MZQFKO6Z6X3S2YHYYQJ8,FALSE
20607240,Delphinium_nuttallianum,8843508,302799,https://crowdcurio-experiment-images.s3.amazonaws.com/Delphinium_nuttallianum/images/Delphinium_nuttallianum.20607240.jpg,0,8,0,FALSE,5,2,A1M2KMKJXK2EPU,19783,6.98,2024/4/16,9:30:05,38DCH97KI0MZQFKO6Z6X3S2YHYYQJ8,FALSE
20008352,Delphinium_nuttallianum,8843570,302793,https://crowdcurio-experiment-images.s3.amazonaws.com/Delphinium_nuttallianum/images/Delphinium_nuttallianum.20008352.jpg,0,12,0,FALSE,5,3,A1M2KMKJXK2EPU,19783,6.09,2024/4/16,9:30:15,38DCH97KI0MZQFKO6Z6X3S2YHYYQJ8,FALSE
1685897,Delphinium_nuttallianum,8843576,302254,https://crowdcurio-experiment-images.s3.amazonaws.com/Delphinium_nuttallianum/images/Delphinium_nuttallianum.1685897.jpg,1,2,0,TRUE,4,6,A7C7M5G894YHW,20634,11.9,2024/4/16,9:30:16,38DCH97KI0MZQFKO6Z6X3S2YHYYQJ8,FALSE
13017443,Delphinium_nuttallianum,8843692,302579,https://crowdcurio-experiment-images.s3.amazonaws.com/Delphinium_nuttallianum/images/Delphinium_nuttallianum.13017443.jpg,0,9,2,TRUE,1,4,AL3YCXOZSDWBT,21943,27.66,2024/4/16,9:30:36,38DCH97KI0MZQFKO6Z6X3S2YHYYQJ8,FALSE
1700109,Delphinium_nuttallianum,8843674,302258,https://crowdcurio-experiment-images.s3.amazonaws.com/Delphinium_nuttallianum/images/Delphinium_nuttallianum.1700109.jpg,2,4,0,FALSE,4,7,A7C7M5G894YHW,20634,12.41,2024/4/16,9:30:32,38DCH97KI0MZQFKO6Z6X3S2YHYYQJ8,FALSE
20864533,Delphinium_nuttallianum,8843671,302801,https://crowdcurio-experiment-images.s3.amazonaws.com/Delphinium_nuttallianum/images/Delphinium_nuttallianum.20864533.jpg,2,6,0,FALSE,5,4,A1M2KMKJXK2EPU,19783,12.59,2024/4/16,9:30:32,38DCH97KI0MZQFKO6Z6X3S2YHYYQJ8,FALSE
1686201,Delphinium_nuttallianum,8843754,302255,https://crowdcurio-experiment-images.s3.amazonaws.com/Delphinium_nuttallianum/images/Delphinium_nuttallianum.1686201.jpg,0,4,0,FALSE,4,8,A7C7M5G894YHW,20634,12.12,2024/4/16,9:30:48,38DCH97KI0MZQFKO6Z6X3S2YHYYQJ8,FALSE
22045070,Delphinium_nuttallianum,8843781,302829,https://crowdcurio-experiment-images.s3.amazonaws.com/Delphinium_nuttallianum/images/Delphinium_nuttallianum.22045070.jpg,3,5,0,FALSE,2,3,AVAVQBVHHK5YA,21970,20.01,2024/4/16,9:30:56,38DCH97KI0MZQFKO6Z6X3S2YHYYQJ8,FALSE
13017181,Delphinium_nuttallianum,8843851,302576,https://crowdcurio-experiment-images.s3.amazonaws.com/Delphinium_nuttallianum/images/Delphinium_nuttallianum.13017181.jpg,0,11,0,FALSE,1,5,AL3YCXOZSDWBT,21943,34.12,2024/4/16,9:31:11,38DCH97KI0MZQFKO6Z6X3S2YHYYQJ8,FALSE
20606170,Delphinium_nuttallianum,8843753,302798,https://crowdcurio-experiment-images.s3.amazonaws.com/Delphinium_nuttallianum/images/Delphinium_nuttallianum.20606170.jpg,0,7,0,FALSE,5,5,A1M2KMKJXK2EPU,19783,13.19,2024/4/16,9:30:48,38DCH97KI0MZQFKO6Z6X3S2YHYYQJ8,FALSE
20316651,Delphinium_nuttallianum,8843803,302794,https://crowdcurio-experiment-images.s3.amazonaws.com/Delphinium_nuttallianum/images/Delphinium_nuttallianum.20316651.jpg,3,6,0,FALSE,5,6,A1M2KMKJXK2EPU,19783,8.88,2024/4/16,9:31:01,38DCH97KI0MZQFKO6Z6X3S2YHYYQJ8,FALSE
1682194,Delphinium_nuttallianum,8843810,302253,https://crowdcurio-experiment-images.s3.amazonaws.com/Delphinium_nuttallianum/images/Delphinium_nuttallianum.1682194.jpg,1,2,0,FALSE,4,9,A7C7M5G894YHW,20634,10.9,2024/4/16,9:31:02,38DCH97KI0MZQFKO6Z6X3S2YHYYQJ8,FALSE
20864546,Delphinium_nuttallianum,8843900,302802,https://crowdcurio-experiment-images.s3.amazonaws.com/Delphinium_nuttallianum/images/Delphinium_nuttallianum.20864546.jpg,0,7,3,FALSE,2,4,AVAVQBVHHK5YA,21970,27.07,2024/4/16,9:31:24,38DCH97KI0MZQFKO6Z6X3S2YHYYQJ8,FALSE
1681898,Delphinium_nuttallianum,8843881,302252,https://crowdcurio-experiment-images.s3.amazonaws.com/Delphinium_nuttallianum/images/Delphinium_nuttallianum.1681898.jpg,0,4,1,FALSE,4,10,A7C7M5G894YHW,20634,12.77,2024/4/16,9:31:19,38DCH97KI0MZQFKO6Z6X3S2YHYYQJ8,FALSE
20327894,Delphinium_nuttallianum,8843878,302795,https://crowdcurio-experiment-images.s3.amazonaws.com/Delphinium_nuttallianum/images/Delphinium_nuttallianum.20327894.jpg,0,5,0,FALSE,5,7,A1M2KMKJXK2EPU,19783,14.37,2024/4/16,9:31:18,38DCH97KI0MZQFKO6Z6X3S2YHYYQJ8,FALSE
13017522,Delphinium_nuttallianum,8843973,302580,https://crowdcurio-experiment-images.s3.amazonaws.com/Delphinium_nuttallianum/images/Delphinium_nuttallianum.13017522.jpg,0,8,1,FALSE,1,6,AL3YCXOZSDWBT,21943,25.82,2024/4/16,9:31:38,38DCH97KI0MZQFKO6Z6X3S2YHYYQJ8,FALSE
20606170,Delphinium_nuttallianum,8843914,302798,https://crowdcurio-experiment-images.s3.amazonaws.com/Delphinium_nuttallianum/images/Delphinium_nuttallianum.20606170.jpg,0,8,0,TRUE,5,8,A1M2KMKJXK2EPU,19783,8.16,2024/4/16,9:31:27,38DCH97KI0MZQFKO6Z6X3S2YHYYQJ8,FALSE
4746086,Delphinium_nuttallianum,8843953,302489,https://crowdcurio-experiment-images.s3.amazonaws.com/Delphinium_nuttallianum/images/Delphinium_nuttallianum.4746086.jpg,0,2,3,FALSE,2,4,A34VXRZMEC15LN,21946,178.25,2024/4/16,9:31:35,38DCH97KI0MZQFKO6Z6X3S2YHYYQJ8,FALSE
20327917,Delphinium_nuttallianum,8843982,302796,https://crowdcurio-experiment-images.s3.amazonaws.com/Delphinium_nuttallianum/images/Delphinium_nuttallianum.20327917.jpg,0,12,0,FALSE,5,9,A1M2KMKJXK2EPU,19783,9.14,2024/4/16,9:31:40,38DCH97KI0MZQFKO6Z6X3S2YHYYQJ8,FALSE
20864599,Delphinium_nuttallianum,8843990,302804,https://crowdcurio-experiment-images.s3.amazonaws.com/Delphinium_nuttallianum/images/Delphinium_nuttallianum.20864599.jpg,1,5,0,TRUE,2,5,AVAVQBVHHK5YA,21970,18.48,2024/4/16,9:31:43,38DCH97KI0MZQFKO6Z6X3S2YHYYQJ8,FALSE
13017694,Delphinium_nuttallianum,8844074,302582,https://crowdcurio-experiment-images.s3.amazonaws.com/Delphinium_nuttallianum/images/Delphinium_nuttallianum.13017694.jpg,0,6,1,FALSE,1,7,AL3YCXOZSDWBT,21943,23.85,2024/4/16,9:32:03,38DCH97KI0MZQFKO6Z6X3S2YHYYQJ8,FALSE
20605796,Delphinium_nuttallianum,8844022,302797,https://crowdcurio-experiment-images.s3.amazonaws.com/Delphinium_nuttallianum/images/Delphinium_nuttallianum.20605796.jpg,0,7,0,FALSE,5,10,A1M2KMKJXK2EPU,19783,6.45,2024/4/16,9:31:49,38DCH97KI0MZQFKO6Z6X3S2YHYYQJ8,FALSE
20006564,Delphinium_nuttallianum,8844069,302790,https://crowdcurio-experiment-images.s3.amazonaws.com/Delphinium_nuttallianum/images/Delphinium_nuttallianum.20006564.jpg,2,5,0,FALSE,5,1,A7C7M5G894YHW,20634,28.59,2024/4/16,9:32:01,38DCH97KI0MZQFKO6Z6X3S2YHYYQJ8,FALSE
20864580,Delphinium_nuttallianum,8844103,302803,https://crowdcurio-experiment-images.s3.amazonaws.com/Delphinium_nuttallianum/images/Delphinium_nuttallianum.20864580.jpg,0,9,2,FALSE,2,6,AVAVQBVHHK5YA,21970,26.06,2024/4/16,9:32:11,38DCH97KI0MZQFKO6Z6X3S2YHYYQJ8,FALSE
4746470,Delphinium_nuttallianum,8844111,302491,https://crowdcurio-experiment-images.s3.amazonaws.com/Delphinium_nuttallianum/images/Delphinium_nuttallianum.4746470.jpg,0,3,1,FALSE,2,5,A34VXRZMEC15LN,21946,35.51,2024/4/16,9:32:13,38DCH97KI0MZQFKO6Z6X3S2YHYYQJ8,FALSE
19992051,Delphinium_nuttallianum,8844102,302778,https://crowdcurio-experiment-images.s3.amazonaws.com/Delphinium_nuttallianum/images/Delphinium_nuttallianum.19992051.jpg,0,3,0,FALSE,6,1,A1M2KMKJXK2EPU,19783,5.62,2024/4/16,9:32:11,38DCH97KI0MZQFKO6Z6X3S2YHYYQJ8,FALSE
13017806,Delphinium_nuttallianum,8844188,302583,https://crowdcurio-experiment-images.s3.amazonaws.com/Delphinium_nuttallianum/images/Delphinium_nuttallianum.13017806.jpg,0,5,5,FALSE,1,8,AL3YCXOZSDWBT,21943,32.75,2024/4/16,9:32:37,38DCH97KI0MZQFKO6Z6X3S2YHYYQJ8,FALSE
19991258,Delphinium_nuttallianum,8844143,302777,https://crowdcurio-experiment-images.s3.amazonaws.com/Delphinium_nuttallianum/images/Delphinium_nuttallianum.19991258.jpg,0,10,0,FALSE,6,2,A1M2KMKJXK2EPU,19783,7.8,2024/4/16,9:32:22,38DCH97KI0MZQFKO6Z6X3S2YHYYQJ8,FALSE
4750254,Delphinium_nuttallianum,8844150,302499,https://crowdcurio-experiment-images.s3.amazonaws.com/Delphinium_nuttallianum/images/Delphinium_nuttallianum.4750254.jpg,0,3,2,TRUE,2,6,A34VXRZMEC15LN,21946,9.52,2024/4/16,9:32:24,38DCH97KI0MZQFKO6Z6X3S2YHYYQJ8,FALSE
22064603,Delphinium_nuttallianum,8844209,302830,https://crowdcurio-experiment-images.s3.amazonaws.com/Delphinium_nuttallianum/images/Delphinium_nuttallianum.22064603.jpg,3,4,3,FALSE,2,7,AVAVQBVHHK5YA,21970,29.88,2024/4/16,9:32:42,38DCH97KI0MZQFKO6Z6X3S2YHYYQJ8,FALSE
4746770,Delphinium_nuttallianum,8844194,302493,https://crowdcurio-experiment-images.s3.amazonaws.com/Delphinium_nuttallianum/images/Delphinium_nuttallianum.4746770.jpg,0,4,0,FALSE,2,7,A34VXRZMEC15LN,21946,11.72,2024/4/16,9:32:38,38DCH97KI0MZQFKO6Z6X3S2YHYYQJ8,FALSE
19996556,Delphinium_nuttallianum,8844176,302783,https://crowdcurio-experiment-images.s3.amazonaws.com/Delphinium_nuttallianum/images/Delphinium_nuttallianum.19996556.jpg,0,7,0,FALSE,6,3,A1M2KMKJXK2EPU,19783,7.92,2024/4/16,9:32:33,38DCH97KI0MZQFKO6Z6X3S2YHYYQJ8,FALSE
19989263,Delphinium_nuttallianum,8844211,302776,https://crowdcurio-experiment-images.s3.amazonaws.com/Delphinium_nuttallianum/images/Delphinium_nuttallianum.19989263.jpg,0,7,0,FALSE,6,4,A1M2KMKJXK2EPU,19783,6.28,2024/4/16,9:32:42,38DCH97KI0MZQFKO6Z6X3S2YHYYQJ8,FALSE
13017342,Delphinium_nuttallianum,8844305,302577,https://crowdcurio-experiment-images.s3.amazonaws.com/Delphinium_nuttallianum/images/Delphinium_nuttallianum.13017342.jpg,0,2,4,FALSE,1,9,AL3YCXOZSDWBT,21943,25.11,2024/4/16,9:33:03,38DCH97KI0MZQFKO6Z6X3S2YHYYQJ8,FALSE
4746656,Delphinium_nuttallianum,8844253,302492,https://crowdcurio-experiment-images.s3.amazonaws.com/Delphinium_nuttallianum/images/Delphinium_nuttallianum.4746656.jpg,0,1,5,FALSE,2,8,A34VXRZMEC15LN,21946,12.75,2024/4/16,9:32:54,38DCH97KI0MZQFKO6Z6X3S2YHYYQJ8,FALSE
19994343,Delphinium_nuttallianum,8844240,302782,https://crowdcurio-experiment-images.s3.amazonaws.com/Delphinium_nuttallianum/images/Delphinium_nuttallianum.19994343.jpg,0,5,0,FALSE,6,5,A1M2KMKJXK2EPU,19783,5.29,2024/4/16,9:32:51,38DCH97KI0MZQFKO6Z6X3S2YHYYQJ8,FALSE
23991972,Delphinium_nuttallianum,8844406,302834,https://crowdcurio-experiment-images.s3.amazonaws.com/Delphinium_nuttallianum/images/Delphinium_nuttallianum.23991972.jpg,7,17,0,FALSE,2,8,AVAVQBVHHK5YA,21970,38.15,2024/4/16,9:33:21,38DCH97KI0MZQFKO6Z6X3S2YHYYQJ8,FALSE
19993255,Delphinium_nuttallianum,8844291,302781,https://crowdcurio-experiment-images.s3.amazonaws.com/Delphinium_nuttallianum/images/Delphinium_nuttallianum.19993255.jpg,0,4,2,FALSE,6,6,A1M2KMKJXK2EPU,19783,7.26,2024/4/16,9:33:02,38DCH97KI0MZQFKO6Z6X3S2YHYYQJ8,FALSE
4750179,Delphinium_nuttallianum,8844329,302498,https://crowdcurio-experiment-images.s3.amazonaws.com/Delphinium_nuttallianum/images/Delphinium_nuttallianum.4750179.jpg,2,4,0,FALSE,2,9,A34VXRZMEC15LN,21946,10.54,2024/4/16,9:33:08,38DCH97KI0MZQFKO6Z6X3S2YHYYQJ8,FALSE
19992483,Delphinium_nuttallianum,8844352,302779,https://crowdcurio-experiment-images.s3.amazonaws.com/Delphinium_nuttallianum/images/Delphinium_nuttallianum.19992483.jpg,0,4,0,FALSE,6,7,A1M2KMKJXK2EPU,19783,7.2,2024/4/16,9:33:12,38DCH97KI0MZQFKO6Z6X3S2YHYYQJ8,FALSE
13017550,Delphinium_nuttallianum,8844429,302581,https://crowdcurio-experiment-images.s3.amazonaws.com/Delphinium_nuttallianum/images/Delphinium_nuttallianum.13017550.jpg,0,8,0,FALSE,1,10,AL3YCXOZSDWBT,21943,21.85,2024/4/16,9:33:26,38DCH97KI0MZQFKO6Z6X3S2YHYYQJ8,FALSE
4746216,Delphinium_nuttallianum,8844401,302490,https://crowdcurio-experiment-images.s3.amazonaws.com/Delphinium_nuttallianum/images/Delphinium_nuttallianum.4746216.jpg,0,3,0,FALSE,2,10,A34VXRZMEC15LN,21946,9.18,2024/4/16,9:33:21,38DCH97KI0MZQFKO6Z6X3S2YHYYQJ8,FALSE
19992559,Delphinium_nuttallianum,8844420,302780,https://crowdcurio-experiment-images.s3.amazonaws.com/Delphinium_nuttallianum/images/Delphinium_nuttallianum.19992559.jpg,0,10,0,FALSE,6,8,A1M2KMKJXK2EPU,19783,8.43,2024/4/16,9:33:23,38DCH97KI0MZQFKO6Z6X3S2YHYYQJ8,FALSE
20006259,Delphinium_nuttallianum,8844469,302787,https://crowdcurio-experiment-images.s3.amazonaws.com/Delphinium_nuttallianum/images/Delphinium_nuttallianum.20006259.jpg,2,2,0,FALSE,5,2,A7C7M5G894YHW,20634,92.62,2024/4/16,9:33:37,38DCH97KI0MZQFKO6Z6X3S2YHYYQJ8,FALSE
19992051,Delphinium_nuttallianum,8844447,302778,https://crowdcurio-experiment-images.s3.amazonaws.com/Delphinium_nuttallianum/images/Delphinium_nuttallianum.19992051.jpg,0,3,0,TRUE,6,9,A1M2KMKJXK2EPU,19783,5.18,2024/4/16,9:33:30,38DCH97KI0MZQFKO6Z6X3S2YHYYQJ8,FALSE
20864745,Delphinium_nuttallianum,8844557,302805,https://crowdcurio-experiment-images.s3.amazonaws.com/Delphinium_nuttallianum/images/Delphinium_nuttallianum.20864745.jpg,3,2,10,FALSE,2,9,AVAVQBVHHK5YA,21970,31.13,2024/4/16,9:33:54,38DCH97KI0MZQFKO6Z6X3S2YHYYQJ8,FALSE
19988651,Delphinium_nuttallianum,8844485,302775,https://crowdcurio-experiment-images.s3.amazonaws.com/Delphinium_nuttallianum/images/Delphinium_nuttallianum.19988651.jpg,0,6,0,FALSE,6,10,A1M2KMKJXK2EPU,19783,5.97,2024/4/16,9:33:39,38DCH97KI0MZQFKO6Z6X3S2YHYYQJ8,FALSE
20006527,Delphinium_nuttallianum,8844573,302788,https://crowdcurio-experiment-images.s3.amazonaws.com/Delphinium_nuttallianum/images/Delphinium_nuttallianum.20006527.jpg,0,4,1,FALSE,5,3,A7C7M5G894YHW,20634,15.76,2024/4/16,9:33:56,38DCH97KI0MZQFKO6Z6X3S2YHYYQJ8,FALSE
14812740,Delphinium_nuttallianum,8844592,302732,https://crowdcurio-experiment-images.s3.amazonaws.com/Delphinium_nuttallianum/images/Delphinium_nuttallianum.14812740.jpg,0,8,0,FALSE,7,1,A1M2KMKJXK2EPU,19783,6.13,2024/4/16,9:33:59,38DCH97KI0MZQFKO6Z6X3S2YHYYQJ8,FALSE
15923301,Delphinium_nuttallianum,8845032,302759,https://crowdcurio-experiment-images.s3.amazonaws.com/Delphinium_nuttallianum/images/Delphinium_nuttallianum.15923301.jpg,14,11,0,FALSE,2,1,AL3YCXOZSDWBT,21943,91.6,2024/4/16,9:35:12,38DCH97KI0MZQFKO6Z6X3S2YHYYQJ8,FALSE
20006554,Delphinium_nuttallianum,8844653,302789,https://crowdcurio-experiment-images.s3.amazonaws.com/Delphinium_nuttallianum/images/Delphinium_nuttallianum.20006554.jpg,2,5,0,FALSE,5,4,A7C7M5G894YHW,20634,10.21,2024/4/16,9:34:10,38DCH97KI0MZQFKO6Z6X3S2YHYYQJ8,FALSE
14291964,Delphinium_nuttallianum,8844666,302724,https://crowdcurio-experiment-images.s3.amazonaws.com/Delphinium_nuttallianum/images/Delphinium_nuttallianum.14291964.jpg,0,12,0,FALSE,7,2,A1M2KMKJXK2EPU,19783,9.1,2024/4/16,9:34:12,38DCH97KI0MZQFKO6Z6X3S2YHYYQJ8,FALSE
21980455,Delphinium_nuttallianum,8844661,302827,https://crowdcurio-experiment-images.s3.amazonaws.com/Delphinium_nuttallianum/images/Delphinium_nuttallianum.21980455.jpg,0,4,0,FALSE,2,10,AVAVQBVHHK5YA,21970,16,2024/4/16,9:34:11,38DCH97KI0MZQFKO6Z6X3S2YHYYQJ8,FALSE
19996619,Delphinium_nuttallianum,8844725,302784,https://crowdcurio-experiment-images.s3.amazonaws.com/Delphinium_nuttallianum/images/Delphinium_nuttallianum.19996619.jpg,1,4,1,FALSE,5,5,A7C7M5G894YHW,20634,10.3,2024/4/16,9:34:23,38DCH97KI0MZQFKO6Z6X3S2YHYYQJ8,FALSE
14811829,Delphinium_nuttallianum,8844723,302731,https://crowdcurio-experiment-images.s3.amazonaws.com/Delphinium_nuttallianum/images/Delphinium_nuttallianum.14811829.jpg,0,4,3,FALSE,7,3,A1M2KMKJXK2EPU,19783,6.79,2024/4/16,9:34:22,38DCH97KI0MZQFKO6Z6X3S2YHYYQJ8,FALSE
14730990,Delphinium_nuttallianum,8844764,302728,https://crowdcurio-experiment-images.s3.amazonaws.com/Delphinium_nuttallianum/images/Delphinium_nuttallianum.14730990.jpg,0,6,0,FALSE,7,4,A1M2KMKJXK2EPU,19783,5.13,2024/4/16,9:34:30,38DCH97KI0MZQFKO6Z6X3S2YHYYQJ8,FALSE
19997218,Delphinium_nuttallianum,8844816,302785,https://crowdcurio-experiment-images.s3.amazonaws.com/Delphinium_nuttallianum/images/Delphinium_nuttallianum.19997218.jpg,3,6,0,FALSE,5,6,A7C7M5G894YHW,20634,12.94,2024/4/16,9:34:39,38DCH97KI0MZQFKO6Z6X3S2YHYYQJ8,FALSE
13825205,Delphinium_nuttallianum,8845053,302721,https://crowdcurio-experiment-images.s3.amazonaws.com/Delphinium_nuttallianum/images/Delphinium_nuttallianum.13825205.jpg,18,9,0,FALSE,3,1,AVAVQBVHHK5YA,21970,48.24,2024/4/16,9:35:16,38DCH97KI0MZQFKO6Z6X3S2YHYYQJ8,FALSE
14678438,Delphinium_nuttallianum,8844855,302725,https://crowdcurio-experiment-images.s3.amazonaws.com/Delphinium_nuttallianum/images/Delphinium_nuttallianum.14678438.jpg,0,6,0,FALSE,7,5,A1M2KMKJXK2EPU,19783,10.52,2024/4/16,9:34:44,38DCH97KI0MZQFKO6Z6X3S2YHYYQJ8,FALSE
19997977,Delphinium_nuttallianum,8844912,302786,https://crowdcurio-experiment-images.s3.amazonaws.com/Delphinium_nuttallianum/images/Delphinium_nuttallianum.19997977.jpg,2,1,2,FALSE,5,7,A7C7M5G894YHW,20634,12.71,2024/4/16,9:34:55,38DCH97KI0MZQFKO6Z6X3S2YHYYQJ8,FALSE
14722509,Delphinium_nuttallianum,8844925,302726,https://crowdcurio-experiment-images.s3.amazonaws.com/Delphinium_nuttallianum/images/Delphinium_nuttallianum.14722509.jpg,0,8,2,FALSE,7,6,A1M2KMKJXK2EPU,19783,9.41,2024/4/16,9:34:57,38DCH97KI0MZQFKO6Z6X3S2YHYYQJ8,FALSE
20007747,Delphinium_nuttallianum,8845008,302792,https://crowdcurio-experiment-images.s3.amazonaws.com/Delphinium_nuttallianum/images/Delphinium_nuttallianum.20007747.jpg,0,6,0,FALSE,5,8,A7C7M5G894YHW,20634,10.92,2024/4/16,9:35:10,38DCH97KI0MZQFKO6Z6X3S2YHYYQJ8,FALSE
14801189,Delphinium_nuttallianum,8844990,302730,https://crowdcurio-experiment-images.s3.amazonaws.com/Delphinium_nuttallianum/images/Delphinium_nuttallianum.14801189.jpg,0,9,0,FALSE,7,7,A1M2KMKJXK2EPU,19783,7.47,2024/4/16,9:35:08,38DCH97KI0MZQFKO6Z6X3S2YHYYQJ8,FALSE
14800632,Delphinium_nuttallianum,8845087,302729,https://crowdcurio-experiment-images.s3.amazonaws.com/Delphinium_nuttallianum/images/Delphinium_nuttallianum.14800632.jpg,0,3,11,FALSE,7,8,A1M2KMKJXK2EPU,19783,10.54,2024/4/16,9:35:22,38DCH97KI0MZQFKO6Z6X3S2YHYYQJ8,FALSE
19997218,Delphinium_nuttallianum,8845146,302785,https://crowdcurio-experiment-images.s3.amazonaws.com/Delphinium_nuttallianum/images/Delphinium_nuttallianum.19997218.jpg,3,6,0,TRUE,5,9,A7C7M5G894YHW,20634,18.99,2024/4/16,9:35:30,38DCH97KI0MZQFKO6Z6X3S2YHYYQJ8,FALSE
13824958,Delphinium_nuttallianum,8845166,302715,https://crowdcurio-experiment-images.s3.amazonaws.com/Delphinium_nuttallianum/images/Delphinium_nuttallianum.13824958.jpg,0,8,0,FALSE,3,2,AVAVQBVHHK5YA,21970,15.95,2024/4/16,9:35:34,38DCH97KI0MZQFKO6Z6X3S2YHYYQJ8,FALSE
14723437,Delphinium_nuttallianum,8845155,302727,https://crowdcurio-experiment-images.s3.amazonaws.com/Delphinium_nuttallianum/images/Delphinium_nuttallianum.14723437.jpg,0,4,0,FALSE,7,9,A1M2KMKJXK2EPU,19783,6.15,2024/4/16,9:35:31,38DCH97KI0MZQFKO6Z6X3S2YHYYQJ8,FALSE
14812740,Delphinium_nuttallianum,8845195,302732,https://crowdcurio-experiment-images.s3.amazonaws.com/Delphinium_nuttallianum/images/Delphinium_nuttallianum.14812740.jpg,0,4,0,TRUE,7,10,A1M2KMKJXK2EPU,19783,5.99,2024/4/16,9:35:38,38DCH97KI0MZQFKO6Z6X3S2YHYYQJ8,FALSE
20006682,Delphinium_nuttallianum,8845237,302791,https://crowdcurio-experiment-images.s3.amazonaws.com/Delphinium_nuttallianum/images/Delphinium_nuttallianum.20006682.jpg,3,3,0,FALSE,5,10,A7C7M5G894YHW,20634,11.51,2024/4/16,9:35:45,38DCH97KI0MZQFKO6Z6X3S2YHYYQJ8,FALSE
13825106,Delphinium_nuttallianum,8845609,302719,https://crowdcurio-experiment-images.s3.amazonaws.com/Delphinium_nuttallianum/images/Delphinium_nuttallianum.13825106.jpg,0,13,15,FALSE,3,3,AVAVQBVHHK5YA,21970,82.83,2024/4/16,9:36:58,38DCH97KI0MZQFKO6Z6X3S2YHYYQJ8,FALSE
15225440,Delphinium_nuttallianum,8845462,302751,https://crowdcurio-experiment-images.s3.amazonaws.com/Delphinium_nuttallianum/images/Delphinium_nuttallianum.15225440.jpg,0,9,0,FALSE,2,2,AL3YCXOZSDWBT,21943,74.5,2024/4/16,9:36:28,38DCH97KI0MZQFKO6Z6X3S2YHYYQJ8,FALSE
12969578,Delphinium_nuttallianum,8845512,302562,https://crowdcurio-experiment-images.s3.amazonaws.com/Delphinium_nuttallianum/images/Delphinium_nuttallianum.12969578.jpg,3,17,5,TRUE,3,4,AN4QIEI575DZ0,21856,856.93,2024/4/16,9:36:37,38DCH97KI0MZQFKO6Z6X3S2YHYYQJ8,FALSE
19826063,Delphinium_nuttallianum,8845332,302771,https://crowdcurio-experiment-images.s3.amazonaws.com/Delphinium_nuttallianum/images/Delphinium_nuttallianum.19826063.jpg,2,2,0,FALSE,3,1,A34VXRZMEC15LN,21946,147.03,2024/4/16,9:36:02,38DCH97KI0MZQFKO6Z6X3S2YHYYQJ8,FALSE
16906638,Delphinium_nuttallianum,8845405,302762,https://crowdcurio-experiment-images.s3.amazonaws.com/Delphinium_nuttallianum/images/Delphinium_nuttallianum.16906638.jpg,0,4,1,FALSE,3,2,A34VXRZMEC15LN,21946,10.61,2024/4/16,9:36:16,38DCH97KI0MZQFKO6Z6X3S2YHYYQJ8,FALSE
19804022,Delphinium_nuttallianum,8845463,302769,https://crowdcurio-experiment-images.s3.amazonaws.com/Delphinium_nuttallianum/images/Delphinium_nuttallianum.19804022.jpg,0,7,0,FALSE,3,3,A34VXRZMEC15LN,21946,9.18,2024/4/16,9:36:28,38DCH97KI0MZQFKO6Z6X3S2YHYYQJ8,FALSE
15225507,Delphinium_nuttallianum,8846041,302752,https://crowdcurio-experiment-images.s3.amazonaws.com/Delphinium_nuttallianum/images/Delphinium_nuttallianum.15225507.jpg,0,16,10,FALSE,2,3,AL3YCXOZSDWBT,21943,132.71,2024/4/16,9:38:42,38DCH97KI0MZQFKO6Z6X3S2YHYYQJ8,FALSE
19987655,Delphinium_nuttallianum,8845567,302773,https://crowdcurio-experiment-images.s3.amazonaws.com/Delphinium_nuttallianum/images/Delphinium_nuttallianum.19987655.jpg,1,2,0,FALSE,3,4,A34VXRZMEC15LN,21946,15.78,2024/4/16,9:36:47,38DCH97KI0MZQFKO6Z6X3S2YHYYQJ8,FALSE
19988289,Delphinium_nuttallianum,8845634,302774,https://crowdcurio-experiment-images.s3.amazonaws.com/Delphinium_nuttallianum/images/Delphinium_nuttallianum.19988289.jpg,2,4,0,FALSE,3,5,A34VXRZMEC15LN,21946,15.66,2024/4/16,9:37:06,38DCH97KI0MZQFKO6Z6X3S2YHYYQJ8,FALSE
13824989,Delphinium_nuttallianum,8845722,302717,https://crowdcurio-experiment-images.s3.amazonaws.com/Delphinium_nuttallianum/images/Delphinium_nuttallianum.13824989.jpg,1,12,0,FALSE,3,4,AVAVQBVHHK5YA,21970,23.35,2024/4/16,9:37:22,38DCH97KI0MZQFKO6Z6X3S2YHYYQJ8,FALSE
19803363,Delphinium_nuttallianum,8845718,302768,https://crowdcurio-experiment-images.s3.amazonaws.com/Delphinium_nuttallianum/images/Delphinium_nuttallianum.19803363.jpg,0,4,1,FALSE,3,6,A34VXRZMEC15LN,21946,11.5,2024/4/16,9:37:21,38DCH97KI0MZQFKO6Z6X3S2YHYYQJ8,FALSE
13825216,Delphinium_nuttallianum,8845850,302722,https://crowdcurio-experiment-images.s3.amazonaws.com/Delphinium_nuttallianum/images/Delphinium_nuttallianum.13825216.jpg,3,9,4,FALSE,3,5,AVAVQBVHHK5YA,21970,33.27,2024/4/16,9:37:57,38DCH97KI0MZQFKO6Z6X3S2YHYYQJ8,FALSE
16899104,Delphinium_nuttallianum,8845791,302761,https://crowdcurio-experiment-images.s3.amazonaws.com/Delphinium_nuttallianum/images/Delphinium_nuttallianum.16899104.jpg,1,1,0,FALSE,3,7,A34VXRZMEC15LN,21946,17.02,2024/4/16,9:37:42,38DCH97KI0MZQFKO6Z6X3S2YHYYQJ8,FALSE
19826063,Delphinium_nuttallianum,8845829,302771,https://crowdcurio-experiment-images.s3.amazonaws.com/Delphinium_nuttallianum/images/Delphinium_nuttallianum.19826063.jpg,2,1,0,TRUE,3,8,A34VXRZMEC15LN,21946,8.22,2024/4/16,9:37:51,38DCH97KI0MZQFKO6Z6X3S2YHYYQJ8,FALSE
19826061,Delphinium_nuttallianum,8845878,302770,https://crowdcurio-experiment-images.s3.amazonaws.com/Delphinium_nuttallianum/images/Delphinium_nuttallianum.19826061.jpg,1,2,0,FALSE,3,9,A34VXRZMEC15LN,21946,8.96,2024/4/16,9:38:04,38DCH97KI0MZQFKO6Z6X3S2YHYYQJ8,FALSE
13825172,Delphinium_nuttallianum,8846033,302720,https://crowdcurio-experiment-images.s3.amazonaws.com/Delphinium_nuttallianum/images/Delphinium_nuttallianum.13825172.jpg,0,18,2,FALSE,3,6,AVAVQBVHHK5YA,21970,41.49,2024/4/16,9:38:40,38DCH97KI0MZQFKO6Z6X3S2YHYYQJ8,FALSE
16924953,Delphinium_nuttallianum,8845963,302763,https://crowdcurio-experiment-images.s3.amazonaws.com/Delphinium_nuttallianum/images/Delphinium_nuttallianum.16924953.jpg,0,4,3,FALSE,3,10,A34VXRZMEC15LN,21946,11.48,2024/4/16,9:38:19,38DCH97KI0MZQFKO6Z6X3S2YHYYQJ8,FALSE
13824831,Delphinium_nuttallianum,8846013,302712,https://crowdcurio-experiment-images.s3.amazonaws.com/Delphinium_nuttallianum/images/Delphinium_nuttallianum.13824831.jpg,0,3,0,FALSE,6,1,A7C7M5G894YHW,20634,147.85,2024/4/16,9:38:31,38DCH97KI0MZQFKO6Z6X3S2YHYYQJ8,FALSE
13824678,Delphinium_nuttallianum,8846054,302707,https://crowdcurio-experiment-images.s3.amazonaws.com/Delphinium_nuttallianum/images/Delphinium_nuttallianum.13824678.jpg,0,5,2,FALSE,6,2,A7C7M5G894YHW,20634,12.2,2024/4/16,9:38:46,38DCH97KI0MZQFKO6Z6X3S2YHYYQJ8,FALSE
13824958,Delphinium_nuttallianum,8846114,302715,https://crowdcurio-experiment-images.s3.amazonaws.com/Delphinium_nuttallianum/images/Delphinium_nuttallianum.13824958.jpg,0,8,0,TRUE,3,7,AVAVQBVHHK5YA,21970,14.44,2024/4/16,9:38:55,38DCH97KI0MZQFKO6Z6X3S2YHYYQJ8,FALSE
13824646,Delphinium_nuttallianum,8846162,302706,https://crowdcurio-experiment-images.s3.amazonaws.com/Delphinium_nuttallianum/images/Delphinium_nuttallianum.13824646.jpg,2,1,1,FALSE,6,3,A7C7M5G894YHW,20634,17.04,2024/4/16,9:39:06,38DCH97KI0MZQFKO6Z6X3S2YHYYQJ8,FALSE
13824808,Delphinium_nuttallianum,8846238,302711,https://crowdcurio-experiment-images.s3.amazonaws.com/Delphinium_nuttallianum/images/Delphinium_nuttallianum.13824808.jpg,3,3,0,FALSE,6,4,A7C7M5G894YHW,20634,13.08,2024/4/16,9:39:22,38DCH97KI0MZQFKO6Z6X3S2YHYYQJ8,FALSE
13824795,Delphinium_nuttallianum,8846301,302710,https://crowdcurio-experiment-images.s3.amazonaws.com/Delphinium_nuttallianum/images/Delphinium_nuttallianum.13824795.jpg,0,4,3,FALSE,6,5,A7C7M5G894YHW,20634,10.73,2024/4/16,9:39:39,38DCH97KI0MZQFKO6Z6X3S2YHYYQJ8,FALSE
13825248,Delphinium_nuttallianum,8846462,302723,https://crowdcurio-experiment-images.s3.amazonaws.com/Delphinium_nuttallianum/images/Delphinium_nuttallianum.13825248.jpg,2,16,4,FALSE,3,8,AVAVQBVHHK5YA,21970,75.31,2024/4/16,9:40:12,38DCH97KI0MZQFKO6Z6X3S2YHYYQJ8,FALSE
15371866,Delphinium_nuttallianum,8846517,302754,https://crowdcurio-experiment-images.s3.amazonaws.com/Delphinium_nuttallianum/images/Delphinium_nuttallianum.15371866.jpg,0,6,11,FALSE,2,4,AL3YCXOZSDWBT,21943,102.8,2024/4/16,9:40:26,38DCH97KI0MZQFKO6Z6X3S2YHYYQJ8,FALSE
13824689,Delphinium_nuttallianum,8846425,302708,https://crowdcurio-experiment-images.s3.amazonaws.com/Delphinium_nuttallianum/images/Delphinium_nuttallianum.13824689.jpg,0,11,4,FALSE,6,6,A7C7M5G894YHW,20634,20.81,2024/4/16,9:40:03,38DCH97KI0MZQFKO6Z6X3S2YHYYQJ8,FALSE
13824726,Delphinium_nuttallianum,8846496,302709,https://crowdcurio-experiment-images.s3.amazonaws.com/Delphinium_nuttallianum/images/Delphinium_nuttallianum.13824726.jpg,6,1,0,FALSE,6,7,A7C7M5G894YHW,20634,15.59,2024/4/16,9:40:22,38DCH97KI0MZQFKO6Z6X3S2YHYYQJ8,FALSE
13825013,Delphinium_nuttallianum,8846569,302718,https://crowdcurio-experiment-images.s3.amazonaws.com/Delphinium_nuttallianum/images/Delphinium_nuttallianum.13825013.jpg,0,3,4,FALSE,3,9,AVAVQBVHHK5YA,21970,22.1,2024/4/16,9:40:35,38DCH97KI0MZQFKO6Z6X3S2YHYYQJ8,FALSE
13824678,Delphinium_nuttallianum,8846578,302707,https://crowdcurio-experiment-images.s3.amazonaws.com/Delphinium_nuttallianum/images/Delphinium_nuttallianum.13824678.jpg,0,4,2,TRUE,6,8,A7C7M5G894YHW,20634,13.92,2024/4/16,9:40:37,38DCH97KI0MZQFKO6Z6X3S2YHYYQJ8,FALSE
12965285,Delphinium_nuttallianum,8846820,302561,https://crowdcurio-experiment-images.s3.amazonaws.com/Delphinium_nuttallianum/images/Delphinium_nuttallianum.12965285.jpg,0,3,12,FALSE,3,5,AN4QIEI575DZ0,21856,268.73,2024/4/16,9:41:25,38DCH97KI0MZQFKO6Z6X3S2YHYYQJ8,FALSE
13824631,Delphinium_nuttallianum,8846667,302705,https://crowdcurio-experiment-images.s3.amazonaws.com/Delphinium_nuttallianum/images/Delphinium_nuttallianum.13824631.jpg,0,3,3,FALSE,6,9,A7C7M5G894YHW,20634,11.44,2024/4/16,9:40:51,38DCH97KI0MZQFKO6Z6X3S2YHYYQJ8,FALSE
13824976,Delphinium_nuttallianum,8846671,302716,https://crowdcurio-experiment-images.s3.amazonaws.com/Delphinium_nuttallianum/images/Delphinium_nuttallianum.13824976.jpg,0,5,1,FALSE,3,10,AVAVQBVHHK5YA,21970,15.64,2024/4/16,9:40:52,38DCH97KI0MZQFKO6Z6X3S2YHYYQJ8,FALSE
13824868,Delphinium_nuttallianum,8846726,302713,https://crowdcurio-experiment-images.s3.amazonaws.com/Delphinium_nuttallianum/images/Delphinium_nuttallianum.13824868.jpg,0,6,0,FALSE,6,10,A7C7M5G894YHW,20634,8.7,2024/4/16,9:41:03,38DCH97KI0MZQFKO6Z6X3S2YHYYQJ8,FALSE
15225440,Delphinium_nuttallianum,8846873,302751,https://crowdcurio-experiment-images.s3.amazonaws.com/Delphinium_nuttallianum/images/Delphinium_nuttallianum.15225440.jpg,0,6,1,TRUE,2,5,AL3YCXOZSDWBT,21943,70,2024/4/16,9:41:36,38DCH97KI0MZQFKO6Z6X3S2YHYYQJ8,FALSE
13824630,Delphinium_nuttallianum,8846781,302704,https://crowdcurio-experiment-images.s3.amazonaws.com/Delphinium_nuttallianum/images/Delphinium_nuttallianum.13824630.jpg,0,5,0,FALSE,4,1,A34VXRZMEC15LN,21946,161.92,2024/4/16,9:41:16,38DCH97KI0MZQFKO6Z6X3S2YHYYQJ8,FALSE
1675425,Delphinium_nuttallianum,8846850,302247,https://crowdcurio-experiment-images.s3.amazonaws.com/Delphinium_nuttallianum/images/Delphinium_nuttallianum.1675425.jpg,1,4,0,FALSE,4,2,A34VXRZMEC15LN,21946,11.39,2024/4/16,9:41:30,38DCH97KI0MZQFKO6Z6X3S2YHYYQJ8,FALSE
13824614,Delphinium_nuttallianum,8846899,302703,https://crowdcurio-experiment-images.s3.amazonaws.com/Delphinium_nuttallianum/images/Delphinium_nuttallianum.13824614.jpg,0,4,1,FALSE,4,3,A34VXRZMEC15LN,21946,9.22,2024/4/16,9:41:43,38DCH97KI0MZQFKO6Z6X3S2YHYYQJ8,FALSE
12964404,Delphinium_nuttallianum,8847069,302559,https://crowdcurio-experiment-images.s3.amazonaws.com/Delphinium_nuttallianum/images/Delphinium_nuttallianum.12964404.jpg,0,12,0,FALSE,3,6,AN4QIEI575DZ0,21856,39.76,2024/4/16,9:42:18,38DCH97KI0MZQFKO6Z6X3S2YHYYQJ8,FALSE
1675462,Delphinium_nuttallianum,8846989,302248,https://crowdcurio-experiment-images.s3.amazonaws.com/Delphinium_nuttallianum/images/Delphinium_nuttallianum.1675462.jpg,3,8,0,FALSE,4,4,A34VXRZMEC15LN,21946,15.4,2024/4/16,9:42:02,38DCH97KI0MZQFKO6Z6X3S2YHYYQJ8,FALSE
16503490,Delphinium_nuttallianum,8847120,302760,https://crowdcurio-experiment-images.s3.amazonaws.com/Delphinium_nuttallianum/images/Delphinium_nuttallianum.16503490.jpg,0,8,4,FALSE,2,6,AL3YCXOZSDWBT,21943,52.14,2024/4/16,9:42:30,38DCH97KI0MZQFKO6Z6X3S2YHYYQJ8,FALSE
1665158,Delphinium_nuttallianum,8847064,302242,https://crowdcurio-experiment-images.s3.amazonaws.com/Delphinium_nuttallianum/images/Delphinium_nuttallianum.1665158.jpg,2,3,0,FALSE,4,5,A34VXRZMEC15LN,21946,11.52,2024/4/16,9:42:17,38DCH97KI0MZQFKO6Z6X3S2YHYYQJ8,FALSE
1674043,Delphinium_nuttallianum,8847115,302246,https://crowdcurio-experiment-images.s3.amazonaws.com/Delphinium_nuttallianum/images/Delphinium_nuttallianum.1674043.jpg,0,5,0,FALSE,4,6,A34VXRZMEC15LN,21946,7.92,2024/4/16,9:42:29,38DCH97KI0MZQFKO6Z6X3S2YHYYQJ8,FALSE
1670896,Delphinium_nuttallianum,8847184,302245,https://crowdcurio-experiment-images.s3.amazonaws.com/Delphinium_nuttallianum/images/Delphinium_nuttallianum.1670896.jpg,1,4,0,FALSE,4,7,A34VXRZMEC15LN,21946,12.66,2024/4/16,9:42:44,38DCH97KI0MZQFKO6Z6X3S2YHYYQJ8,FALSE
15811200,Delphinium_nuttallianum,8847304,302758,https://crowdcurio-experiment-images.s3.amazonaws.com/Delphinium_nuttallianum/images/Delphinium_nuttallianum.15811200.jpg,1,13,2,FALSE,2,7,AL3YCXOZSDWBT,21943,32.81,2024/4/16,9:43:04,38DCH97KI0MZQFKO6Z6X3S2YHYYQJ8,FALSE
12971311,Delphinium_nuttallianum,8847386,302565,https://crowdcurio-experiment-images.s3.amazonaws.com/Delphinium_nuttallianum/images/Delphinium_nuttallianum.12971311.jpg,0,3,16,FALSE,3,7,AN4QIEI575DZ0,21856,46.05,2024/4/16,9:43:18,38DCH97KI0MZQFKO6Z6X3S2YHYYQJ8,FALSE
1668474,Delphinium_nuttallianum,8847271,302244,https://crowdcurio-experiment-images.s3.amazonaws.com/Delphinium_nuttallianum/images/Delphinium_nuttallianum.1668474.jpg,3,4,0,FALSE,4,8,A34VXRZMEC15LN,21946,11.31,2024/4/16,9:42:59,38DCH97KI0MZQFKO6Z6X3S2YHYYQJ8,FALSE
1665790,Delphinium_nuttallianum,8847371,302243,https://crowdcurio-experiment-images.s3.amazonaws.com/Delphinium_nuttallianum/images/Delphinium_nuttallianum.1665790.jpg,0,4,1,FALSE,4,9,A34VXRZMEC15LN,21946,12.79,2024/4/16,9:43:15,38DCH97KI0MZQFKO6Z6X3S2YHYYQJ8,FALSE
15225903,Delphinium_nuttallianum,8847469,302753,https://crowdcurio-experiment-images.s3.amazonaws.com/Delphinium_nuttallianum/images/Delphinium_nuttallianum.15225903.jpg,0,10,0,FALSE,2,8,AL3YCXOZSDWBT,21943,32.2,2024/4/16,9:43:37,38DCH97KI0MZQFKO6Z6X3S2YHYYQJ8,FALSE
1670896,Delphinium_nuttallianum,8847436,302245,https://crowdcurio-experiment-images.s3.amazonaws.com/Delphinium_nuttallianum/images/Delphinium_nuttallianum.1670896.jpg,0,6,0,TRUE,4,10,A34VXRZMEC15LN,21946,12.66,2024/4/16,9:43:29,38DCH97KI0MZQFKO6Z6X3S2YHYYQJ8,FALSE
1660593,Delphinium_nuttallianum,8847489,302238,https://crowdcurio-experiment-images.s3.amazonaws.com/Delphinium_nuttallianum/images/Delphinium_nuttallianum.1660593.jpg,0,4,0,FALSE,7,1,A7C7M5G894YHW,20634,143.32,2024/4/16,9:43:41,38DCH97KI0MZQFKO6Z6X3S2YHYYQJ8,FALSE
15371899,Delphinium_nuttallianum,8847768,302756,https://crowdcurio-experiment-images.s3.amazonaws.com/Delphinium_nuttallianum/images/Delphinium_nuttallianum.15371899.jpg,3,28,0,FALSE,2,9,AL3YCXOZSDWBT,21943,74.7,2024/4/16,9:44:53,38DCH97KI0MZQFKO6Z6X3S2YHYYQJ8,FALSE
12980122,Delphinium_nuttallianum,8847606,302566,https://crowdcurio-experiment-images.s3.amazonaws.com/Delphinium_nuttallianum/images/Delphinium_nuttallianum.12980122.jpg,0,17,0,FALSE,3,8,AN4QIEI575DZ0,21856,48.75,2024/4/16,9:44:12,38DCH97KI0MZQFKO6Z6X3S2YHYYQJ8,FALSE
13006361,Delphinium_nuttallianum,8847801,302568,https://crowdcurio-experiment-images.s3.amazonaws.com/Delphinium_nuttallianum/images/Delphinium_nuttallianum.13006361.jpg,0,20,1,FALSE,3,9,AN4QIEI575DZ0,21856,40.21,2024/4/16,9:45:02,38DCH97KI0MZQFKO6Z6X3S2YHYYQJ8,FALSE
1638273,Delphinium_nuttallianum,8847748,302218,https://crowdcurio-experiment-images.s3.amazonaws.com/Delphinium_nuttallianum/images/Delphinium_nuttallianum.1638273.jpg,0,0,4,FALSE,7,2,A7C7M5G894YHW,20634,61.63,2024/4/16,9:44:46,38DCH97KI0MZQFKO6Z6X3S2YHYYQJ8,FALSE
1631419,Delphinium_nuttallianum,8847936,302216,https://crowdcurio-experiment-images.s3.amazonaws.com/Delphinium_nuttallianum/images/Delphinium_nuttallianum.1631419.jpg,0,3,2,FALSE,7,3,A7C7M5G894YHW,20634,45.55,2024/4/16,9:45:37,38DCH97KI0MZQFKO6Z6X3S2YHYYQJ8,FALSE
15371887,Delphinium_nuttallianum,8847969,302755,https://crowdcurio-experiment-images.s3.amazonaws.com/Delphinium_nuttallianum/images/Delphinium_nuttallianum.15371887.jpg,0,27,0,FALSE,2,10,AL3YCXOZSDWBT,21943,56.02,2024/4/16,9:45:50,38DCH97KI0MZQFKO6Z6X3S2YHYYQJ8,FALSE
12969885,Delphinium_nuttallianum,8847992,302563,https://crowdcurio-experiment-images.s3.amazonaws.com/Delphinium_nuttallianum/images/Delphinium_nuttallianum.12969885.jpg,0,9,9,FALSE,3,10,AN4QIEI575DZ0,21856,52.6,2024/4/16,9:46:01,38DCH97KI0MZQFKO6Z6X3S2YHYYQJ8,FALSE
1633352,Delphinium_nuttallianum,8848024,302217,https://crowdcurio-experiment-images.s3.amazonaws.com/Delphinium_nuttallianum/images/Delphinium_nuttallianum.1633352.jpg,3,3,0,FALSE,7,4,A7C7M5G894YHW,20634,30.54,2024/4/16,9:46:11,38DCH97KI0MZQFKO6Z6X3S2YHYYQJ8,FALSE
1663751,Delphinium_nuttallianum,8848063,302241,https://crowdcurio-experiment-images.s3.amazonaws.com/Delphinium_nuttallianum/images/Delphinium_nuttallianum.1663751.jpg,0,4,2,FALSE,7,5,A7C7M5G894YHW,20634,13.04,2024/4/16,9:46:28,38DCH97KI0MZQFKO6Z6X3S2YHYYQJ8,FALSE
1661120,Delphinium_nuttallianum,8848099,302239,https://crowdcurio-experiment-images.s3.amazonaws.com/Delphinium_nuttallianum/images/Delphinium_nuttallianum.1661120.jpg,0,5,1,FALSE,7,6,A7C7M5G894YHW,20634,19.22,2024/4/16,9:46:50,38DCH97KI0MZQFKO6Z6X3S2YHYYQJ8,FALSE
1621518,Delphinium_nuttallianum,8848224,302212,https://crowdcurio-experiment-images.s3.amazonaws.com/Delphinium_nuttallianum/images/Delphinium_nuttallianum.1621518.jpg,0,4,20,FALSE,4,1,AN4QIEI575DZ0,21856,44.82,2024/4/16,9:47:28,38DCH97KI0MZQFKO6Z6X3S2YHYYQJ8,FALSE
1641162,Delphinium_nuttallianum,8848226,302219,https://crowdcurio-experiment-images.s3.amazonaws.com/Delphinium_nuttallianum/images/Delphinium_nuttallianum.1641162.jpg,0,5,2,FALSE,7,7,A7C7M5G894YHW,20634,35.29,2024/4/16,9:47:29,38DCH97KI0MZQFKO6Z6X3S2YHYYQJ8,FALSE
1628207,Delphinium_nuttallianum,8848274,302215,https://crowdcurio-experiment-images.s3.amazonaws.com/Delphinium_nuttallianum/images/Delphinium_nuttallianum.1628207.jpg,0,4,2,FALSE,7,8,A7C7M5G894YHW,20634,14.66,2024/4/16,9:47:47,38DCH97KI0MZQFKO6Z6X3S2YHYYQJ8,FALSE
1633352,Delphinium_nuttallianum,8848319,302217,https://crowdcurio-experiment-images.s3.amazonaws.com/Delphinium_nuttallianum/images/Delphinium_nuttallianum.1633352.jpg,0,4,4,TRUE,7,9,A7C7M5G894YHW,20634,11.86,2024/4/16,9:48:00,38DCH97KI0MZQFKO6Z6X3S2YHYYQJ8,FALSE
1623587,Delphinium_nuttallianum,8848358,302214,https://crowdcurio-experiment-images.s3.amazonaws.com/Delphinium_nuttallianum/images/Delphinium_nuttallianum.1623587.jpg,0,15,0,FALSE,4,2,AN4QIEI575DZ0,21856,33.03,2024/4/16,9:48:15,38DCH97KI0MZQFKO6Z6X3S2YHYYQJ8,FALSE
1661222,Delphinium_nuttallianum,8848356,302240,https://crowdcurio-experiment-images.s3.amazonaws.com/Delphinium_nuttallianum/images/Delphinium_nuttallianum.1661222.jpg,0,1,4,FALSE,7,10,A7C7M5G894YHW,20634,11.34,2024/4/16,9:48:14,38DCH97KI0MZQFKO6Z6X3S2YHYYQJ8,FALSE
1609272,Delphinium_nuttallianum,8848494,302172,https://crowdcurio-experiment-images.s3.amazonaws.com/Delphinium_nuttallianum/images/Delphinium_nuttallianum.1609272.jpg,0,9,0,FALSE,4,3,AN4QIEI575DZ0,21856,21.91,2024/4/16,9:48:52,38DCH97KI0MZQFKO6Z6X3S2YHYYQJ8,FALSE
1531773,Delphinium_nuttallianum,8849151,302137,https://crowdcurio-experiment-images.s3.amazonaws.com/Delphinium_nuttallianum/images/Delphinium_nuttallianum.1531773.jpg,0,11,2,FALSE,1,1,A1KMDKOO1X5SMX,19004,71.95,2024/4/16,9:52:22,38DCH97KI0MZQFKO6Z6X3S2YHYYQJ8,FALSE
1557027,Delphinium_nuttallianum,8849350,302140,https://crowdcurio-experiment-images.s3.amazonaws.com/Delphinium_nuttallianum/images/Delphinium_nuttallianum.1557027.jpg,0,10,5,FALSE,1,2,A1KMDKOO1X5SMX,19004,47.87,2024/4/16,9:53:11,38DCH97KI0MZQFKO6Z6X3S2YHYYQJ8,FALSE
1605754,Delphinium_nuttallianum,8849550,302166,https://crowdcurio-experiment-images.s3.amazonaws.com/Delphinium_nuttallianum/images/Delphinium_nuttallianum.1605754.jpg,0,19,0,FALSE,1,3,A1KMDKOO1X5SMX,19004,51.76,2024/4/16,9:54:05,38DCH97KI0MZQFKO6Z6X3S2YHYYQJ8,FALSE
1557330,Delphinium_nuttallianum,8849599,302141,https://crowdcurio-experiment-images.s3.amazonaws.com/Delphinium_nuttallianum/images/Delphinium_nuttallianum.1557330.jpg,0,5,0,FALSE,1,4,A1KMDKOO1X5SMX,19004,14.5,2024/4/16,9:54:21,38DCH97KI0MZQFKO6Z6X3S2YHYYQJ8,FALSE
1546017,Delphinium_nuttallianum,8849711,302139,https://crowdcurio-experiment-images.s3.amazonaws.com/Delphinium_nuttallianum/images/Delphinium_nuttallianum.1546017.jpg,0,4,5,FALSE,1,5,A1KMDKOO1X5SMX,19004,28.19,2024/4/16,9:54:51,38DCH97KI0MZQFKO6Z6X3S2YHYYQJ8,FALSE
1605462,Delphinium_nuttallianum,8849765,302165,https://crowdcurio-experiment-images.s3.amazonaws.com/Delphinium_nuttallianum/images/Delphinium_nuttallianum.1605462.jpg,0,8,0,FALSE,1,6,A1KMDKOO1X5SMX,19004,16.75,2024/4/16,9:55:09,38DCH97KI0MZQFKO6Z6X3S2YHYYQJ8,FALSE
1539821,Delphinium_nuttallianum,8849998,302138,https://crowdcurio-experiment-images.s3.amazonaws.com/Delphinium_nuttallianum/images/Delphinium_nuttallianum.1539821.jpg,0,14,1,FALSE,1,7,A1KMDKOO1X5SMX,19004,52.7,2024/4/16,9:56:04,38DCH97KI0MZQFKO6Z6X3S2YHYYQJ8,FALSE
1608935,Delphinium_nuttallianum,8850067,302168,https://crowdcurio-experiment-images.s3.amazonaws.com/Delphinium_nuttallianum/images/Delphinium_nuttallianum.1608935.jpg,0,4,1,FALSE,1,8,A1KMDKOO1X5SMX,19004,17.93,2024/4/16,9:56:23,38DCH97KI0MZQFKO6Z6X3S2YHYYQJ8,FALSE
1608705,Delphinium_nuttallianum,8850175,302167,https://crowdcurio-experiment-images.s3.amazonaws.com/Delphinium_nuttallianum/images/Delphinium_nuttallianum.1608705.jpg,0,7,0,FALSE,1,9,A1KMDKOO1X5SMX,19004,21.52,2024/4/16,9:56:46,38DCH97KI0MZQFKO6Z6X3S2YHYYQJ8,FALSE
1539821,Delphinium_nuttallianum,8850451,302138,https://crowdcurio-experiment-images.s3.amazonaws.com/Delphinium_nuttallianum/images/Delphinium_nuttallianum.1539821.jpg,0,12,3,TRUE,1,10,A1KMDKOO1X5SMX,19004,53.79,2024/4/16,9:57:41,38DCH97KI0MZQFKO6Z6X3S2YHYYQJ8,FALSE
1414800,Delphinium_nuttallianum,8850613,302120,https://crowdcurio-experiment-images.s3.amazonaws.com/Delphinium_nuttallianum/images/Delphinium_nuttallianum.1414800.jpg,0,2,1,FALSE,2,1,A1KMDKOO1X5SMX,19004,30.77,2024/4/16,9:58:29,38DCH97KI0MZQFKO6Z6X3S2YHYYQJ8,FALSE
1609076,Delphinium_nuttallianum,8850675,302169,https://crowdcurio-experiment-images.s3.amazonaws.com/Delphinium_nuttallianum/images/Delphinium_nuttallianum.1609076.jpg,0,6,0,FALSE,4,4,AN4QIEI575DZ0,21856,582.88,2024/4/16,9:58:43,38DCH97KI0MZQFKO6Z6X3S2YHYYQJ8,FALSE
1491547,Delphinium_nuttallianum,8850869,302134,https://crowdcurio-experiment-images.s3.amazonaws.com/Delphinium_nuttallianum/images/Delphinium_nuttallianum.1491547.jpg,1,16,4,FALSE,2,2,A1KMDKOO1X5SMX,19004,57.73,2024/4/16,9:59:28,38DCH97KI0MZQFKO6Z6X3S2YHYYQJ8,FALSE
1623392,Delphinium_nuttallianum,8851180,302213,https://crowdcurio-experiment-images.s3.amazonaws.com/Delphinium_nuttallianum/images/Delphinium_nuttallianum.1623392.jpg,6,15,6,FALSE,4,5,AN4QIEI575DZ0,21856,87.53,2024/4/16,10:00:37,38DCH97KI0MZQFKO6Z6X3S2YHYYQJ8,FALSE
1478589,Delphinium_nuttallianum,8850997,302133,https://crowdcurio-experiment-images.s3.amazonaws.com/Delphinium_nuttallianum/images/Delphinium_nuttallianum.1478589.jpg,0,14,0,FALSE,2,3,A1KMDKOO1X5SMX,19004,26.57,2024/4/16,9:59:56,38DCH97KI0MZQFKO6Z6X3S2YHYYQJ8,FALSE
1417795,Delphinium_nuttallianum,8851196,302121,https://crowdcurio-experiment-images.s3.amazonaws.com/Delphinium_nuttallianum/images/Delphinium_nuttallianum.1417795.jpg,0,15,0,FALSE,2,4,A1KMDKOO1X5SMX,19004,42.31,2024/4/16,10:00:41,38DCH97KI0MZQFKO6Z6X3S2YHYYQJ8,FALSE
1402455,Delphinium_nuttallianum,8851282,302119,https://crowdcurio-experiment-images.s3.amazonaws.com/Delphinium_nuttallianum/images/Delphinium_nuttallianum.1402455.jpg,0,7,0,FALSE,2,5,A1KMDKOO1X5SMX,19004,20.32,2024/4/16,10:01:03,38DCH97KI0MZQFKO6Z6X3S2YHYYQJ8,FALSE
1418393,Delphinium_nuttallianum,8851440,302123,https://crowdcurio-experiment-images.s3.amazonaws.com/Delphinium_nuttallianum/images/Delphinium_nuttallianum.1418393.jpg,0,11,1,FALSE,2,6,A1KMDKOO1X5SMX,19004,42.58,2024/4/16,10:01:47,38DCH97KI0MZQFKO6Z6X3S2YHYYQJ8,FALSE
1418121,Delphinium_nuttallianum,8851586,302122,https://crowdcurio-experiment-images.s3.amazonaws.com/Delphinium_nuttallianum/images/Delphinium_nuttallianum.1418121.jpg,0,9,7,FALSE,2,7,A1KMDKOO1X5SMX,19004,27.86,2024/4/16,10:02:16,38DCH97KI0MZQFKO6Z6X3S2YHYYQJ8,FALSE
1414800,Delphinium_nuttallianum,8851670,302120,https://crowdcurio-experiment-images.s3.amazonaws.com/Delphinium_nuttallianum/images/Delphinium_nuttallianum.1414800.jpg,0,2,1,TRUE,2,8,A1KMDKOO1X5SMX,19004,15.4,2024/4/16,10:02:32,38DCH97KI0MZQFKO6Z6X3S2YHYYQJ8,FALSE
1502377,Delphinium_nuttallianum,8851809,302135,https://crowdcurio-experiment-images.s3.amazonaws.com/Delphinium_nuttallianum/images/Delphinium_nuttallianum.1502377.jpg,0,12,0,FALSE,2,9,A1KMDKOO1X5SMX,19004,27.11,2024/4/16,10:03:01,38DCH97KI0MZQFKO6Z6X3S2YHYYQJ8,FALSE
1527041,Delphinium_nuttallianum,8852060,302136,https://crowdcurio-experiment-images.s3.amazonaws.com/Delphinium_nuttallianum/images/Delphinium_nuttallianum.1527041.jpg,0,14,12,FALSE,2,10,A1KMDKOO1X5SMX,19004,52.34,2024/4/16,10:03:56,38DCH97KI0MZQFKO6Z6X3S2YHYYQJ8,FALSE
1609206,Delphinium_nuttallianum,8852095,302171,https://crowdcurio-experiment-images.s3.amazonaws.com/Delphinium_nuttallianum/images/Delphinium_nuttallianum.1609206.jpg,0,3,6,FALSE,4,6,AN4QIEI575DZ0,21856,183.01,2024/4/16,10:04:03,38DCH97KI0MZQFKO6Z6X3S2YHYYQJ8,FALSE
1338026,Delphinium_nuttallianum,8852419,302099,https://crowdcurio-experiment-images.s3.amazonaws.com/Delphinium_nuttallianum/images/Delphinium_nuttallianum.1338026.jpg,1,7,0,FALSE,3,1,A1KMDKOO1X5SMX,19004,38.14,2024/4/16,10:04:52,38DCH97KI0MZQFKO6Z6X3S2YHYYQJ8,FALSE
1609325,Delphinium_nuttallianum,8852425,302173,https://crowdcurio-experiment-images.s3.amazonaws.com/Delphinium_nuttallianum/images/Delphinium_nuttallianum.1609325.jpg,0,8,2,FALSE,4,7,AN4QIEI575DZ0,21856,35.43,2024/4/16,10:04:53,38DCH97KI0MZQFKO6Z6X3S2YHYYQJ8,FALSE
3231385,Delphinium_nuttallianum,8852676,302403,https://crowdcurio-experiment-images.s3.amazonaws.com/Delphinium_nuttallianum/images/Delphinium_nuttallianum.3231385.jpg,0,23,0,FALSE,3,2,A1KMDKOO1X5SMX,19004,40.77,2024/4/16,10:05:35,38DCH97KI0MZQFKO6Z6X3S2YHYYQJ8,FALSE
1338998,Delphinium_nuttallianum,8852893,302100,https://crowdcurio-experiment-images.s3.amazonaws.com/Delphinium_nuttallianum/images/Delphinium_nuttallianum.1338998.jpg,0,11,8,FALSE,3,3,A1KMDKOO1X5SMX,19004,50.96,2024/4/16,10:06:27,38DCH97KI0MZQFKO6Z6X3S2YHYYQJ8,FALSE
1609206,Delphinium_nuttallianum,8852874,302171,https://crowdcurio-experiment-images.s3.amazonaws.com/Delphinium_nuttallianum/images/Delphinium_nuttallianum.1609206.jpg,0,3,6,TRUE,4,8,AN4QIEI575DZ0,21856,82.38,2024/4/16,10:06:19,38DCH97KI0MZQFKO6Z6X3S2YHYYQJ8,FALSE
1337128,Delphinium_nuttallianum,8852927,302098,https://crowdcurio-experiment-images.s3.amazonaws.com/Delphinium_nuttallianum/images/Delphinium_nuttallianum.1337128.jpg,0,4,0,FALSE,3,4,A1KMDKOO1X5SMX,19004,11.57,2024/4/16,10:06:41,38DCH97KI0MZQFKO6Z6X3S2YHYYQJ8,FALSE
3231379,Delphinium_nuttallianum,8853099,302399,https://crowdcurio-experiment-images.s3.amazonaws.com/Delphinium_nuttallianum/images/Delphinium_nuttallianum.3231379.jpg,0,7,0,FALSE,3,5,A1KMDKOO1X5SMX,19004,34.4,2024/4/16,10:07:17,38DCH97KI0MZQFKO6Z6X3S2YHYYQJ8,FALSE
1621293,Delphinium_nuttallianum,8853154,302211,https://crowdcurio-experiment-images.s3.amazonaws.com/Delphinium_nuttallianum/images/Delphinium_nuttallianum.1621293.jpg,0,9,2,FALSE,4,9,AN4QIEI575DZ0,21856,56.69,2024/4/16,10:07:26,38DCH97KI0MZQFKO6Z6X3S2YHYYQJ8,FALSE
3231383,Delphinium_nuttallianum,8853251,302401,https://crowdcurio-experiment-images.s3.amazonaws.com/Delphinium_nuttallianum/images/Delphinium_nuttallianum.3231383.jpg,0,16,0,FALSE,3,6,A1KMDKOO1X5SMX,19004,20.09,2024/4/16,10:07:38,38DCH97KI0MZQFKO6Z6X3S2YHYYQJ8,FALSE
3231382,Delphinium_nuttallianum,8853563,302400,https://crowdcurio-experiment-images.s3.amazonaws.com/Delphinium_nuttallianum/images/Delphinium_nuttallianum.3231382.jpg,0,10,12,FALSE,3,7,A1KMDKOO1X5SMX,19004,48.28,2024/4/16,10:08:28,38DCH97KI0MZQFKO6Z6X3S2YHYYQJ8,FALSE
1609146,Delphinium_nuttallianum,8853491,302170,https://crowdcurio-experiment-images.s3.amazonaws.com/Delphinium_nuttallianum/images/Delphinium_nuttallianum.1609146.jpg,1,7,1,FALSE,4,10,AN4QIEI575DZ0,21856,29.5,2024/4/16,10:08:16,38DCH97KI0MZQFKO6Z6X3S2YHYYQJ8,FALSE
3226451,Delphinium_nuttallianum,8853602,302397,https://crowdcurio-experiment-images.s3.amazonaws.com/Delphinium_nuttallianum/images/Delphinium_nuttallianum.3226451.jpg,11,10,0,FALSE,1,1,A1LQC2OQOIOEZA,20943,37.48,2024/4/16,10:08:35,38DCH97KI0MZQFKO6Z6X3S2YHYYQJ8,FALSE
3231384,Delphinium_nuttallianum,8853683,302402,https://crowdcurio-experiment-images.s3.amazonaws.com/Delphinium_nuttallianum/images/Delphinium_nuttallianum.3231384.jpg,0,9,0,FALSE,3,8,A1KMDKOO1X5SMX,19004,19.89,2024/4/16,10:08:49,38DCH97KI0MZQFKO6Z6X3S2YHYYQJ8,FALSE
3110650,Delphinium_nuttallianum,8853771,302393,https://crowdcurio-experiment-images.s3.amazonaws.com/Delphinium_nuttallianum/images/Delphinium_nuttallianum.3110650.jpg,7,3,0,FALSE,1,2,A1LQC2OQOIOEZA,20943,25.72,2024/4/16,10:09:03,38DCH97KI0MZQFKO6Z6X3S2YHYYQJ8,FALSE
1337128,Delphinium_nuttallianum,8853761,302098,https://crowdcurio-experiment-images.s3.amazonaws.com/Delphinium_nuttallianum/images/Delphinium_nuttallianum.1337128.jpg,0,4,0,TRUE,3,9,A1KMDKOO1X5SMX,19004,10.11,2024/4/16,10:09:01,38DCH97KI0MZQFKO6Z6X3S2YHYYQJ8,FALSE
1336971,Delphinium_nuttallianum,8853964,302097,https://crowdcurio-experiment-images.s3.amazonaws.com/Delphinium_nuttallianum/images/Delphinium_nuttallianum.1336971.jpg,1,7,0,FALSE,3,10,A1KMDKOO1X5SMX,19004,23.76,2024/4/16,10:09:26,38DCH97KI0MZQFKO6Z6X3S2YHYYQJ8,FALSE
3226452,Delphinium_nuttallianum,8853976,302398,https://crowdcurio-experiment-images.s3.amazonaws.com/Delphinium_nuttallianum/images/Delphinium_nuttallianum.3226452.jpg,9,5,0,FALSE,1,3,A1LQC2OQOIOEZA,20943,24.59,2024/4/16,10:09:29,38DCH97KI0MZQFKO6Z6X3S2YHYYQJ8,FALSE
3110650,Delphinium_nuttallianum,8854086,302393,https://crowdcurio-experiment-images.s3.amazonaws.com/Delphinium_nuttallianum/images/Delphinium_nuttallianum.3110650.jpg,3,4,0,TRUE,1,4,A1LQC2OQOIOEZA,20943,18.2,2024/4/16,10:09:48,38DCH97KI0MZQFKO6Z6X3S2YHYYQJ8,FALSE
3039081,Delphinium_nuttallianum,8854194,302347,https://crowdcurio-experiment-images.s3.amazonaws.com/Delphinium_nuttallianum/images/Delphinium_nuttallianum.3039081.jpg,0,9,0,FALSE,4,1,A1KMDKOO1X5SMX,19004,19.47,2024/4/16,10:10:02,38DCH97KI0MZQFKO6Z6X3S2YHYYQJ8,FALSE
3110646,Delphinium_nuttallianum,8854347,302391,https://crowdcurio-experiment-images.s3.amazonaws.com/Delphinium_nuttallianum/images/Delphinium_nuttallianum.3110646.jpg,0,4,5,FALSE,1,5,A1LQC2OQOIOEZA,20943,31.51,2024/4/16,10:10:21,38DCH97KI0MZQFKO6Z6X3S2YHYYQJ8,FALSE
3043824,Delphinium_nuttallianum,8854402,302351,https://crowdcurio-experiment-images.s3.amazonaws.com/Delphinium_nuttallianum/images/Delphinium_nuttallianum.3043824.jpg,0,9,4,FALSE,4,2,A1KMDKOO1X5SMX,19004,24.34,2024/4/16,10:10:28,38DCH97KI0MZQFKO6Z6X3S2YHYYQJ8,FALSE
3226450,Delphinium_nuttallianum,8854492,302396,https://crowdcurio-experiment-images.s3.amazonaws.com/Delphinium_nuttallianum/images/Delphinium_nuttallianum.3226450.jpg,0,3,0,FALSE,1,6,A1LQC2OQOIOEZA,20943,18.28,2024/4/16,10:10:41,38DCH97KI0MZQFKO6Z6X3S2YHYYQJ8,FALSE
3044967,Delphinium_nuttallianum,8854538,302359,https://crowdcurio-experiment-images.s3.amazonaws.com/Delphinium_nuttallianum/images/Delphinium_nuttallianum.3044967.jpg,0,13,0,FALSE,4,3,A1KMDKOO1X5SMX,19004,16.83,2024/4/16,10:10:47,38DCH97KI0MZQFKO6Z6X3S2YHYYQJ8,FALSE
3126763,Delphinium_nuttallianum,8854648,302395,https://crowdcurio-experiment-images.s3.amazonaws.com/Delphinium_nuttallianum/images/Delphinium_nuttallianum.3126763.jpg,3,5,0,FALSE,1,7,A1LQC2OQOIOEZA,20943,15.9,2024/4/16,10:10:59,38DCH97KI0MZQFKO6Z6X3S2YHYYQJ8,FALSE
3038678,Delphinium_nuttallianum,8854765,302346,https://crowdcurio-experiment-images.s3.amazonaws.com/Delphinium_nuttallianum/images/Delphinium_nuttallianum.3038678.jpg,7,7,0,FALSE,4,4,A1KMDKOO1X5SMX,19004,27.72,2024/4/16,10:11:16,38DCH97KI0MZQFKO6Z6X3S2YHYYQJ8,FALSE
3110649,Delphinium_nuttallianum,8854875,302392,https://crowdcurio-experiment-images.s3.amazonaws.com/Delphinium_nuttallianum/images/Delphinium_nuttallianum.3110649.jpg,15,4,0,FALSE,1,8,A1LQC2OQOIOEZA,20943,32.48,2024/4/16,10:11:33,38DCH97KI0MZQFKO6Z6X3S2YHYYQJ8,FALSE
3043104,Delphinium_nuttallianum,8854929,302349,https://crowdcurio-experiment-images.s3.amazonaws.com/Delphinium_nuttallianum/images/Delphinium_nuttallianum.3043104.jpg,0,12,0,FALSE,4,5,A1KMDKOO1X5SMX,19004,24.09,2024/4/16,10:11:42,38DCH97KI0MZQFKO6Z6X3S2YHYYQJ8,FALSE
3112737,Delphinium_nuttallianum,8855022,302394,https://crowdcurio-experiment-images.s3.amazonaws.com/Delphinium_nuttallianum/images/Delphinium_nuttallianum.3112737.jpg,0,3,2,FALSE,1,9,A1LQC2OQOIOEZA,20943,19.14,2024/4/16,10:11:54,38DCH97KI0MZQFKO6Z6X3S2YHYYQJ8,FALSE
3037311,Delphinium_nuttallianum,8855113,302345,https://crowdcurio-experiment-images.s3.amazonaws.com/Delphinium_nuttallianum/images/Delphinium_nuttallianum.3037311.jpg,0,5,0,FALSE,4,6,A1KMDKOO1X5SMX,19004,20.5,2024/4/16,10:12:04,38DCH97KI0MZQFKO6Z6X3S2YHYYQJ8,FALSE
3103501,Delphinium_nuttallianum,8855339,302390,https://crowdcurio-experiment-images.s3.amazonaws.com/Delphinium_nuttallianum/images/Delphinium_nuttallianum.3103501.jpg,2,10,3,FALSE,1,10,A1LQC2OQOIOEZA,20943,40.98,2024/4/16,10:12:37,38DCH97KI0MZQFKO6Z6X3S2YHYYQJ8,FALSE
3044975,Delphinium_nuttallianum,8855297,302360,https://crowdcurio-experiment-images.s3.amazonaws.com/Delphinium_nuttallianum/images/Delphinium_nuttallianum.3044975.jpg,0,8,6,FALSE,4,7,A1KMDKOO1X5SMX,19004,25.44,2024/4/16,10:12:31,38DCH97KI0MZQFKO6Z6X3S2YHYYQJ8,FALSE
3040427,Delphinium_nuttallianum,8855579,302348,https://crowdcurio-experiment-images.s3.amazonaws.com/Delphinium_nuttallianum/images/Delphinium_nuttallianum.3040427.jpg,0,17,4,FALSE,4,8,A1KMDKOO1X5SMX,19004,30.16,2024/4/16,10:13:03,38DCH97KI0MZQFKO6Z6X3S2YHYYQJ8,FALSE
3039081,Delphinium_nuttallianum,8855672,302347,https://crowdcurio-experiment-images.s3.amazonaws.com/Delphinium_nuttallianum/images/Delphinium_nuttallianum.3039081.jpg,0,8,0,TRUE,4,9,A1KMDKOO1X5SMX,19004,15.83,2024/4/16,10:13:20,38DCH97KI0MZQFKO6Z6X3S2YHYYQJ8,FALSE
3043823,Delphinium_nuttallianum,8855948,302350,https://crowdcurio-experiment-images.s3.amazonaws.com/Delphinium_nuttallianum/images/Delphinium_nuttallianum.3043823.jpg,3,14,0,FALSE,4,10,A1KMDKOO1X5SMX,19004,32.47,2024/4/16,10:13:54,38DCH97KI0MZQFKO6Z6X3S2YHYYQJ8,FALSE
3030327,Delphinium_nuttallianum,8856145,302340,https://crowdcurio-experiment-images.s3.amazonaws.com/Delphinium_nuttallianum/images/Delphinium_nuttallianum.3030327.jpg,0,8,0,FALSE,5,1,A1KMDKOO1X5SMX,19004,19.8,2024/4/16,10:14:32,38DCH97KI0MZQFKO6Z6X3S2YHYYQJ8,FALSE
3030331,Delphinium_nuttallianum,8856224,302343,https://crowdcurio-experiment-images.s3.amazonaws.com/Delphinium_nuttallianum/images/Delphinium_nuttallianum.3030331.jpg,0,4,2,FALSE,5,2,A1KMDKOO1X5SMX,19004,10.88,2024/4/16,10:14:44,38DCH97KI0MZQFKO6Z6X3S2YHYYQJ8,FALSE
3030325,Delphinium_nuttallianum,8856298,302338,https://crowdcurio-experiment-images.s3.amazonaws.com/Delphinium_nuttallianum/images/Delphinium_nuttallianum.3030325.jpg,0,3,0,FALSE,5,3,A1KMDKOO1X5SMX,19004,8.86,2024/4/16,10:14:54,38DCH97KI0MZQFKO6Z6X3S2YHYYQJ8,FALSE
3030326,Delphinium_nuttallianum,8856492,302339,https://crowdcurio-experiment-images.s3.amazonaws.com/Delphinium_nuttallianum/images/Delphinium_nuttallianum.3030326.jpg,0,5,4,FALSE,5,4,A1KMDKOO1X5SMX,19004,32.79,2024/4/16,10:15:29,38DCH97KI0MZQFKO6Z6X3S2YHYYQJ8,FALSE
3030324,Delphinium_nuttallianum,8856644,302337,https://crowdcurio-experiment-images.s3.amazonaws.com/Delphinium_nuttallianum/images/Delphinium_nuttallianum.3030324.jpg,0,16,0,FALSE,5,5,A1KMDKOO1X5SMX,19004,26.34,2024/4/16,10:15:57,38DCH97KI0MZQFKO6Z6X3S2YHYYQJ8,FALSE
3015965,Delphinium_nuttallianum,8856917,302335,https://crowdcurio-experiment-images.s3.amazonaws.com/Delphinium_nuttallianum/images/Delphinium_nuttallianum.3015965.jpg,0,9,8,FALSE,5,6,A1KMDKOO1X5SMX,19004,29.54,2024/4/16,10:16:28,38DCH97KI0MZQFKO6Z6X3S2YHYYQJ8,FALSE
3030323,Delphinium_nuttallianum,8857139,302336,https://crowdcurio-experiment-images.s3.amazonaws.com/Delphinium_nuttallianum/images/Delphinium_nuttallianum.3030323.jpg,0,8,5,FALSE,5,7,A1KMDKOO1X5SMX,19004,22.84,2024/4/16,10:16:52,38DCH97KI0MZQFKO6Z6X3S2YHYYQJ8,FALSE
3015964,Delphinium_nuttallianum,8857440,302334,https://crowdcurio-experiment-images.s3.amazonaws.com/Delphinium_nuttallianum/images/Delphinium_nuttallianum.3015964.jpg,0,16,0,FALSE,5,8,A1KMDKOO1X5SMX,19004,45.19,2024/4/16,10:17:39,38DCH97KI0MZQFKO6Z6X3S2YHYYQJ8,FALSE
3037283,Delphinium_nuttallianum,8857677,302344,https://crowdcurio-experiment-images.s3.amazonaws.com/Delphinium_nuttallianum/images/Delphinium_nuttallianum.3037283.jpg,0,10,1,FALSE,5,9,A1KMDKOO1X5SMX,19004,23.94,2024/4/16,10:18:05,38DCH97KI0MZQFKO6Z6X3S2YHYYQJ8,FALSE
3030323,Delphinium_nuttallianum,8857895,302336,https://crowdcurio-experiment-images.s3.amazonaws.com/Delphinium_nuttallianum/images/Delphinium_nuttallianum.3030323.jpg,0,13,7,TRUE,5,10,A1KMDKOO1X5SMX,19004,24.64,2024/4/16,10:18:30,38DCH97KI0MZQFKO6Z6X3S2YHYYQJ8,FALSE
3046729,Delphinium_nuttallianum,8861411,302373,https://crowdcurio-experiment-images.s3.amazonaws.com/Delphinium_nuttallianum/images/Delphinium_nuttallianum.3046729.jpg,6,20,19,FALSE,1,1,AY87S321MFENV,19719,887.6,2024/4/16,10:28:33,38DCH97KI0MZQFKO6Z6X3S2YHYYQJ8,FALSE
2815153,Delphinium_nuttallianum,8862065,302293,https://crowdcurio-experiment-images.s3.amazonaws.com/Delphinium_nuttallianum/images/Delphinium_nuttallianum.2815153.jpg,0,9,0,FALSE,1,1,A1YPBZS3UWBA2B,19569,16.75,2024/4/16,10:32:03,38DCH97KI0MZQFKO6Z6X3S2YHYYQJ8,FALSE
2814673,Delphinium_nuttallianum,8862136,302289,https://crowdcurio-experiment-images.s3.amazonaws.com/Delphinium_nuttallianum/images/Delphinium_nuttallianum.2814673.jpg,0,8,0,FALSE,1,2,A1YPBZS3UWBA2B,19569,13.6,2024/4/16,10:32:20,38DCH97KI0MZQFKO6Z6X3S2YHYYQJ8,FALSE
2815154,Delphinium_nuttallianum,8862238,302294,https://crowdcurio-experiment-images.s3.amazonaws.com/Delphinium_nuttallianum/images/Delphinium_nuttallianum.2815154.jpg,0,7,0,FALSE,1,3,A1YPBZS3UWBA2B,19569,15.16,2024/4/16,10:32:39,38DCH97KI0MZQFKO6Z6X3S2YHYYQJ8,FALSE
2815398,Delphinium_nuttallianum,8862364,302295,https://crowdcurio-experiment-images.s3.amazonaws.com/Delphinium_nuttallianum/images/Delphinium_nuttallianum.2815398.jpg,0,6,3,FALSE,1,4,A1YPBZS3UWBA2B,19569,19.59,2024/4/16,10:33:02,38DCH97KI0MZQFKO6Z6X3S2YHYYQJ8,FALSE
2814833,Delphinium_nuttallianum,8862444,302291,https://crowdcurio-experiment-images.s3.amazonaws.com/Delphinium_nuttallianum/images/Delphinium_nuttallianum.2814833.jpg,0,5,0,FALSE,1,5,A1YPBZS3UWBA2B,19569,12.45,2024/4/16,10:33:17,38DCH97KI0MZQFKO6Z6X3S2YHYYQJ8,FALSE
2814677,Delphinium_nuttallianum,8862511,302290,https://crowdcurio-experiment-images.s3.amazonaws.com/Delphinium_nuttallianum/images/Delphinium_nuttallianum.2814677.jpg,0,5,0,FALSE,1,6,A1YPBZS3UWBA2B,19569,10.14,2024/4/16,10:33:31,38DCH97KI0MZQFKO6Z6X3S2YHYYQJ8,FALSE
2826072,Delphinium_nuttallianum,8862601,302307,https://crowdcurio-experiment-images.s3.amazonaws.com/Delphinium_nuttallianum/images/Delphinium_nuttallianum.2826072.jpg,0,12,0,FALSE,1,7,A1YPBZS3UWBA2B,19569,15.72,2024/4/16,10:33:50,38DCH97KI0MZQFKO6Z6X3S2YHYYQJ8,FALSE
2826764,Delphinium_nuttallianum,8862741,302308,https://crowdcurio-experiment-images.s3.amazonaws.com/Delphinium_nuttallianum/images/Delphinium_nuttallianum.2826764.jpg,0,11,0,FALSE,1,8,A1YPBZS3UWBA2B,19569,25.06,2024/4/16,10:34:18,38DCH97KI0MZQFKO6Z6X3S2YHYYQJ8,FALSE
2815153,Delphinium_nuttallianum,8862796,302293,https://crowdcurio-experiment-images.s3.amazonaws.com/Delphinium_nuttallianum/images/Delphinium_nuttallianum.2815153.jpg,0,8,0,TRUE,1,9,A1YPBZS3UWBA2B,19569,9.7,2024/4/16,10:34:29,38DCH97KI0MZQFKO6Z6X3S2YHYYQJ8,FALSE
2814861,Delphinium_nuttallianum,8862992,302292,https://crowdcurio-experiment-images.s3.amazonaws.com/Delphinium_nuttallianum/images/Delphinium_nuttallianum.2814861.jpg,5,30,0,FALSE,1,10,A1YPBZS3UWBA2B,19569,37.41,2024/4/16,10:35:10,38DCH97KI0MZQFKO6Z6X3S2YHYYQJ8,FALSE
2841554,Delphinium_nuttallianum,8866115,302315,https://crowdcurio-experiment-images.s3.amazonaws.com/Delphinium_nuttallianum/images/Delphinium_nuttallianum.2841554.jpg,0,28,0,FALSE,1,2,A3CTK78IKKGM3R,21644,34.34,2024/4/16,10:45:35,38DCH97KI0MZQFKO6Z6X3S2YHYYQJ8,FALSE
529696,Delphinium_nuttallianum,8863077,302017,https://crowdcurio-experiment-images.s3.amazonaws.com/Delphinium_nuttallianum/images/Delphinium_nuttallianum.529696.jpg,0,7,3,FALSE,2,1,A1YPBZS3UWBA2B,19569,13.42,2024/4/16,10:35:42,38DCH97KI0MZQFKO6Z6X3S2YHYYQJ8,FALSE
3045905,Delphinium_nuttallianum,8863350,302370,https://crowdcurio-experiment-images.s3.amazonaws.com/Delphinium_nuttallianum/images/Delphinium_nuttallianum.3045905.jpg,0,22,41,FALSE,1,2,AY87S321MFENV,19719,480.68,2024/4/16,10:36:36,38DCH97KI0MZQFKO6Z6X3S2YHYYQJ8,FALSE
527832,Delphinium_nuttallianum,8863137,302016,https://crowdcurio-experiment-images.s3.amazonaws.com/Delphinium_nuttallianum/images/Delphinium_nuttallianum.527832.jpg,0,1,2,FALSE,2,2,A1YPBZS3UWBA2B,19569,9.12,2024/4/16,10:35:54,38DCH97KI0MZQFKO6Z6X3S2YHYYQJ8,FALSE
1715904,Delphinium_nuttallianum,8863252,302261,https://crowdcurio-experiment-images.s3.amazonaws.com/Delphinium_nuttallianum/images/Delphinium_nuttallianum.1715904.jpg,0,8,0,FALSE,2,3,A1YPBZS3UWBA2B,19569,15.32,2024/4/16,10:36:13,38DCH97KI0MZQFKO6Z6X3S2YHYYQJ8,FALSE
1711094,Delphinium_nuttallianum,8863360,302260,https://crowdcurio-experiment-images.s3.amazonaws.com/Delphinium_nuttallianum/images/Delphinium_nuttallianum.1711094.jpg,0,5,6,FALSE,2,4,A1YPBZS3UWBA2B,19569,22.2,2024/4/16,10:36:39,38DCH97KI0MZQFKO6Z6X3S2YHYYQJ8,FALSE
3047695,Delphinium_nuttallianum,8863615,302376,https://crowdcurio-experiment-images.s3.amazonaws.com/Delphinium_nuttallianum/images/Delphinium_nuttallianum.3047695.jpg,3,25,35,FALSE,1,3,AY87S321MFENV,19719,49.8,2024/4/16,10:37:27,38DCH97KI0MZQFKO6Z6X3S2YHYYQJ8,FALSE
529882,Delphinium_nuttallianum,8863494,302018,https://crowdcurio-experiment-images.s3.amazonaws.com/Delphinium_nuttallianum/images/Delphinium_nuttallianum.529882.jpg,0,9,8,FALSE,2,5,A1YPBZS3UWBA2B,19569,21.46,2024/4/16,10:37:04,38DCH97KI0MZQFKO6Z6X3S2YHYYQJ8,FALSE
525212,Delphinium_nuttallianum,8863557,302015,https://crowdcurio-experiment-images.s3.amazonaws.com/Delphinium_nuttallianum/images/Delphinium_nuttallianum.525212.jpg,0,5,1,FALSE,2,6,A1YPBZS3UWBA2B,19569,11.29,2024/4/16,10:37:19,38DCH97KI0MZQFKO6Z6X3S2YHYYQJ8,FALSE
524895,Delphinium_nuttallianum,8863796,302014,https://crowdcurio-experiment-images.s3.amazonaws.com/Delphinium_nuttallianum/images/Delphinium_nuttallianum.524895.jpg,0,23,14,FALSE,2,7,A1YPBZS3UWBA2B,19569,38.53,2024/4/16,10:38:00,38DCH97KI0MZQFKO6Z6X3S2YHYYQJ8,FALSE
1720471,Delphinium_nuttallianum,8863788,302268,https://crowdcurio-experiment-images.s3.amazonaws.com/Delphinium_nuttallianum/images/Delphinium_nuttallianum.1720471.jpg,0,9,11,FALSE,1,1,A1ZU6T8WW2XKV,21797,49.65,2024/4/16,10:37:58,38DCH97KI0MZQFKO6Z6X3S2YHYYQJ8,FALSE
529696,Delphinium_nuttallianum,8863866,302017,https://crowdcurio-experiment-images.s3.amazonaws.com/Delphinium_nuttallianum/images/Delphinium_nuttallianum.529696.jpg,1,7,2,TRUE,2,8,A1YPBZS3UWBA2B,19569,18.69,2024/4/16,10:38:20,38DCH97KI0MZQFKO6Z6X3S2YHYYQJ8,FALSE
1719840,Delphinium_nuttallianum,8863885,302266,https://crowdcurio-experiment-images.s3.amazonaws.com/Delphinium_nuttallianum/images/Delphinium_nuttallianum.1719840.jpg,0,0,2,FALSE,1,2,A1ZU6T8WW2XKV,21797,22.78,2024/4/16,10:38:28,38DCH97KI0MZQFKO6Z6X3S2YHYYQJ8,FALSE
530454,Delphinium_nuttallianum,8863930,302019,https://crowdcurio-experiment-images.s3.amazonaws.com/Delphinium_nuttallianum/images/Delphinium_nuttallianum.530454.jpg,0,5,1,FALSE,2,9,A1YPBZS3UWBA2B,19569,16.57,2024/4/16,10:38:39,38DCH97KI0MZQFKO6Z6X3S2YHYYQJ8,FALSE
1751182,Delphinium_nuttallianum,8864102,302270,https://crowdcurio-experiment-images.s3.amazonaws.com/Delphinium_nuttallianum/images/Delphinium_nuttallianum.1751182.jpg,0,11,11,FALSE,1,3,A1ZU6T8WW2XKV,21797,42.37,2024/4/16,10:39:16,38DCH97KI0MZQFKO6Z6X3S2YHYYQJ8,FALSE
524799,Delphinium_nuttallianum,8863987,302013,https://crowdcurio-experiment-images.s3.amazonaws.com/Delphinium_nuttallianum/images/Delphinium_nuttallianum.524799.jpg,0,5,0,FALSE,2,10,A1YPBZS3UWBA2B,19569,10.13,2024/4/16,10:38:53,38DCH97KI0MZQFKO6Z6X3S2YHYYQJ8,FALSE
520739,Delphinium_nuttallianum,8864197,302008,https://crowdcurio-experiment-images.s3.amazonaws.com/Delphinium_nuttallianum/images/Delphinium_nuttallianum.520739.jpg,0,8,6,FALSE,3,1,A1YPBZS3UWBA2B,19569,23.07,2024/4/16,10:39:34,38DCH97KI0MZQFKO6Z6X3S2YHYYQJ8,FALSE
1716684,Delphinium_nuttallianum,8864237,302263,https://crowdcurio-experiment-images.s3.amazonaws.com/Delphinium_nuttallianum/images/Delphinium_nuttallianum.1716684.jpg,0,16,0,FALSE,1,4,A1ZU6T8WW2XKV,21797,23.14,2024/4/16,10:39:47,38DCH97KI0MZQFKO6Z6X3S2YHYYQJ8,FALSE
520250,Delphinium_nuttallianum,8864264,302004,https://crowdcurio-experiment-images.s3.amazonaws.com/Delphinium_nuttallianum/images/Delphinium_nuttallianum.520250.jpg,0,8,0,FALSE,3,2,A1YPBZS3UWBA2B,19569,16.12,2024/4/16,10:39:54,38DCH97KI0MZQFKO6Z6X3S2YHYYQJ8,FALSE
520735,Delphinium_nuttallianum,8864403,302007,https://crowdcurio-experiment-images.s3.amazonaws.com/Delphinium_nuttallianum/images/Delphinium_nuttallianum.520735.jpg,0,10,0,FALSE,3,3,A1YPBZS3UWBA2B,19569,25.12,2024/4/16,10:40:22,38DCH97KI0MZQFKO6Z6X3S2YHYYQJ8,FALSE
522460,Delphinium_nuttallianum,8864468,302011,https://crowdcurio-experiment-images.s3.amazonaws.com/Delphinium_nuttallianum/images/Delphinium_nuttallianum.522460.jpg,0,4,2,FALSE,3,4,A1YPBZS3UWBA2B,19569,9.8,2024/4/16,10:40:35,38DCH97KI0MZQFKO6Z6X3S2YHYYQJ8,FALSE
1716598,Delphinium_nuttallianum,8864877,302262,https://crowdcurio-experiment-images.s3.amazonaws.com/Delphinium_nuttallianum/images/Delphinium_nuttallianum.1716598.jpg,0,4,25,FALSE,1,5,A1ZU6T8WW2XKV,21797,92.65,2024/4/16,10:41:39,38DCH97KI0MZQFKO6Z6X3S2YHYYQJ8,FALSE
522459,Delphinium_nuttallianum,8864637,302010,https://crowdcurio-experiment-images.s3.amazonaws.com/Delphinium_nuttallianum/images/Delphinium_nuttallianum.522459.jpg,7,7,0,FALSE,3,5,A1YPBZS3UWBA2B,19569,19.39,2024/4/16,10:40:58,38DCH97KI0MZQFKO6Z6X3S2YHYYQJ8,FALSE
520735,Delphinium_nuttallianum,8864725,302007,https://crowdcurio-experiment-images.s3.amazonaws.com/Delphinium_nuttallianum/images/Delphinium_nuttallianum.520735.jpg,0,10,0,TRUE,3,6,A1YPBZS3UWBA2B,19569,14.7,2024/4/16,10:41:14,38DCH97KI0MZQFKO6Z6X3S2YHYYQJ8,FALSE
523511,Delphinium_nuttallianum,8865158,302012,https://crowdcurio-experiment-images.s3.amazonaws.com/Delphinium_nuttallianum/images/Delphinium_nuttallianum.523511.jpg,0,0,15,FALSE,3,7,A1YPBZS3UWBA2B,19569,84.2,2024/4/16,10:42:41,38DCH97KI0MZQFKO6Z6X3S2YHYYQJ8,FALSE
1740781,Delphinium_nuttallianum,8865065,302269,https://crowdcurio-experiment-images.s3.amazonaws.com/Delphinium_nuttallianum/images/Delphinium_nuttallianum.1740781.jpg,0,11,3,FALSE,1,6,A1ZU6T8WW2XKV,21797,29.05,2024/4/16,10:42:14,38DCH97KI0MZQFKO6Z6X3S2YHYYQJ8,FALSE
520669,Delphinium_nuttallianum,8865219,302006,https://crowdcurio-experiment-images.s3.amazonaws.com/Delphinium_nuttallianum/images/Delphinium_nuttallianum.520669.jpg,0,5,0,FALSE,3,8,A1YPBZS3UWBA2B,19569,6.99,2024/4/16,10:42:52,38DCH97KI0MZQFKO6Z6X3S2YHYYQJ8,FALSE
520418,Delphinium_nuttallianum,8865295,302005,https://crowdcurio-experiment-images.s3.amazonaws.com/Delphinium_nuttallianum/images/Delphinium_nuttallianum.520418.jpg,0,5,0,FALSE,3,9,A1YPBZS3UWBA2B,19569,9.07,2024/4/16,10:43:05,38DCH97KI0MZQFKO6Z6X3S2YHYYQJ8,FALSE
521907,Delphinium_nuttallianum,8865340,302009,https://crowdcurio-experiment-images.s3.amazonaws.com/Delphinium_nuttallianum/images/Delphinium_nuttallianum.521907.jpg,0,1,3,FALSE,3,10,A1YPBZS3UWBA2B,19569,8.23,2024/4/16,10:43:16,38DCH97KI0MZQFKO6Z6X3S2YHYYQJ8,FALSE
1720031,Delphinium_nuttallianum,8865499,302267,https://crowdcurio-experiment-images.s3.amazonaws.com/Delphinium_nuttallianum/images/Delphinium_nuttallianum.1720031.jpg,0,11,8,FALSE,1,7,A1ZU6T8WW2XKV,21797,88.78,2024/4/16,10:43:48,38DCH97KI0MZQFKO6Z6X3S2YHYYQJ8,FALSE
507731,Delphinium_nuttallianum,8865564,301963,https://crowdcurio-experiment-images.s3.amazonaws.com/Delphinium_nuttallianum/images/Delphinium_nuttallianum.507731.jpg,0,10,0,FALSE,4,1,A1YPBZS3UWBA2B,19569,19.82,2024/4/16,10:43:58,38DCH97KI0MZQFKO6Z6X3S2YHYYQJ8,FALSE
2835568,Delphinium_nuttallianum,8865666,302314,https://crowdcurio-experiment-images.s3.amazonaws.com/Delphinium_nuttallianum/images/Delphinium_nuttallianum.2835568.jpg,0,7,5,FALSE,1,1,A3CTK78IKKGM3R,21644,35.73,2024/4/16,10:44:13,38DCH97KI0MZQFKO6Z6X3S2YHYYQJ8,FALSE
1740781,Delphinium_nuttallianum,8865715,302269,https://crowdcurio-experiment-images.s3.amazonaws.com/Delphinium_nuttallianum/images/Delphinium_nuttallianum.1740781.jpg,0,12,3,TRUE,1,8,A1ZU6T8WW2XKV,21797,34.36,2024/4/16,10:44:24,38DCH97KI0MZQFKO6Z6X3S2YHYYQJ8,FALSE
507732,Delphinium_nuttallianum,8865661,301964,https://crowdcurio-experiment-images.s3.amazonaws.com/Delphinium_nuttallianum/images/Delphinium_nuttallianum.507732.jpg,0,7,0,FALSE,4,2,A1YPBZS3UWBA2B,19569,11.97,2024/4/16,10:44:13,38DCH97KI0MZQFKO6Z6X3S2YHYYQJ8,FALSE
507740,Delphinium_nuttallianum,8865721,301967,https://crowdcurio-experiment-images.s3.amazonaws.com/Delphinium_nuttallianum/images/Delphinium_nuttallianum.507740.jpg,0,4,0,FALSE,4,3,A1YPBZS3UWBA2B,19569,9.15,2024/4/16,10:44:25,38DCH97KI0MZQFKO6Z6X3S2YHYYQJ8,FALSE
520245,Delphinium_nuttallianum,8865783,302002,https://crowdcurio-experiment-images.s3.amazonaws.com/Delphinium_nuttallianum/images/Delphinium_nuttallianum.520245.jpg,0,4,1,FALSE,4,4,A1YPBZS3UWBA2B,19569,8.32,2024/4/16,10:44:37,38DCH97KI0MZQFKO6Z6X3S2YHYYQJ8,FALSE
2834590,Delphinium_nuttallianum,8865786,302311,https://crowdcurio-experiment-images.s3.amazonaws.com/Delphinium_nuttallianum/images/Delphinium_nuttallianum.2834590.jpg,0,5,0,FALSE,1,2,A3CTK78IKKGM3R,21644,18.15,2024/4/16,10:44:38,38DCH97KI0MZQFKO6Z6X3S2YHYYQJ8,FALSE
1718089,Delphinium_nuttallianum,8865922,302265,https://crowdcurio-experiment-images.s3.amazonaws.com/Delphinium_nuttallianum/images/Delphinium_nuttallianum.1718089.jpg,0,4,11,FALSE,1,9,A1ZU6T8WW2XKV,21797,33.88,2024/4/16,10:45:03,38DCH97KI0MZQFKO6Z6X3S2YHYYQJ8,FALSE
507735,Delphinium_nuttallianum,8865879,301966,https://crowdcurio-experiment-images.s3.amazonaws.com/Delphinium_nuttallianum/images/Delphinium_nuttallianum.507735.jpg,0,7,2,FALSE,4,5,A1YPBZS3UWBA2B,19569,14.36,2024/4/16,10:44:55,38DCH97KI0MZQFKO6Z6X3S2YHYYQJ8,FALSE
2834205,Delphinium_nuttallianum,8865903,302310,https://crowdcurio-experiment-images.s3.amazonaws.com/Delphinium_nuttallianum/images/Delphinium_nuttallianum.2834205.jpg,0,4,0,FALSE,1,3,A3CTK78IKKGM3R,21644,7.94,2024/4/16,10:44:59,38DCH97KI0MZQFKO6Z6X3S2YHYYQJ8,FALSE
507730,Delphinium_nuttallianum,8865985,301962,https://crowdcurio-experiment-images.s3.amazonaws.com/Delphinium_nuttallianum/images/Delphinium_nuttallianum.507730.jpg,0,15,0,FALSE,4,6,A1YPBZS3UWBA2B,19569,15.34,2024/4/16,10:45:14,38DCH97KI0MZQFKO6Z6X3S2YHYYQJ8,FALSE
1717961,Delphinium_nuttallianum,8866078,302264,https://crowdcurio-experiment-images.s3.amazonaws.com/Delphinium_nuttallianum/images/Delphinium_nuttallianum.1717961.jpg,0,2,0,FALSE,1,10,A1ZU6T8WW2XKV,21797,19.68,2024/4/16,10:45:28,38DCH97KI0MZQFKO6Z6X3S2YHYYQJ8,FALSE
507733,Delphinium_nuttallianum,8866064,301965,https://crowdcurio-experiment-images.s3.amazonaws.com/Delphinium_nuttallianum/images/Delphinium_nuttallianum.507733.jpg,0,2,0,FALSE,4,7,A1YPBZS3UWBA2B,19569,9.85,2024/4/16,10:45:26,38DCH97KI0MZQFKO6Z6X3S2YHYYQJ8,FALSE
520246,Delphinium_nuttallianum,8866172,302003,https://crowdcurio-experiment-images.s3.amazonaws.com/Delphinium_nuttallianum/images/Delphinium_nuttallianum.520246.jpg,0,12,0,FALSE,4,8,A1YPBZS3UWBA2B,19569,15.48,2024/4/16,10:45:45,38DCH97KI0MZQFKO6Z6X3S2YHYYQJ8,FALSE
507731,Delphinium_nuttallianum,8866223,301963,https://crowdcurio-experiment-images.s3.amazonaws.com/Delphinium_nuttallianum/images/Delphinium_nuttallianum.507731.jpg,0,8,0,TRUE,4,9,A1YPBZS3UWBA2B,19569,14.31,2024/4/16,10:46:00,38DCH97KI0MZQFKO6Z6X3S2YHYYQJ8,FALSE
2834936,Delphinium_nuttallianum,8866279,302313,https://crowdcurio-experiment-images.s3.amazonaws.com/Delphinium_nuttallianum/images/Delphinium_nuttallianum.2834936.jpg,0,7,4,FALSE,1,5,A3CTK78IKKGM3R,21644,17.43,2024/4/16,10:46:09,38DCH97KI0MZQFKO6Z6X3S2YHYYQJ8,FALSE
3046729,Delphinium_nuttallianum,8866294,302373,https://crowdcurio-experiment-images.s3.amazonaws.com/Delphinium_nuttallianum/images/Delphinium_nuttallianum.3046729.jpg,0,7,5,FALSE,2,1,A1ZU6T8WW2XKV,21797,19.8,2024/4/16,10:46:12,38DCH97KI0MZQFKO6Z6X3S2YHYYQJ8,FALSE
507742,Delphinium_nuttallianum,8866301,301968,https://crowdcurio-experiment-images.s3.amazonaws.com/Delphinium_nuttallianum/images/Delphinium_nuttallianum.507742.jpg,0,8,0,FALSE,4,10,A1YPBZS3UWBA2B,19569,11.36,2024/4/16,10:46:15,38DCH97KI0MZQFKO6Z6X3S2YHYYQJ8,FALSE
516581,Delphinium_nuttallianum,8866420,301993,https://crowdcurio-experiment-images.s3.amazonaws.com/Delphinium_nuttallianum/images/Delphinium_nuttallianum.516581.jpg,5,16,0,FALSE,2,2,A1ZU6T8WW2XKV,21797,27.19,2024/4/16,10:46:47,38DCH97KI0MZQFKO6Z6X3S2YHYYQJ8,FALSE
2833808,Delphinium_nuttallianum,8866381,302309,https://crowdcurio-experiment-images.s3.amazonaws.com/Delphinium_nuttallianum/images/Delphinium_nuttallianum.2833808.jpg,0,6,0,FALSE,1,6,A3CTK78IKKGM3R,21644,20.84,2024/4/16,10:46:36,38DCH97KI0MZQFKO6Z6X3S2YHYYQJ8,FALSE
2834935,Delphinium_nuttallianum,8866469,302312,https://crowdcurio-experiment-images.s3.amazonaws.com/Delphinium_nuttallianum/images/Delphinium_nuttallianum.2834935.jpg,0,13,0,FALSE,1,7,A3CTK78IKKGM3R,21644,21.15,2024/4/16,10:46:59,38DCH97KI0MZQFKO6Z6X3S2YHYYQJ8,FALSE
507728,Delphinium_nuttallianum,8866572,301960,https://crowdcurio-experiment-images.s3.amazonaws.com/Delphinium_nuttallianum/images/Delphinium_nuttallianum.507728.jpg,6,6,0,FALSE,2,3,A1ZU6T8WW2XKV,21797,23.69,2024/4/16,10:47:16,38DCH97KI0MZQFKO6Z6X3S2YHYYQJ8,FALSE
10338298,Delphinium_nuttallianum,8866491,302549,https://crowdcurio-experiment-images.s3.amazonaws.com/Delphinium_nuttallianum/images/Delphinium_nuttallianum.10338298.jpg,0,6,0,FALSE,5,1,A1YPBZS3UWBA2B,19569,31.95,2024/4/16,10:47:03,38DCH97KI0MZQFKO6Z6X3S2YHYYQJ8,FALSE
3103175,Delphinium_nuttallianum,8866669,302388,https://crowdcurio-experiment-images.s3.amazonaws.com/Delphinium_nuttallianum/images/Delphinium_nuttallianum.3103175.jpg,1,20,19,FALSE,1,4,AY87S321MFENV,19719,608.82,2024/4/16,10:47:38,38DCH97KI0MZQFKO6Z6X3S2YHYYQJ8,FALSE
2883629,Delphinium_nuttallianum,8866647,302324,https://crowdcurio-experiment-images.s3.amazonaws.com/Delphinium_nuttallianum/images/Delphinium_nuttallianum.2883629.jpg,0,20,0,FALSE,1,8,A3CTK78IKKGM3R,21644,25.71,2024/4/16,10:47:32,38DCH97KI0MZQFKO6Z6X3S2YHYYQJ8,FALSE
25109019,Delphinium_nuttallianum,8866576,302868,https://crowdcurio-experiment-images.s3.amazonaws.com/Delphinium_nuttallianum/images/Delphinium_nuttallianum.25109019.jpg,0,5,0,FALSE,5,2,A1YPBZS3UWBA2B,19569,9.86,2024/4/16,10:47:16,38DCH97KI0MZQFKO6Z6X3S2YHYYQJ8,FALSE
4702024,Delphinium_nuttallianum,8866640,302450,https://crowdcurio-experiment-images.s3.amazonaws.com/Delphinium_nuttallianum/images/Delphinium_nuttallianum.4702024.jpg,0,5,0,FALSE,5,3,A1YPBZS3UWBA2B,19569,10.48,2024/4/16,10:47:30,38DCH97KI0MZQFKO6Z6X3S2YHYYQJ8,FALSE
507729,Delphinium_nuttallianum,8866804,301961,https://crowdcurio-experiment-images.s3.amazonaws.com/Delphinium_nuttallianum/images/Delphinium_nuttallianum.507729.jpg,0,9,8,FALSE,2,4,A1ZU6T8WW2XKV,21797,31.26,2024/4/16,10:48:01,38DCH97KI0MZQFKO6Z6X3S2YHYYQJ8,FALSE
1562932,Delphinium_nuttallianum,8866726,302154,https://crowdcurio-experiment-images.s3.amazonaws.com/Delphinium_nuttallianum/images/Delphinium_nuttallianum.1562932.jpg,0,5,5,FALSE,5,4,A1YPBZS3UWBA2B,19569,15.94,2024/4/16,10:47:49,38DCH97KI0MZQFKO6Z6X3S2YHYYQJ8,FALSE
3047680,Delphinium_nuttallianum,8867459,302374,https://crowdcurio-experiment-images.s3.amazonaws.com/Delphinium_nuttallianum/images/Delphinium_nuttallianum.3047680.jpg,0,130,11,FALSE,1,5,AY87S321MFENV,19719,114.12,2024/4/16,10:49:34,38DCH97KI0MZQFKO6Z6X3S2YHYYQJ8,FALSE
10338300,Delphinium_nuttallianum,8866819,302551,https://crowdcurio-experiment-images.s3.amazonaws.com/Delphinium_nuttallianum/images/Delphinium_nuttallianum.10338300.jpg,0,11,0,FALSE,5,5,A1YPBZS3UWBA2B,19569,10.07,2024/4/16,10:48:02,38DCH97KI0MZQFKO6Z6X3S2YHYYQJ8,FALSE
2883504,Delphinium_nuttallianum,8866879,302323,https://crowdcurio-experiment-images.s3.amazonaws.com/Delphinium_nuttallianum/images/Delphinium_nuttallianum.2883504.jpg,0,17,0,FALSE,1,9,A3CTK78IKKGM3R,21644,33.92,2024/4/16,10:48:11,38DCH97KI0MZQFKO6Z6X3S2YHYYQJ8,FALSE
1562932,Delphinium_nuttallianum,8866974,302154,https://crowdcurio-experiment-images.s3.amazonaws.com/Delphinium_nuttallianum/images/Delphinium_nuttallianum.1562932.jpg,0,5,5,TRUE,5,6,A1YPBZS3UWBA2B,19569,20.57,2024/4/16,10:48:24,38DCH97KI0MZQFKO6Z6X3S2YHYYQJ8,FALSE
21992462,Delphinium_nuttallianum,8867253,302828,https://crowdcurio-experiment-images.s3.amazonaws.com/Delphinium_nuttallianum/images/Delphinium_nuttallianum.21992462.jpg,25,26,0,FALSE,2,5,A1ZU6T8WW2XKV,21797,56.67,2024/4/16,10:49:04,38DCH97KI0MZQFKO6Z6X3S2YHYYQJ8,FALSE
2834936,Delphinium_nuttallianum,8866965,302313,https://crowdcurio-experiment-images.s3.amazonaws.com/Delphinium_nuttallianum/images/Delphinium_nuttallianum.2834936.jpg,0,6,0,TRUE,1,10,A3CTK78IKKGM3R,21644,10.21,2024/4/16,10:48:22,38DCH97KI0MZQFKO6Z6X3S2YHYYQJ8,FALSE
1617738,Delphinium_nuttallianum,8867072,302201,https://crowdcurio-experiment-images.s3.amazonaws.com/Delphinium_nuttallianum/images/Delphinium_nuttallianum.1617738.jpg,0,7,0,FALSE,5,7,A1YPBZS3UWBA2B,19569,12.39,2024/4/16,10:48:40,38DCH97KI0MZQFKO6Z6X3S2YHYYQJ8,FALSE
1562690,Delphinium_nuttallianum,8867185,302153,https://crowdcurio-experiment-images.s3.amazonaws.com/Delphinium_nuttallianum/images/Delphinium_nuttallianum.1562690.jpg,0,2,1,FALSE,5,8,A1YPBZS3UWBA2B,19569,11.33,2024/4/16,10:48:55,38DCH97KI0MZQFKO6Z6X3S2YHYYQJ8,FALSE
1565681,Delphinium_nuttallianum,8867304,302160,https://crowdcurio-experiment-images.s3.amazonaws.com/Delphinium_nuttallianum/images/Delphinium_nuttallianum.1565681.jpg,0,5,4,FALSE,5,9,A1YPBZS3UWBA2B,19569,11.96,2024/4/16,10:49:10,38DCH97KI0MZQFKO6Z6X3S2YHYYQJ8,FALSE
507728,Delphinium_nuttallianum,8867443,301960,https://crowdcurio-experiment-images.s3.amazonaws.com/Delphinium_nuttallianum/images/Delphinium_nuttallianum.507728.jpg,7,5,0,TRUE,2,6,A1ZU6T8WW2XKV,21797,26.43,2024/4/16,10:49:32,38DCH97KI0MZQFKO6Z6X3S2YHYYQJ8,FALSE
507764,Delphinium_nuttallianum,8867519,301978,https://crowdcurio-experiment-images.s3.amazonaws.com/Delphinium_nuttallianum/images/Delphinium_nuttallianum.507764.jpg,6,15,2,FALSE,5,10,A1YPBZS3UWBA2B,19569,30.09,2024/4/16,10:49:43,38DCH97KI0MZQFKO6Z6X3S2YHYYQJ8,FALSE
4821933,Delphinium_nuttallianum,8867780,302509,https://crowdcurio-experiment-images.s3.amazonaws.com/Delphinium_nuttallianum/images/Delphinium_nuttallianum.4821933.jpg,0,10,5,FALSE,1,1,A2ZT7K92SP7FGB,21073,60.41,2024/4/16,10:50:24,38DCH97KI0MZQFKO6Z6X3S2YHYYQJ8,FALSE
3046706,Delphinium_nuttallianum,8867747,302372,https://crowdcurio-experiment-images.s3.amazonaws.com/Delphinium_nuttallianum/images/Delphinium_nuttallianum.3046706.jpg,39,0,0,FALSE,1,6,AY87S321MFENV,19719,41.67,2024/4/16,10:50:18,38DCH97KI0MZQFKO6Z6X3S2YHYYQJ8,FALSE
507733,Delphinium_nuttallianum,8867609,301965,https://crowdcurio-experiment-images.s3.amazonaws.com/Delphinium_nuttallianum/images/Delphinium_nuttallianum.507733.jpg,0,2,7,FALSE,2,7,A1ZU6T8WW2XKV,21797,15.94,2024/4/16,10:49:57,38DCH97KI0MZQFKO6Z6X3S2YHYYQJ8,FALSE
27170242,Delphinium_nuttallianum,8867755,302922,https://crowdcurio-experiment-images.s3.amazonaws.com/Delphinium_nuttallianum/images/Delphinium_nuttallianum.27170242.jpg,1,7,3,FALSE,6,1,A1YPBZS3UWBA2B,19569,17.93,2024/4/16,10:50:19,38DCH97KI0MZQFKO6Z6X3S2YHYYQJ8,FALSE
3814747,Delphinium_nuttallianum,8868300,302416,https://crowdcurio-experiment-images.s3.amazonaws.com/Delphinium_nuttallianum/images/Delphinium_nuttallianum.3814747.jpg,0,14,5,FALSE,2,8,A1ZU6T8WW2XKV,21797,110.8,2024/4/16,10:51:55,38DCH97KI0MZQFKO6Z6X3S2YHYYQJ8,FALSE
3047682,Delphinium_nuttallianum,8868197,302375,https://crowdcurio-experiment-images.s3.amazonaws.com/Delphinium_nuttallianum/images/Delphinium_nuttallianum.3047682.jpg,12,103,0,FALSE,1,7,AY87S321MFENV,19719,79.29,2024/4/16,10:51:40,38DCH97KI0MZQFKO6Z6X3S2YHYYQJ8,FALSE
27170246,Delphinium_nuttallianum,8867867,302924,https://crowdcurio-experiment-images.s3.amazonaws.com/Delphinium_nuttallianum/images/Delphinium_nuttallianum.27170246.jpg,0,7,2,FALSE,6,2,A1YPBZS3UWBA2B,19569,15.05,2024/4/16,10:50:37,38DCH97KI0MZQFKO6Z6X3S2YHYYQJ8,FALSE
12959151,Delphinium_nuttallianum,8868192,302554,https://crowdcurio-experiment-images.s3.amazonaws.com/Delphinium_nuttallianum/images/Delphinium_nuttallianum.12959151.jpg,0,13,8,FALSE,1,2,A2ZT7K92SP7FGB,21073,72.42,2024/4/16,10:51:38,38DCH97KI0MZQFKO6Z6X3S2YHYYQJ8,FALSE
28899296,Delphinium_nuttallianum,8868561,302936,https://crowdcurio-experiment-images.s3.amazonaws.com/Delphinium_nuttallianum/images/Delphinium_nuttallianum.28899296.jpg,0,19,3,FALSE,1,3,A2ZT7K92SP7FGB,21073,67.6,2024/4/16,10:52:47,38DCH97KI0MZQFKO6Z6X3S2YHYYQJ8,FALSE
3103176,Delphinium_nuttallianum,8868416,302389,https://crowdcurio-experiment-images.s3.amazonaws.com/Delphinium_nuttallianum/images/Delphinium_nuttallianum.3103176.jpg,10,40,0,FALSE,1,8,AY87S321MFENV,19719,35.5,2024/4/16,10:52:17,38DCH97KI0MZQFKO6Z6X3S2YHYYQJ8,FALSE
3046279,Delphinium_nuttallianum,8868664,302371,https://crowdcurio-experiment-images.s3.amazonaws.com/Delphinium_nuttallianum/images/Delphinium_nuttallianum.3046279.jpg,16,49,0,FALSE,1,9,AY87S321MFENV,19719,51.14,2024/4/16,10:53:10,38DCH97KI0MZQFKO6Z6X3S2YHYYQJ8,FALSE
507730,Delphinium_nuttallianum,8868541,301962,https://crowdcurio-experiment-images.s3.amazonaws.com/Delphinium_nuttallianum/images/Delphinium_nuttallianum.507730.jpg,4,19,0,FALSE,2,9,A1ZU6T8WW2XKV,21797,40.74,2024/4/16,10:52:42,38DCH97KI0MZQFKO6Z6X3S2YHYYQJ8,FALSE
27170241,Delphinium_nuttallianum,8868545,302921,https://crowdcurio-experiment-images.s3.amazonaws.com/Delphinium_nuttallianum/images/Delphinium_nuttallianum.27170241.jpg,0,3,0,FALSE,6,3,A1YPBZS3UWBA2B,19569,122.05,2024/4/16,10:52:43,38DCH97KI0MZQFKO6Z6X3S2YHYYQJ8,FALSE
27170244,Delphinium_nuttallianum,8868609,302923,https://crowdcurio-experiment-images.s3.amazonaws.com/Delphinium_nuttallianum/images/Delphinium_nuttallianum.27170244.jpg,0,7,0,FALSE,6,4,A1YPBZS3UWBA2B,19569,9.18,2024/4/16,10:52:55,38DCH97KI0MZQFKO6Z6X3S2YHYYQJ8,FALSE
520246,Delphinium_nuttallianum,8868638,302003,https://crowdcurio-experiment-images.s3.amazonaws.com/Delphinium_nuttallianum/images/Delphinium_nuttallianum.520246.jpg,0,17,0,FALSE,2,10,A1ZU6T8WW2XKV,21797,15.17,2024/4/16,10:53:03,38DCH97KI0MZQFKO6Z6X3S2YHYYQJ8,FALSE
28440540,Delphinium_nuttallianum,8868687,302935,https://crowdcurio-experiment-images.s3.amazonaws.com/Delphinium_nuttallianum/images/Delphinium_nuttallianum.28440540.jpg,0,6,0,FALSE,1,4,A2ZT7K92SP7FGB,21073,28.75,2024/4/16,10:53:18,38DCH97KI0MZQFKO6Z6X3S2YHYYQJ8,FALSE
3103175,Delphinium_nuttallianum,8869051,302388,https://crowdcurio-experiment-images.s3.amazonaws.com/Delphinium_nuttallianum/images/Delphinium_nuttallianum.3103175.jpg,12,45,30,TRUE,1,10,AY87S321MFENV,19719,67,2024/4/16,10:54:19,38DCH97KI0MZQFKO6Z6X3S2YHYYQJ8,FALSE
27170237,Delphinium_nuttallianum,8868711,302918,https://crowdcurio-experiment-images.s3.amazonaws.com/Delphinium_nuttallianum/images/Delphinium_nuttallianum.27170237.jpg,0,3,0,FALSE,6,5,A1YPBZS3UWBA2B,19569,23.84,2024/4/16,10:53:23,38DCH97KI0MZQFKO6Z6X3S2YHYYQJ8,FALSE
4851565,Delphinium_nuttallianum,8868857,302511,https://crowdcurio-experiment-images.s3.amazonaws.com/Delphinium_nuttallianum/images/Delphinium_nuttallianum.4851565.jpg,0,11,0,FALSE,1,5,A2ZT7K92SP7FGB,21073,28.5,2024/4/16,10:53:48,38DCH97KI0MZQFKO6Z6X3S2YHYYQJ8,FALSE
27170244,Delphinium_nuttallianum,8868781,302923,https://crowdcurio-experiment-images.s3.amazonaws.com/Delphinium_nuttallianum/images/Delphinium_nuttallianum.27170244.jpg,0,8,0,TRUE,6,6,A1YPBZS3UWBA2B,19569,12.19,2024/4/16,10:53:36,38DCH97KI0MZQFKO6Z6X3S2YHYYQJ8,FALSE
3047680,Delphinium_nuttallianum,8868915,302374,https://crowdcurio-experiment-images.s3.amazonaws.com/Delphinium_nuttallianum/images/Delphinium_nuttallianum.3047680.jpg,0,12,0,FALSE,6,7,A1YPBZS3UWBA2B,19569,18.96,2024/4/16,10:53:59,38DCH97KI0MZQFKO6Z6X3S2YHYYQJ8,FALSE
27170238,Delphinium_nuttallianum,8869068,302919,https://crowdcurio-experiment-images.s3.amazonaws.com/Delphinium_nuttallianum/images/Delphinium_nuttallianum.27170238.jpg,0,7,6,FALSE,6,8,A1YPBZS3UWBA2B,19569,20.25,2024/4/16,10:54:22,38DCH97KI0MZQFKO6Z6X3S2YHYYQJ8,FALSE
13084892,Delphinium_nuttallianum,8869383,302623,https://crowdcurio-experiment-images.s3.amazonaws.com/Delphinium_nuttallianum/images/Delphinium_nuttallianum.13084892.jpg,0,8,0,FALSE,1,6,A2ZT7K92SP7FGB,21073,102.36,2024/4/16,10:55:32,38DCH97KI0MZQFKO6Z6X3S2YHYYQJ8,FALSE
27170240,Delphinium_nuttallianum,8869342,302920,https://crowdcurio-experiment-images.s3.amazonaws.com/Delphinium_nuttallianum/images/Delphinium_nuttallianum.27170240.jpg,0,7,0,FALSE,6,9,A1YPBZS3UWBA2B,19569,56.28,2024/4/16,10:55:22,38DCH97KI0MZQFKO6Z6X3S2YHYYQJ8,FALSE
28223589,Delphinium_nuttallianum,8869394,302934,https://crowdcurio-experiment-images.s3.amazonaws.com/Delphinium_nuttallianum/images/Delphinium_nuttallianum.28223589.jpg,0,4,4,FALSE,6,10,A1YPBZS3UWBA2B,19569,10.73,2024/4/16,10:55:35,38DCH97KI0MZQFKO6Z6X3S2YHYYQJ8,FALSE
28899632,Delphinium_nuttallianum,8869612,302937,https://crowdcurio-experiment-images.s3.amazonaws.com/Delphinium_nuttallianum/images/Delphinium_nuttallianum.28899632.jpg,0,0,32,FALSE,1,7,A2ZT7K92SP7FGB,21073,80.39,2024/4/16,10:56:54,38DCH97KI0MZQFKO6Z6X3S2YHYYQJ8,FALSE
27169943,Delphinium_nuttallianum,8869640,302894,https://crowdcurio-experiment-images.s3.amazonaws.com/Delphinium_nuttallianum/images/Delphinium_nuttallianum.27169943.jpg,0,7,0,FALSE,7,1,A1YPBZS3UWBA2B,19569,71.4,2024/4/16,10:57:03,38DCH97KI0MZQFKO6Z6X3S2YHYYQJ8,FALSE
2883690,Delphinium_nuttallianum,8869769,302325,https://crowdcurio-experiment-images.s3.amazonaws.com/Delphinium_nuttallianum/images/Delphinium_nuttallianum.2883690.jpg,0,33,0,FALSE,1,1,A6V08XC9GGT8R,19100,46.94,2024/4/16,10:57:58,38DCH97KI0MZQFKO6Z6X3S2YHYYQJ8,FALSE
27169996,Delphinium_nuttallianum,8869808,302897,https://crowdcurio-experiment-images.s3.amazonaws.com/Delphinium_nuttallianum/images/Delphinium_nuttallianum.27169996.jpg,0,13,0,FALSE,7,2,A1YPBZS3UWBA2B,19569,64.58,2024/4/16,10:58:11,38DCH97KI0MZQFKO6Z6X3S2YHYYQJ8,FALSE
3015963,Delphinium_nuttallianum,8869941,302333,https://crowdcurio-experiment-images.s3.amazonaws.com/Delphinium_nuttallianum/images/Delphinium_nuttallianum.3015963.jpg,0,39,28,FALSE,1,2,A6V08XC9GGT8R,19100,56.95,2024/4/16,10:58:57,38DCH97KI0MZQFKO6Z6X3S2YHYYQJ8,FALSE
27170009,Delphinium_nuttallianum,8869842,302899,https://crowdcurio-experiment-images.s3.amazonaws.com/Delphinium_nuttallianum/images/Delphinium_nuttallianum.27170009.jpg,0,6,0,FALSE,7,3,A1YPBZS3UWBA2B,19569,8.69,2024/4/16,10:58:23,38DCH97KI0MZQFKO6Z6X3S2YHYYQJ8,FALSE
27169947,Delphinium_nuttallianum,8869933,302895,https://crowdcurio-experiment-images.s3.amazonaws.com/Delphinium_nuttallianum/images/Delphinium_nuttallianum.27169947.jpg,0,4,16,FALSE,7,4,A1YPBZS3UWBA2B,19569,27.49,2024/4/16,10:58:54,38DCH97KI0MZQFKO6Z6X3S2YHYYQJ8,FALSE
27169974,Delphinium_nuttallianum,8869978,302896,https://crowdcurio-experiment-images.s3.amazonaws.com/Delphinium_nuttallianum/images/Delphinium_nuttallianum.27169974.jpg,0,10,0,FALSE,7,5,A1YPBZS3UWBA2B,19569,13.4,2024/4/16,10:59:11,38DCH97KI0MZQFKO6Z6X3S2YHYYQJ8,FALSE
2885569,Delphinium_nuttallianum,8871069,302331,https://crowdcurio-experiment-images.s3.amazonaws.com/Delphinium_nuttallianum/images/Delphinium_nuttallianum.2885569.jpg,30,206,0,FALSE,1,3,A6V08XC9GGT8R,19100,213.27,2024/4/16,11:02:31,38DCH97KI0MZQFKO6Z6X3S2YHYYQJ8,FALSE
27169943,Delphinium_nuttallianum,8870073,302894,https://crowdcurio-experiment-images.s3.amazonaws.com/Delphinium_nuttallianum/images/Delphinium_nuttallianum.27169943.jpg,0,7,7,TRUE,7,6,A1YPBZS3UWBA2B,19569,18.18,2024/4/16,10:59:30,38DCH97KI0MZQFKO6Z6X3S2YHYYQJ8,FALSE
27170007,Delphinium_nuttallianum,8870183,302898,https://crowdcurio-experiment-images.s3.amazonaws.com/Delphinium_nuttallianum/images/Delphinium_nuttallianum.27170007.jpg,0,11,0,FALSE,7,7,A1YPBZS3UWBA2B,19569,15.84,2024/4/16,10:59:49,38DCH97KI0MZQFKO6Z6X3S2YHYYQJ8,FALSE
27170011,Delphinium_nuttallianum,8870266,302900,https://crowdcurio-experiment-images.s3.amazonaws.com/Delphinium_nuttallianum/images/Delphinium_nuttallianum.27170011.jpg,0,5,0,FALSE,7,8,A1YPBZS3UWBA2B,19569,12.77,2024/4/16,11:00:05,38DCH97KI0MZQFKO6Z6X3S2YHYYQJ8,FALSE
27169937,Delphinium_nuttallianum,8870334,302892,https://crowdcurio-experiment-images.s3.amazonaws.com/Delphinium_nuttallianum/images/Delphinium_nuttallianum.27169937.jpg,0,6,0,FALSE,7,9,A1YPBZS3UWBA2B,19569,11.21,2024/4/16,11:00:20,38DCH97KI0MZQFKO6Z6X3S2YHYYQJ8,FALSE
27169940,Delphinium_nuttallianum,8870400,302893,https://crowdcurio-experiment-images.s3.amazonaws.com/Delphinium_nuttallianum/images/Delphinium_nuttallianum.27169940.jpg,0,8,0,FALSE,7,10,A1YPBZS3UWBA2B,19569,10.11,2024/4/16,11:00:33,38DCH97KI0MZQFKO6Z6X3S2YHYYQJ8,FALSE
12964743,Delphinium_nuttallianum,8871475,302560,https://crowdcurio-experiment-images.s3.amazonaws.com/Delphinium_nuttallianum/images/Delphinium_nuttallianum.12964743.jpg,0,18,8,FALSE,1,8,A2ZT7K92SP7FGB,21073,405.43,2024/4/16,11:03:41,38DCH97KI0MZQFKO6Z6X3S2YHYYQJ8,FALSE
27170202,Delphinium_nuttallianum,8870822,302909,https://crowdcurio-experiment-images.s3.amazonaws.com/Delphinium_nuttallianum/images/Delphinium_nuttallianum.27170202.jpg,0,3,0,FALSE,1,1,A1XGEZD0XBES4J,22084,122.55,2024/4/16,11:01:51,38DCH97KI0MZQFKO6Z6X3S2YHYYQJ8,FALSE
27170230,Delphinium_nuttallianum,8870885,302915,https://crowdcurio-experiment-images.s3.amazonaws.com/Delphinium_nuttallianum/images/Delphinium_nuttallianum.27170230.jpg,0,3,0,FALSE,1,2,A1XGEZD0XBES4J,22084,8.55,2024/4/16,11:02:03,38DCH97KI0MZQFKO6Z6X3S2YHYYQJ8,FALSE
27170234,Delphinium_nuttallianum,8871026,302916,https://crowdcurio-experiment-images.s3.amazonaws.com/Delphinium_nuttallianum/images/Delphinium_nuttallianum.27170234.jpg,0,10,0,FALSE,1,3,A1XGEZD0XBES4J,22084,18.62,2024/4/16,11:02:24,38DCH97KI0MZQFKO6Z6X3S2YHYYQJ8,FALSE
27170210,Delphinium_nuttallianum,8871139,302912,https://crowdcurio-experiment-images.s3.amazonaws.com/Delphinium_nuttallianum/images/Delphinium_nuttallianum.27170210.jpg,0,6,0,FALSE,1,4,A1XGEZD0XBES4J,22084,18.69,2024/4/16,11:02:46,38DCH97KI0MZQFKO6Z6X3S2YHYYQJ8,FALSE
3015963,Delphinium_nuttallianum,8871358,302333,https://crowdcurio-experiment-images.s3.amazonaws.com/Delphinium_nuttallianum/images/Delphinium_nuttallianum.3015963.jpg,9,41,0,TRUE,1,4,A6V08XC9GGT8R,19100,44.76,2024/4/16,11:03:17,38DCH97KI0MZQFKO6Z6X3S2YHYYQJ8,FALSE
27170236,Delphinium_nuttallianum,8871273,302917,https://crowdcurio-experiment-images.s3.amazonaws.com/Delphinium_nuttallianum/images/Delphinium_nuttallianum.27170236.jpg,0,13,0,FALSE,1,5,A1XGEZD0XBES4J,22084,15.23,2024/4/16,11:03:04,38DCH97KI0MZQFKO6Z6X3S2YHYYQJ8,FALSE
27170210,Delphinium_nuttallianum,8871346,302912,https://crowdcurio-experiment-images.s3.amazonaws.com/Delphinium_nuttallianum/images/Delphinium_nuttallianum.27170210.jpg,0,6,0,TRUE,1,6,A1XGEZD0XBES4J,22084,10,2024/4/16,11:03:16,38DCH97KI0MZQFKO6Z6X3S2YHYYQJ8,FALSE
27170208,Delphinium_nuttallianum,8871404,302911,https://crowdcurio-experiment-images.s3.amazonaws.com/Delphinium_nuttallianum/images/Delphinium_nuttallianum.27170208.jpg,0,2,0,FALSE,1,7,A1XGEZD0XBES4J,22084,9.52,2024/4/16,11:03:28,38DCH97KI0MZQFKO6Z6X3S2YHYYQJ8,FALSE
2884072,Delphinium_nuttallianum,8871819,302326,https://crowdcurio-experiment-images.s3.amazonaws.com/Delphinium_nuttallianum/images/Delphinium_nuttallianum.2884072.jpg,0,113,0,FALSE,1,5,A6V08XC9GGT8R,19100,81.79,2024/4/16,11:04:41,38DCH97KI0MZQFKO6Z6X3S2YHYYQJ8,FALSE
27170215,Delphinium_nuttallianum,8871500,302914,https://crowdcurio-experiment-images.s3.amazonaws.com/Delphinium_nuttallianum/images/Delphinium_nuttallianum.27170215.jpg,0,3,0,FALSE,1,8,A1XGEZD0XBES4J,22084,14.13,2024/4/16,11:03:45,38DCH97KI0MZQFKO6Z6X3S2YHYYQJ8,FALSE
27170203,Delphinium_nuttallianum,8871568,302910,https://crowdcurio-experiment-images.s3.amazonaws.com/Delphinium_nuttallianum/images/Delphinium_nuttallianum.27170203.jpg,0,5,0,FALSE,1,9,A1XGEZD0XBES4J,22084,9.46,2024/4/16,11:03:58,38DCH97KI0MZQFKO6Z6X3S2YHYYQJ8,FALSE
13823337,Delphinium_nuttallianum,8871994,302627,https://crowdcurio-experiment-images.s3.amazonaws.com/Delphinium_nuttallianum/images/Delphinium_nuttallianum.13823337.jpg,0,17,8,FALSE,1,9,A2ZT7K92SP7FGB,21073,88.02,2024/4/16,11:05:10,38DCH97KI0MZQFKO6Z6X3S2YHYYQJ8,FALSE
27170212,Delphinium_nuttallianum,8871719,302913,https://crowdcurio-experiment-images.s3.amazonaws.com/Delphinium_nuttallianum/images/Delphinium_nuttallianum.27170212.jpg,0,10,0,FALSE,1,10,A1XGEZD0XBES4J,22084,21.46,2024/4/16,11:04:22,38DCH97KI0MZQFKO6Z6X3S2YHYYQJ8,FALSE
3015962,Delphinium_nuttallianum,8872063,302332,https://crowdcurio-experiment-images.s3.amazonaws.com/Delphinium_nuttallianum/images/Delphinium_nuttallianum.3015962.jpg,0,59,0,FALSE,1,6,A6V08XC9GGT8R,19100,47.47,2024/4/16,11:05:30,38DCH97KI0MZQFKO6Z6X3S2YHYYQJ8,FALSE
2885533,Delphinium_nuttallianum,8872647,302330,https://crowdcurio-experiment-images.s3.amazonaws.com/Delphinium_nuttallianum/images/Delphinium_nuttallianum.2885533.jpg,0,81,31,FALSE,1,7,A6V08XC9GGT8R,19100,105.87,2024/4/16,11:07:17,38DCH97KI0MZQFKO6Z6X3S2YHYYQJ8,FALSE
12959151,Delphinium_nuttallianum,8872491,302554,https://crowdcurio-experiment-images.s3.amazonaws.com/Delphinium_nuttallianum/images/Delphinium_nuttallianum.12959151.jpg,0,13,10,TRUE,1,10,A2ZT7K92SP7FGB,21073,101,2024/4/16,11:06:52,38DCH97KI0MZQFKO6Z6X3S2YHYYQJ8,FALSE
13823341,Delphinium_nuttallianum,8872421,302629,https://crowdcurio-experiment-images.s3.amazonaws.com/Delphinium_nuttallianum/images/Delphinium_nuttallianum.13823341.jpg,0,16,0,FALSE,1,1,A23BX7APHVWAZL,19122,134.54,2024/4/16,11:06:38,38DCH97KI0MZQFKO6Z6X3S2YHYYQJ8,FALSE
13823342,Delphinium_nuttallianum,8872755,302630,https://crowdcurio-experiment-images.s3.amazonaws.com/Delphinium_nuttallianum/images/Delphinium_nuttallianum.13823342.jpg,11,16,0,FALSE,1,2,A23BX7APHVWAZL,19122,58.85,2024/4/16,11:07:39,38DCH97KI0MZQFKO6Z6X3S2YHYYQJ8,FALSE
2884237,Delphinium_nuttallianum,8873172,302327,https://crowdcurio-experiment-images.s3.amazonaws.com/Delphinium_nuttallianum/images/Delphinium_nuttallianum.2884237.jpg,41,56,0,FALSE,1,8,A6V08XC9GGT8R,19100,90.22,2024/4/16,11:08:49,38DCH97KI0MZQFKO6Z6X3S2YHYYQJ8,FALSE
1343518,Delphinium_nuttallianum,8872830,302116,https://crowdcurio-experiment-images.s3.amazonaws.com/Delphinium_nuttallianum/images/Delphinium_nuttallianum.1343518.jpg,2,5,2,FALSE,2,1,A2ZT7K92SP7FGB,21073,36.56,2024/4/16,11:07:54,38DCH97KI0MZQFKO6Z6X3S2YHYYQJ8,FALSE
27169936,Delphinium_nuttallianum,8872953,302891,https://crowdcurio-experiment-images.s3.amazonaws.com/Delphinium_nuttallianum/images/Delphinium_nuttallianum.27169936.jpg,4,11,0,FALSE,1,3,A23BX7APHVWAZL,19122,31.77,2024/4/16,11:08:13,38DCH97KI0MZQFKO6Z6X3S2YHYYQJ8,FALSE
1399565,Delphinium_nuttallianum,8873168,302118,https://crowdcurio-experiment-images.s3.amazonaws.com/Delphinium_nuttallianum/images/Delphinium_nuttallianum.1399565.jpg,23,8,0,FALSE,2,2,A2ZT7K92SP7FGB,21073,53.15,2024/4/16,11:08:49,38DCH97KI0MZQFKO6Z6X3S2YHYYQJ8,FALSE
27169903,Delphinium_nuttallianum,8873070,302889,https://crowdcurio-experiment-images.s3.amazonaws.com/Delphinium_nuttallianum/images/Delphinium_nuttallianum.27169903.jpg,0,13,0,FALSE,1,4,A23BX7APHVWAZL,19122,20.75,2024/4/16,11:08:35,38DCH97KI0MZQFKO6Z6X3S2YHYYQJ8,FALSE
13823344,Delphinium_nuttallianum,8873229,302632,https://crowdcurio-experiment-images.s3.amazonaws.com/Delphinium_nuttallianum/images/Delphinium_nuttallianum.13823344.jpg,0,16,0,FALSE,1,5,A23BX7APHVWAZL,19122,19.71,2024/4/16,11:08:56,38DCH97KI0MZQFKO6Z6X3S2YHYYQJ8,FALSE
2885317,Delphinium_nuttallianum,8874107,302329,https://crowdcurio-experiment-images.s3.amazonaws.com/Delphinium_nuttallianum/images/Delphinium_nuttallianum.2885317.jpg,33,134,0,FALSE,1,9,A6V08XC9GGT8R,19100,132.25,2024/4/16,11:11:03,38DCH97KI0MZQFKO6Z6X3S2YHYYQJ8,FALSE
1398089,Delphinium_nuttallianum,8873481,302117,https://crowdcurio-experiment-images.s3.amazonaws.com/Delphinium_nuttallianum/images/Delphinium_nuttallianum.1398089.jpg,0,13,6,FALSE,2,3,A2ZT7K92SP7FGB,21073,38.15,2024/4/16,11:09:29,38DCH97KI0MZQFKO6Z6X3S2YHYYQJ8,FALSE
27169903,Delphinium_nuttallianum,8873515,302889,https://crowdcurio-experiment-images.s3.amazonaws.com/Delphinium_nuttallianum/images/Delphinium_nuttallianum.27169903.jpg,2,14,0,TRUE,1,6,A23BX7APHVWAZL,19122,37.55,2024/4/16,11:09:35,38DCH97KI0MZQFKO6Z6X3S2YHYYQJ8,FALSE
1658226,Delphinium_nuttallianum,8873710,302233,https://crowdcurio-experiment-images.s3.amazonaws.com/Delphinium_nuttallianum/images/Delphinium_nuttallianum.1658226.jpg,1,8,5,FALSE,2,4,A2ZT7K92SP7FGB,21073,35.35,2024/4/16,11:10:06,38DCH97KI0MZQFKO6Z6X3S2YHYYQJ8,FALSE
13288114,Delphinium_nuttallianum,8873685,302626,https://crowdcurio-experiment-images.s3.amazonaws.com/Delphinium_nuttallianum/images/Delphinium_nuttallianum.13288114.jpg,3,12,0,FALSE,1,7,A23BX7APHVWAZL,19122,25.15,2024/4/16,11:10:02,38DCH97KI0MZQFKO6Z6X3S2YHYYQJ8,FALSE
13823340,Delphinium_nuttallianum,8873829,302628,https://crowdcurio-experiment-images.s3.amazonaws.com/Delphinium_nuttallianum/images/Delphinium_nuttallianum.13823340.jpg,2,14,0,FALSE,1,8,A23BX7APHVWAZL,19122,18.65,2024/4/16,11:10:22,38DCH97KI0MZQFKO6Z6X3S2YHYYQJ8,FALSE
1657279,Delphinium_nuttallianum,8873964,302232,https://crowdcurio-experiment-images.s3.amazonaws.com/Delphinium_nuttallianum/images/Delphinium_nuttallianum.1657279.jpg,0,18,1,FALSE,2,5,A2ZT7K92SP7FGB,21073,33.62,2024/4/16,11:10:41,38DCH97KI0MZQFKO6Z6X3S2YHYYQJ8,FALSE
27169935,Delphinium_nuttallianum,8874037,302890,https://crowdcurio-experiment-images.s3.amazonaws.com/Delphinium_nuttallianum/images/Delphinium_nuttallianum.27169935.jpg,2,19,0,FALSE,1,9,A23BX7APHVWAZL,19122,27.32,2024/4/16,11:10:51,38DCH97KI0MZQFKO6Z6X3S2YHYYQJ8,FALSE
1343002,Delphinium_nuttallianum,8874112,302115,https://crowdcurio-experiment-images.s3.amazonaws.com/Delphinium_nuttallianum/images/Delphinium_nuttallianum.1343002.jpg,0,14,0,FALSE,2,6,A2ZT7K92SP7FGB,21073,21.92,2024/4/16,11:11:04,38DCH97KI0MZQFKO6Z6X3S2YHYYQJ8,FALSE
13823343,Delphinium_nuttallianum,8874109,302631,https://crowdcurio-experiment-images.s3.amazonaws.com/Delphinium_nuttallianum/images/Delphinium_nuttallianum.13823343.jpg,0,6,1,FALSE,1,10,A23BX7APHVWAZL,19122,10.93,2024/4/16,11:11:04,38DCH97KI0MZQFKO6Z6X3S2YHYYQJ8,FALSE
2884992,Delphinium_nuttallianum,8874686,302328,https://crowdcurio-experiment-images.s3.amazonaws.com/Delphinium_nuttallianum/images/Delphinium_nuttallianum.2884992.jpg,22,114,0,FALSE,1,10,A6V08XC9GGT8R,19100,103.42,2024/4/16,11:12:49,38DCH97KI0MZQFKO6Z6X3S2YHYYQJ8,FALSE
1659323,Delphinium_nuttallianum,8874528,302234,https://crowdcurio-experiment-images.s3.amazonaws.com/Delphinium_nuttallianum/images/Delphinium_nuttallianum.1659323.jpg,2,24,9,FALSE,2,7,A2ZT7K92SP7FGB,21073,76.77,2024/4/16,11:12:22,38DCH97KI0MZQFKO6Z6X3S2YHYYQJ8,FALSE
3075407,Delphinium_nuttallianum,8874407,302385,https://crowdcurio-experiment-images.s3.amazonaws.com/Delphinium_nuttallianum/images/Delphinium_nuttallianum.3075407.jpg,7,6,0,FALSE,2,1,A23BX7APHVWAZL,19122,34.48,2024/4/16,11:11:57,38DCH97KI0MZQFKO6Z6X3S2YHYYQJ8,FALSE
3075500,Delphinium_nuttallianum,8874516,302387,https://crowdcurio-experiment-images.s3.amazonaws.com/Delphinium_nuttallianum/images/Delphinium_nuttallianum.3075500.jpg,0,11,0,FALSE,2,2,A23BX7APHVWAZL,19122,21.5,2024/4/16,11:12:20,38DCH97KI0MZQFKO6Z6X3S2YHYYQJ8,FALSE
1340045,Delphinium_nuttallianum,8874635,302102,https://crowdcurio-experiment-images.s3.amazonaws.com/Delphinium_nuttallianum/images/Delphinium_nuttallianum.1340045.jpg,1,7,0,FALSE,2,3,A23BX7APHVWAZL,19122,19.4,2024/4/16,11:12:41,38DCH97KI0MZQFKO6Z6X3S2YHYYQJ8,FALSE
1656827,Delphinium_nuttallianum,8874827,302231,https://crowdcurio-experiment-images.s3.amazonaws.com/Delphinium_nuttallianum/images/Delphinium_nuttallianum.1656827.jpg,0,24,5,FALSE,2,8,A2ZT7K92SP7FGB,21073,53.84,2024/4/16,11:13:18,38DCH97KI0MZQFKO6Z6X3S2YHYYQJ8,FALSE
3075445,Delphinium_nuttallianum,8874749,302386,https://crowdcurio-experiment-images.s3.amazonaws.com/Delphinium_nuttallianum/images/Delphinium_nuttallianum.3075445.jpg,0,17,0,FALSE,2,4,A23BX7APHVWAZL,19122,17.26,2024/4/16,11:13:00,38DCH97KI0MZQFKO6Z6X3S2YHYYQJ8,FALSE
1339723,Delphinium_nuttallianum,8874828,302101,https://crowdcurio-experiment-images.s3.amazonaws.com/Delphinium_nuttallianum/images/Delphinium_nuttallianum.1339723.jpg,0,15,0,FALSE,2,5,A23BX7APHVWAZL,19122,16.95,2024/4/16,11:13:18,38DCH97KI0MZQFKO6Z6X3S2YHYYQJ8,FALSE
3075404,Delphinium_nuttallianum,8874888,302384,https://crowdcurio-experiment-images.s3.amazonaws.com/Delphinium_nuttallianum/images/Delphinium_nuttallianum.3075404.jpg,0,6,0,FALSE,2,6,A23BX7APHVWAZL,19122,13.32,2024/4/16,11:13:33,38DCH97KI0MZQFKO6Z6X3S2YHYYQJ8,FALSE
1398089,Delphinium_nuttallianum,8874983,302117,https://crowdcurio-experiment-images.s3.amazonaws.com/Delphinium_nuttallianum/images/Delphinium_nuttallianum.1398089.jpg,2,14,6,TRUE,2,9,A2ZT7K92SP7FGB,21073,49.58,2024/4/16,11:14:09,38DCH97KI0MZQFKO6Z6X3S2YHYYQJ8,FALSE
2885317,Delphinium_nuttallianum,8875033,302329,https://crowdcurio-experiment-images.s3.amazonaws.com/Delphinium_nuttallianum/images/Delphinium_nuttallianum.2885317.jpg,6,20,0,FALSE,2,7,A23BX7APHVWAZL,19122,51.51,2024/4/16,11:14:26,38DCH97KI0MZQFKO6Z6X3S2YHYYQJ8,FALSE
1340484,Delphinium_nuttallianum,8875096,302105,https://crowdcurio-experiment-images.s3.amazonaws.com/Delphinium_nuttallianum/images/Delphinium_nuttallianum.1340484.jpg,0,16,0,FALSE,2,10,A2ZT7K92SP7FGB,21073,32.9,2024/4/16,11:14:43,38DCH97KI0MZQFKO6Z6X3S2YHYYQJ8,FALSE
1340100,Delphinium_nuttallianum,8875110,302103,https://crowdcurio-experiment-images.s3.amazonaws.com/Delphinium_nuttallianum/images/Delphinium_nuttallianum.1340100.jpg,4,6,0,FALSE,2,8,A23BX7APHVWAZL,19122,20.02,2024/4/16,11:14:48,38DCH97KI0MZQFKO6Z6X3S2YHYYQJ8,FALSE
1340306,Delphinium_nuttallianum,8875179,302104,https://crowdcurio-experiment-images.s3.amazonaws.com/Delphinium_nuttallianum/images/Delphinium_nuttallianum.1340306.jpg,0,21,0,FALSE,2,9,A23BX7APHVWAZL,19122,22.6,2024/4/16,11:15:12,38DCH97KI0MZQFKO6Z6X3S2YHYYQJ8,FALSE
3045139,Delphinium_nuttallianum,8875313,302368,https://crowdcurio-experiment-images.s3.amazonaws.com/Delphinium_nuttallianum/images/Delphinium_nuttallianum.3045139.jpg,0,29,2,FALSE,3,1,A2ZT7K92SP7FGB,21073,54.55,2024/4/16,11:16:01,38DCH97KI0MZQFKO6Z6X3S2YHYYQJ8,FALSE
3075404,Delphinium_nuttallianum,8875265,302384,https://crowdcurio-experiment-images.s3.amazonaws.com/Delphinium_nuttallianum/images/Delphinium_nuttallianum.3075404.jpg,2,6,0,TRUE,2,10,A23BX7APHVWAZL,19122,27.4,2024/4/16,11:15:40,38DCH97KI0MZQFKO6Z6X3S2YHYYQJ8,FALSE
3060489,Delphinium_nuttallianum,8875370,302383,https://crowdcurio-experiment-images.s3.amazonaws.com/Delphinium_nuttallianum/images/Delphinium_nuttallianum.3060489.jpg,0,12,0,FALSE,3,2,A2ZT7K92SP7FGB,21073,19.22,2024/4/16,11:16:22,38DCH97KI0MZQFKO6Z6X3S2YHYYQJ8,FALSE
3045030,Delphinium_nuttallianum,8875550,302365,https://crowdcurio-experiment-images.s3.amazonaws.com/Delphinium_nuttallianum/images/Delphinium_nuttallianum.3045030.jpg,11,23,0,FALSE,3,3,A2ZT7K92SP7FGB,21073,49.52,2024/4/16,11:17:12,38DCH97KI0MZQFKO6Z6X3S2YHYYQJ8,FALSE
2814607,Delphinium_nuttallianum,8875619,302288,https://crowdcurio-experiment-images.s3.amazonaws.com/Delphinium_nuttallianum/images/Delphinium_nuttallianum.2814607.jpg,12,19,8,FALSE,3,1,A23BX7APHVWAZL,19122,104.74,2024/4/16,11:17:42,38DCH97KI0MZQFKO6Z6X3S2YHYYQJ8,FALSE
3045144,Delphinium_nuttallianum,8875632,302369,https://crowdcurio-experiment-images.s3.amazonaws.com/Delphinium_nuttallianum/images/Delphinium_nuttallianum.3045144.jpg,0,8,11,FALSE,3,4,A2ZT7K92SP7FGB,21073,35.79,2024/4/16,11:17:50,38DCH97KI0MZQFKO6Z6X3S2YHYYQJ8,FALSE
1770832,Delphinium_nuttallianum,8875682,302275,https://crowdcurio-experiment-images.s3.amazonaws.com/Delphinium_nuttallianum/images/Delphinium_nuttallianum.1770832.jpg,0,14,0,FALSE,3,2,A23BX7APHVWAZL,19122,23.4,2024/4/16,11:18:07,38DCH97KI0MZQFKO6Z6X3S2YHYYQJ8,FALSE
3045049,Delphinium_nuttallianum,8875803,302366,https://crowdcurio-experiment-images.s3.amazonaws.com/Delphinium_nuttallianum/images/Delphinium_nuttallianum.3045049.jpg,5,13,1,FALSE,3,5,A2ZT7K92SP7FGB,21073,68.67,2024/4/16,11:19:00,38DCH97KI0MZQFKO6Z6X3S2YHYYQJ8,FALSE
1769554,Delphinium_nuttallianum,8875730,302274,https://crowdcurio-experiment-images.s3.amazonaws.com/Delphinium_nuttallianum/images/Delphinium_nuttallianum.1769554.jpg,0,8,0,FALSE,3,3,A23BX7APHVWAZL,19122,15.82,2024/4/16,11:18:24,38DCH97KI0MZQFKO6Z6X3S2YHYYQJ8,FALSE
2814606,Delphinium_nuttallianum,8875773,302287,https://crowdcurio-experiment-images.s3.amazonaws.com/Delphinium_nuttallianum/images/Delphinium_nuttallianum.2814606.jpg,2,9,5,FALSE,3,4,A23BX7APHVWAZL,19122,19.87,2024/4/16,11:18:45,38DCH97KI0MZQFKO6Z6X3S2YHYYQJ8,FALSE
1766949,Delphinium_nuttallianum,8875819,302272,https://crowdcurio-experiment-images.s3.amazonaws.com/Delphinium_nuttallianum/images/Delphinium_nuttallianum.1766949.jpg,0,12,1,FALSE,3,5,A23BX7APHVWAZL,19122,21.54,2024/4/16,11:19:09,38DCH97KI0MZQFKO6Z6X3S2YHYYQJ8,FALSE
3045020,Delphinium_nuttallianum,8875896,302364,https://crowdcurio-experiment-images.s3.amazonaws.com/Delphinium_nuttallianum/images/Delphinium_nuttallianum.3045020.jpg,4,10,5,FALSE,3,6,A2ZT7K92SP7FGB,21073,34.46,2024/4/16,11:19:36,38DCH97KI0MZQFKO6Z6X3S2YHYYQJ8,FALSE
1772013,Delphinium_nuttallianum,8875880,302277,https://crowdcurio-experiment-images.s3.amazonaws.com/Delphinium_nuttallianum/images/Delphinium_nuttallianum.1772013.jpg,5,6,0,FALSE,3,6,A23BX7APHVWAZL,19122,19.41,2024/4/16,11:19:30,38DCH97KI0MZQFKO6Z6X3S2YHYYQJ8,FALSE
1769046,Delphinium_nuttallianum,8875940,302273,https://crowdcurio-experiment-images.s3.amazonaws.com/Delphinium_nuttallianum/images/Delphinium_nuttallianum.1769046.jpg,0,1,11,FALSE,3,7,A23BX7APHVWAZL,19122,23.87,2024/4/16,11:19:55,38DCH97KI0MZQFKO6Z6X3S2YHYYQJ8,FALSE
3045030,Delphinium_nuttallianum,8876052,302365,https://crowdcurio-experiment-images.s3.amazonaws.com/Delphinium_nuttallianum/images/Delphinium_nuttallianum.3045030.jpg,6,29,0,TRUE,3,7,A2ZT7K92SP7FGB,21073,53.28,2024/4/16,11:20:30,38DCH97KI0MZQFKO6Z6X3S2YHYYQJ8,FALSE
1771641,Delphinium_nuttallianum,8875984,302276,https://crowdcurio-experiment-images.s3.amazonaws.com/Delphinium_nuttallianum/images/Delphinium_nuttallianum.1771641.jpg,0,10,0,FALSE,3,8,A23BX7APHVWAZL,19122,15.49,2024/4/16,11:20:12,38DCH97KI0MZQFKO6Z6X3S2YHYYQJ8,FALSE
3044986,Delphinium_nuttallianum,8876068,302361,https://crowdcurio-experiment-images.s3.amazonaws.com/Delphinium_nuttallianum/images/Delphinium_nuttallianum.3044986.jpg,0,11,5,FALSE,3,9,A23BX7APHVWAZL,19122,22.22,2024/4/16,11:20:36,38DCH97KI0MZQFKO6Z6X3S2YHYYQJ8,FALSE
3045076,Delphinium_nuttallianum,8876361,302367,https://crowdcurio-experiment-images.s3.amazonaws.com/Delphinium_nuttallianum/images/Delphinium_nuttallianum.3045076.jpg,0,15,47,FALSE,3,8,A2ZT7K92SP7FGB,21073,77.24,2024/4/16,11:21:49,38DCH97KI0MZQFKO6Z6X3S2YHYYQJ8,FALSE
1766949,Delphinium_nuttallianum,8876143,302272,https://crowdcurio-experiment-images.s3.amazonaws.com/Delphinium_nuttallianum/images/Delphinium_nuttallianum.1766949.jpg,0,13,0,TRUE,3,10,A23BX7APHVWAZL,19122,14.91,2024/4/16,11:20:52,38DCH97KI0MZQFKO6Z6X3S2YHYYQJ8,FALSE
4750034,Delphinium_nuttallianum,8876376,302495,https://crowdcurio-experiment-images.s3.amazonaws.com/Delphinium_nuttallianum/images/Delphinium_nuttallianum.4750034.jpg,3,8,3,FALSE,4,1,A23BX7APHVWAZL,19122,44.34,2024/4/16,11:21:54,38DCH97KI0MZQFKO6Z6X3S2YHYYQJ8,FALSE
3045005,Delphinium_nuttallianum,8876612,302363,https://crowdcurio-experiment-images.s3.amazonaws.com/Delphinium_nuttallianum/images/Delphinium_nuttallianum.3045005.jpg,24,22,1,FALSE,3,9,A2ZT7K92SP7FGB,21073,72.86,2024/4/16,11:23:03,38DCH97KI0MZQFKO6Z6X3S2YHYYQJ8,FALSE
4750072,Delphinium_nuttallianum,8876454,302496,https://crowdcurio-experiment-images.s3.amazonaws.com/Delphinium_nuttallianum/images/Delphinium_nuttallianum.4750072.jpg,0,8,0,FALSE,4,2,A23BX7APHVWAZL,19122,19.3,2024/4/16,11:22:15,38DCH97KI0MZQFKO6Z6X3S2YHYYQJ8,FALSE
21980452,Delphinium_nuttallianum,8876711,302825,https://crowdcurio-experiment-images.s3.amazonaws.com/Delphinium_nuttallianum/images/Delphinium_nuttallianum.21980452.jpg,0,11,15,FALSE,4,3,A23BX7APHVWAZL,19122,71.22,2024/4/16,11:23:28,38DCH97KI0MZQFKO6Z6X3S2YHYYQJ8,FALSE
3044996,Delphinium_nuttallianum,8876780,302362,https://crowdcurio-experiment-images.s3.amazonaws.com/Delphinium_nuttallianum/images/Delphinium_nuttallianum.3044996.jpg,0,24,8,FALSE,3,10,A2ZT7K92SP7FGB,21073,41.9,2024/4/16,11:23:46,38DCH97KI0MZQFKO6Z6X3S2YHYYQJ8,FALSE
21980454,Delphinium_nuttallianum,8876840,302826,https://crowdcurio-experiment-images.s3.amazonaws.com/Delphinium_nuttallianum/images/Delphinium_nuttallianum.21980454.jpg,0,13,4,FALSE,4,4,A23BX7APHVWAZL,19122,35.81,2024/4/16,11:24:06,38DCH97KI0MZQFKO6Z6X3S2YHYYQJ8,FALSE
21980448,Delphinium_nuttallianum,8876901,302822,https://crowdcurio-experiment-images.s3.amazonaws.com/Delphinium_nuttallianum/images/Delphinium_nuttallianum.21980448.jpg,0,3,0,FALSE,4,5,A23BX7APHVWAZL,19122,25.04,2024/4/16,11:24:33,38DCH97KI0MZQFKO6Z6X3S2YHYYQJ8,FALSE
4746978,Delphinium_nuttallianum,8877072,302494,https://crowdcurio-experiment-images.s3.amazonaws.com/Delphinium_nuttallianum/images/Delphinium_nuttallianum.4746978.jpg,10,0,4,FALSE,4,6,A23BX7APHVWAZL,19122,60.25,2024/4/16,11:25:34,38DCH97KI0MZQFKO6Z6X3S2YHYYQJ8,FALSE
1752022,Delphinium_nuttallianum,8877207,302271,https://crowdcurio-experiment-images.s3.amazonaws.com/Delphinium_nuttallianum/images/Delphinium_nuttallianum.1752022.jpg,0,17,0,FALSE,4,7,A23BX7APHVWAZL,19122,36.04,2024/4/16,11:26:12,38DCH97KI0MZQFKO6Z6X3S2YHYYQJ8,FALSE
21980450,Delphinium_nuttallianum,8877300,302824,https://crowdcurio-experiment-images.s3.amazonaws.com/Delphinium_nuttallianum/images/Delphinium_nuttallianum.21980450.jpg,0,14,1,FALSE,4,8,A23BX7APHVWAZL,19122,30.15,2024/4/16,11:26:43,38DCH97KI0MZQFKO6Z6X3S2YHYYQJ8,FALSE
21930672,Delphinium_nuttallianum,8877417,302814,https://crowdcurio-experiment-images.s3.amazonaws.com/Delphinium_nuttallianum/images/Delphinium_nuttallianum.21930672.jpg,0,15,0,FALSE,4,9,A23BX7APHVWAZL,19122,51.44,2024/4/16,11:27:36,38DCH97KI0MZQFKO6Z6X3S2YHYYQJ8,FALSE
21980448,Delphinium_nuttallianum,8877522,302822,https://crowdcurio-experiment-images.s3.amazonaws.com/Delphinium_nuttallianum/images/Delphinium_nuttallianum.21980448.jpg,0,3,0,TRUE,4,10,A23BX7APHVWAZL,19122,32.74,2024/4/16,11:28:10,38DCH97KI0MZQFKO6Z6X3S2YHYYQJ8,FALSE
21980444,Delphinium_nuttallianum,8877775,302818,https://crowdcurio-experiment-images.s3.amazonaws.com/Delphinium_nuttallianum/images/Delphinium_nuttallianum.21980444.jpg,0,3,0,FALSE,5,1,A23BX7APHVWAZL,19122,53.09,2024/4/16,11:29:20,38DCH97KI0MZQFKO6Z6X3S2YHYYQJ8,FALSE
3049062,Delphinium_nuttallianum,8878011,302379,https://crowdcurio-experiment-images.s3.amazonaws.com/Delphinium_nuttallianum/images/Delphinium_nuttallianum.3049062.jpg,0,1,5,FALSE,5,2,A23BX7APHVWAZL,19122,61.06,2024/4/16,11:30:23,38DCH97KI0MZQFKO6Z6X3S2YHYYQJ8,FALSE
21980446,Delphinium_nuttallianum,8878074,302820,https://crowdcurio-experiment-images.s3.amazonaws.com/Delphinium_nuttallianum/images/Delphinium_nuttallianum.21980446.jpg,0,9,0,FALSE,5,3,A23BX7APHVWAZL,19122,20.44,2024/4/16,11:30:45,38DCH97KI0MZQFKO6Z6X3S2YHYYQJ8,FALSE
21749880,Delphinium_nuttallianum,8878156,302813,https://crowdcurio-experiment-images.s3.amazonaws.com/Delphinium_nuttallianum/images/Delphinium_nuttallianum.21749880.jpg,0,4,10,FALSE,5,4,A23BX7APHVWAZL,19122,26.96,2024/4/16,11:31:13,38DCH97KI0MZQFKO6Z6X3S2YHYYQJ8,FALSE
21974383,Delphinium_nuttallianum,8878253,302815,https://crowdcurio-experiment-images.s3.amazonaws.com/Delphinium_nuttallianum/images/Delphinium_nuttallianum.21974383.jpg,0,16,0,FALSE,5,5,A23BX7APHVWAZL,19122,19.11,2024/4/16,11:31:34,38DCH97KI0MZQFKO6Z6X3S2YHYYQJ8,FALSE
21980013,Delphinium_nuttallianum,8878397,302816,https://crowdcurio-experiment-images.s3.amazonaws.com/Delphinium_nuttallianum/images/Delphinium_nuttallianum.21980013.jpg,1,17,0,FALSE,5,6,A23BX7APHVWAZL,19122,28.6,2024/4/16,11:32:04,38DCH97KI0MZQFKO6Z6X3S2YHYYQJ8,FALSE
21980447,Delphinium_nuttallianum,8878479,302821,https://crowdcurio-experiment-images.s3.amazonaws.com/Delphinium_nuttallianum/images/Delphinium_nuttallianum.21980447.jpg,0,7,0,FALSE,5,7,A23BX7APHVWAZL,19122,19.13,2024/4/16,11:32:25,38DCH97KI0MZQFKO6Z6X3S2YHYYQJ8,FALSE
21980449,Delphinium_nuttallianum,8878697,302823,https://crowdcurio-experiment-images.s3.amazonaws.com/Delphinium_nuttallianum/images/Delphinium_nuttallianum.21980449.jpg,0,10,0,FALSE,5,8,A23BX7APHVWAZL,19122,47.05,2024/4/16,11:33:13,38DCH97KI0MZQFKO6Z6X3S2YHYYQJ8,FALSE
21980442,Delphinium_nuttallianum,8878810,302817,https://crowdcurio-experiment-images.s3.amazonaws.com/Delphinium_nuttallianum/images/Delphinium_nuttallianum.21980442.jpg,3,17,0,FALSE,5,9,A23BX7APHVWAZL,19122,31.04,2024/4/16,11:33:46,38DCH97KI0MZQFKO6Z6X3S2YHYYQJ8,FALSE
21980013,Delphinium_nuttallianum,8878978,302816,https://crowdcurio-experiment-images.s3.amazonaws.com/Delphinium_nuttallianum/images/Delphinium_nuttallianum.21980013.jpg,0,17,0,TRUE,5,10,A23BX7APHVWAZL,19122,29.45,2024/4/16,11:34:16,38DCH97KI0MZQFKO6Z6X3S2YHYYQJ8,FALSE
13015149,Delphinium_nuttallianum,8879098,302571,https://crowdcurio-experiment-images.s3.amazonaws.com/Delphinium_nuttallianum/images/Delphinium_nuttallianum.13015149.jpg,1,5,3,FALSE,6,1,A23BX7APHVWAZL,19122,23.11,2024/4/16,11:34:55,38DCH97KI0MZQFKO6Z6X3S2YHYYQJ8,FALSE
6086919,Delphinium_nuttallianum,8879172,302536,https://crowdcurio-experiment-images.s3.amazonaws.com/Delphinium_nuttallianum/images/Delphinium_nuttallianum.6086919.jpg,0,4,1,FALSE,6,2,A23BX7APHVWAZL,19122,25.82,2024/4/16,11:35:22,38DCH97KI0MZQFKO6Z6X3S2YHYYQJ8,FALSE
3048446,Delphinium_nuttallianum,8879266,302378,https://crowdcurio-experiment-images.s3.amazonaws.com/Delphinium_nuttallianum/images/Delphinium_nuttallianum.3048446.jpg,1,19,0,FALSE,6,3,A23BX7APHVWAZL,19122,29.17,2024/4/16,11:35:53,38DCH97KI0MZQFKO6Z6X3S2YHYYQJ8,FALSE
6081982,Delphinium_nuttallianum,8879339,302534,https://crowdcurio-experiment-images.s3.amazonaws.com/Delphinium_nuttallianum/images/Delphinium_nuttallianum.6081982.jpg,1,7,0,FALSE,6,4,A23BX7APHVWAZL,19122,21.99,2024/4/16,11:36:16,38DCH97KI0MZQFKO6Z6X3S2YHYYQJ8,FALSE
4750178,Delphinium_nuttallianum,8879440,302497,https://crowdcurio-experiment-images.s3.amazonaws.com/Delphinium_nuttallianum/images/Delphinium_nuttallianum.4750178.jpg,0,7,0,FALSE,6,5,A23BX7APHVWAZL,19122,29.71,2024/4/16,11:36:47,38DCH97KI0MZQFKO6Z6X3S2YHYYQJ8,FALSE
3047938,Delphinium_nuttallianum,8879555,302377,https://crowdcurio-experiment-images.s3.amazonaws.com/Delphinium_nuttallianum/images/Delphinium_nuttallianum.3047938.jpg,0,16,0,FALSE,6,6,A23BX7APHVWAZL,19122,22.25,2024/4/16,11:37:11,38DCH97KI0MZQFKO6Z6X3S2YHYYQJ8,FALSE
13014958,Delphinium_nuttallianum,8879730,302570,https://crowdcurio-experiment-images.s3.amazonaws.com/Delphinium_nuttallianum/images/Delphinium_nuttallianum.13014958.jpg,0,20,0,FALSE,6,7,A23BX7APHVWAZL,19122,35.72,2024/4/16,11:37:48,38DCH97KI0MZQFKO6Z6X3S2YHYYQJ8,FALSE
13015270,Delphinium_nuttallianum,8879873,302572,https://crowdcurio-experiment-images.s3.amazonaws.com/Delphinium_nuttallianum/images/Delphinium_nuttallianum.13015270.jpg,0,7,0,FALSE,6,8,A23BX7APHVWAZL,19122,24.18,2024/4/16,11:38:14,38DCH97KI0MZQFKO6Z6X3S2YHYYQJ8,FALSE
6082253,Delphinium_nuttallianum,8879997,302535,https://crowdcurio-experiment-images.s3.amazonaws.com/Delphinium_nuttallianum/images/Delphinium_nuttallianum.6082253.jpg,0,8,0,FALSE,6,9,A23BX7APHVWAZL,19122,23.6,2024/4/16,11:38:39,38DCH97KI0MZQFKO6Z6X3S2YHYYQJ8,FALSE
3047938,Delphinium_nuttallianum,8880147,302377,https://crowdcurio-experiment-images.s3.amazonaws.com/Delphinium_nuttallianum/images/Delphinium_nuttallianum.3047938.jpg,0,13,0,TRUE,6,10,A23BX7APHVWAZL,19122,32.44,2024/4/16,11:39:12,38DCH97KI0MZQFKO6Z6X3S2YHYYQJ8,FALSE
27170196,Delphinium_nuttallianum,8880351,302907,https://crowdcurio-experiment-images.s3.amazonaws.com/Delphinium_nuttallianum/images/Delphinium_nuttallianum.27170196.jpg,7,3,0,FALSE,7,1,A23BX7APHVWAZL,19122,35.32,2024/4/16,11:40:03,38DCH97KI0MZQFKO6Z6X3S2YHYYQJ8,FALSE
7103728,Delphinium_nuttallianum,8880444,302541,https://crowdcurio-experiment-images.s3.amazonaws.com/Delphinium_nuttallianum/images/Delphinium_nuttallianum.7103728.jpg,0,20,0,FALSE,7,2,A23BX7APHVWAZL,19122,27.19,2024/4/16,11:40:32,38DCH97KI0MZQFKO6Z6X3S2YHYYQJ8,FALSE
6095370,Delphinium_nuttallianum,8880593,302539,https://crowdcurio-experiment-images.s3.amazonaws.com/Delphinium_nuttallianum/images/Delphinium_nuttallianum.6095370.jpg,5,10,0,FALSE,7,3,A23BX7APHVWAZL,19122,35.26,2024/4/16,11:41:09,38DCH97KI0MZQFKO6Z6X3S2YHYYQJ8,FALSE
27170196,Delphinium_nuttallianum,8880700,302907,https://crowdcurio-experiment-images.s3.amazonaws.com/Delphinium_nuttallianum/images/Delphinium_nuttallianum.27170196.jpg,10,3,0,TRUE,7,4,A23BX7APHVWAZL,19122,33.94,2024/4/16,11:41:44,38DCH97KI0MZQFKO6Z6X3S2YHYYQJ8,FALSE
7758275,Delphinium_nuttallianum,8880806,302542,https://crowdcurio-experiment-images.s3.amazonaws.com/Delphinium_nuttallianum/images/Delphinium_nuttallianum.7758275.jpg,0,13,0,FALSE,7,5,A23BX7APHVWAZL,19122,29.33,2024/4/16,11:42:14,38DCH97KI0MZQFKO6Z6X3S2YHYYQJ8,FALSE
13015347,Delphinium_nuttallianum,8880931,302573,https://crowdcurio-experiment-images.s3.amazonaws.com/Delphinium_nuttallianum/images/Delphinium_nuttallianum.13015347.jpg,1,7,3,FALSE,7,6,A23BX7APHVWAZL,19122,33.44,2024/4/16,11:42:49,38DCH97KI0MZQFKO6Z6X3S2YHYYQJ8,FALSE
6460602,Delphinium_nuttallianum,8881076,302540,https://crowdcurio-experiment-images.s3.amazonaws.com/Delphinium_nuttallianum/images/Delphinium_nuttallianum.6460602.jpg,24,15,0,FALSE,7,7,A23BX7APHVWAZL,19122,44.59,2024/4/16,11:43:35,38DCH97KI0MZQFKO6Z6X3S2YHYYQJ8,FALSE
6091639,Delphinium_nuttallianum,8881163,302537,https://crowdcurio-experiment-images.s3.amazonaws.com/Delphinium_nuttallianum/images/Delphinium_nuttallianum.6091639.jpg,0,5,0,FALSE,7,8,A23BX7APHVWAZL,19122,16.3,2024/4/16,11:43:53,38DCH97KI0MZQFKO6Z6X3S2YHYYQJ8,FALSE
18612099,Delphinium_nuttallianum,8881311,302767,https://crowdcurio-experiment-images.s3.amazonaws.com/Delphinium_nuttallianum/images/Delphinium_nuttallianum.18612099.jpg,6,10,8,FALSE,7,9,A23BX7APHVWAZL,19122,45.16,2024/4/16,11:44:40,38DCH97KI0MZQFKO6Z6X3S2YHYYQJ8,FALSE
13037449,Delphinium_nuttallianum,8881345,302595,https://crowdcurio-experiment-images.s3.amazonaws.com/Delphinium_nuttallianum/images/Delphinium_nuttallianum.13037449.jpg,1,3,0,FALSE,7,10,A23BX7APHVWAZL,19122,10.49,2024/4/16,11:44:52,38DCH97KI0MZQFKO6Z6X3S2YHYYQJ8,FALSE
1212664,Delphinium_nuttallianum,8881590,302050,https://crowdcurio-experiment-images.s3.amazonaws.com/Delphinium_nuttallianum/images/Delphinium_nuttallianum.1212664.jpg,3,5,0,FALSE,8,1,A23BX7APHVWAZL,19122,70.47,2024/4/16,11:46:21,38DCH97KI0MZQFKO6Z6X3S2YHYYQJ8,FALSE
1134438,Delphinium_nuttallianum,8881632,302032,https://crowdcurio-experiment-images.s3.amazonaws.com/Delphinium_nuttallianum/images/Delphinium_nuttallianum.1134438.jpg,1,8,0,FALSE,8,2,A23BX7APHVWAZL,19122,24.24,2024/4/16,11:46:47,38DCH97KI0MZQFKO6Z6X3S2YHYYQJ8,FALSE
520042,Delphinium_nuttallianum,8881698,302000,https://crowdcurio-experiment-images.s3.amazonaws.com/Delphinium_nuttallianum/images/Delphinium_nuttallianum.520042.jpg,0,11,0,FALSE,8,3,A23BX7APHVWAZL,19122,15.63,2024/4/16,11:47:04,38DCH97KI0MZQFKO6Z6X3S2YHYYQJ8,FALSE
3231549,Delphinium_nuttallianum,8881745,302406,https://crowdcurio-experiment-images.s3.amazonaws.com/Delphinium_nuttallianum/images/Delphinium_nuttallianum.3231549.jpg,0,3,5,FALSE,8,4,A23BX7APHVWAZL,19122,14.37,2024/4/16,11:47:20,38DCH97KI0MZQFKO6Z6X3S2YHYYQJ8,FALSE
24605103,Delphinium_nuttallianum,8881784,302849,https://crowdcurio-experiment-images.s3.amazonaws.com/Delphinium_nuttallianum/images/Delphinium_nuttallianum.24605103.jpg,0,16,0,FALSE,8,5,A23BX7APHVWAZL,19122,18.5,2024/4/16,11:47:40,38DCH97KI0MZQFKO6Z6X3S2YHYYQJ8,FALSE
1133961,Delphinium_nuttallianum,8881809,302030,https://crowdcurio-experiment-images.s3.amazonaws.com/Delphinium_nuttallianum/images/Delphinium_nuttallianum.1133961.jpg,0,6,1,FALSE,8,6,A23BX7APHVWAZL,19122,15.68,2024/4/16,11:47:57,38DCH97KI0MZQFKO6Z6X3S2YHYYQJ8,FALSE
507754,Delphinium_nuttallianum,8881842,301975,https://crowdcurio-experiment-images.s3.amazonaws.com/Delphinium_nuttallianum/images/Delphinium_nuttallianum.507754.jpg,0,7,0,FALSE,8,7,A23BX7APHVWAZL,19122,12.25,2024/4/16,11:48:11,38DCH97KI0MZQFKO6Z6X3S2YHYYQJ8,FALSE
13823379,Delphinium_nuttallianum,8881861,302658,https://crowdcurio-experiment-images.s3.amazonaws.com/Delphinium_nuttallianum/images/Delphinium_nuttallianum.13823379.jpg,1,3,0,FALSE,8,8,A23BX7APHVWAZL,19122,11.13,2024/4/16,11:48:23,38DCH97KI0MZQFKO6Z6X3S2YHYYQJ8,FALSE
1133961,Delphinium_nuttallianum,8881893,302030,https://crowdcurio-experiment-images.s3.amazonaws.com/Delphinium_nuttallianum/images/Delphinium_nuttallianum.1133961.jpg,1,5,0,TRUE,8,9,A23BX7APHVWAZL,19122,15.86,2024/4/16,11:48:40,38DCH97KI0MZQFKO6Z6X3S2YHYYQJ8,FALSE
24227686,Delphinium_nuttallianum,8881934,302836,https://crowdcurio-experiment-images.s3.amazonaws.com/Delphinium_nuttallianum/images/Delphinium_nuttallianum.24227686.jpg,5,12,0,FALSE,8,10,A23BX7APHVWAZL,19122,23.24,2024/4/16,11:49:05,38DCH97KI0MZQFKO6Z6X3S2YHYYQJ8,FALSE
6091639,Delphinium_nuttallianum,8884580,302537,https://crowdcurio-experiment-images.s3.amazonaws.com/Delphinium_nuttallianum/images/Delphinium_nuttallianum.6091639.jpg,1,3,1,FALSE,1,1,A29W5VD9FZTPOJ,22141,422.53,2024/4/16,12:01:25,38DCH97KI0MZQFKO6Z6X3S2YHYYQJ8,FALSE
13037449,Delphinium_nuttallianum,8884732,302595,https://crowdcurio-experiment-images.s3.amazonaws.com/Delphinium_nuttallianum/images/Delphinium_nuttallianum.13037449.jpg,1,5,2,FALSE,1,2,A29W5VD9FZTPOJ,22141,30.28,2024/4/16,12:01:57,38DCH97KI0MZQFKO6Z6X3S2YHYYQJ8,FALSE
6091639,Delphinium_nuttallianum,8884844,302537,https://crowdcurio-experiment-images.s3.amazonaws.com/Delphinium_nuttallianum/images/Delphinium_nuttallianum.6091639.jpg,1,4,1,TRUE,1,3,A29W5VD9FZTPOJ,22141,31.33,2024/4/16,12:02:29,38DCH97KI0MZQFKO6Z6X3S2YHYYQJ8,FALSE
6460602,Delphinium_nuttallianum,8884952,302540,https://crowdcurio-experiment-images.s3.amazonaws.com/Delphinium_nuttallianum/images/Delphinium_nuttallianum.6460602.jpg,3,9,5,FALSE,1,4,A29W5VD9FZTPOJ,22141,49.63,2024/4/16,12:03:21,38DCH97KI0MZQFKO6Z6X3S2YHYYQJ8,FALSE
27170196,Delphinium_nuttallianum,8885031,302907,https://crowdcurio-experiment-images.s3.amazonaws.com/Delphinium_nuttallianum/images/Delphinium_nuttallianum.27170196.jpg,3,4,5,FALSE,1,5,A29W5VD9FZTPOJ,22141,30.72,2024/4/16,12:03:54,38DCH97KI0MZQFKO6Z6X3S2YHYYQJ8,FALSE
3048446,Delphinium_nuttallianum,8885147,302378,https://crowdcurio-experiment-images.s3.amazonaws.com/Delphinium_nuttallianum/images/Delphinium_nuttallianum.3048446.jpg,5,6,5,FALSE,1,6,A29W5VD9FZTPOJ,22141,43.69,2024/4/16,12:04:39,38DCH97KI0MZQFKO6Z6X3S2YHYYQJ8,FALSE
18612099,Delphinium_nuttallianum,8885339,302767,https://crowdcurio-experiment-images.s3.amazonaws.com/Delphinium_nuttallianum/images/Delphinium_nuttallianum.18612099.jpg,7,6,15,FALSE,1,7,A29W5VD9FZTPOJ,22141,76.94,2024/4/16,12:05:58,38DCH97KI0MZQFKO6Z6X3S2YHYYQJ8,FALSE
6095370,Delphinium_nuttallianum,8885454,302539,https://crowdcurio-experiment-images.s3.amazonaws.com/Delphinium_nuttallianum/images/Delphinium_nuttallianum.6095370.jpg,3,9,4,FALSE,1,8,A29W5VD9FZTPOJ,22141,38.29,2024/4/16,12:06:37,38DCH97KI0MZQFKO6Z6X3S2YHYYQJ8,FALSE
3047938,Delphinium_nuttallianum,8885630,302377,https://crowdcurio-experiment-images.s3.amazonaws.com/Delphinium_nuttallianum/images/Delphinium_nuttallianum.3047938.jpg,2,9,8,FALSE,1,9,A29W5VD9FZTPOJ,22141,61.05,2024/4/16,12:07:40,38DCH97KI0MZQFKO6Z6X3S2YHYYQJ8,FALSE
13015347,Delphinium_nuttallianum,8885764,302573,https://crowdcurio-experiment-images.s3.amazonaws.com/Delphinium_nuttallianum/images/Delphinium_nuttallianum.13015347.jpg,0,7,3,FALSE,1,10,A29W5VD9FZTPOJ,22141,45.94,2024/4/16,12:08:28,38DCH97KI0MZQFKO6Z6X3S2YHYYQJ8,FALSE
13823452,Delphinium_nuttallianum,8889791,302697,https://crowdcurio-experiment-images.s3.amazonaws.com/Delphinium_nuttallianum/images/Delphinium_nuttallianum.13823452.jpg,0,18,0,FALSE,1,1,AVEEKXNZ7CGCS,19056,98.08,2024/4/16,12:40:37,38DCH97KI0MZQFKO6Z6X3S2YHYYQJ8,FALSE
13823386,Delphinium_nuttallianum,8889852,302665,https://crowdcurio-experiment-images.s3.amazonaws.com/Delphinium_nuttallianum/images/Delphinium_nuttallianum.13823386.jpg,0,24,0,FALSE,1,2,AVEEKXNZ7CGCS,19056,44.46,2024/4/16,12:41:23,38DCH97KI0MZQFKO6Z6X3S2YHYYQJ8,FALSE
13823350,Delphinium_nuttallianum,8889897,302634,https://crowdcurio-experiment-images.s3.amazonaws.com/Delphinium_nuttallianum/images/Delphinium_nuttallianum.13823350.jpg,0,10,0,FALSE,1,3,AVEEKXNZ7CGCS,19056,30.35,2024/4/16,12:41:55,38DCH97KI0MZQFKO6Z6X3S2YHYYQJ8,FALSE
13823420,Delphinium_nuttallianum,8889944,302681,https://crowdcurio-experiment-images.s3.amazonaws.com/Delphinium_nuttallianum/images/Delphinium_nuttallianum.13823420.jpg,0,7,6,FALSE,1,4,AVEEKXNZ7CGCS,19056,24.05,2024/4/16,12:42:21,38DCH97KI0MZQFKO6Z6X3S2YHYYQJ8,FALSE
13823418,Delphinium_nuttallianum,8890020,302679,https://crowdcurio-experiment-images.s3.amazonaws.com/Delphinium_nuttallianum/images/Delphinium_nuttallianum.13823418.jpg,0,15,0,FALSE,1,5,AVEEKXNZ7CGCS,19056,80.22,2024/4/16,12:43:42,38DCH97KI0MZQFKO6Z6X3S2YHYYQJ8,FALSE
13823362,Delphinium_nuttallianum,8890066,302643,https://crowdcurio-experiment-images.s3.amazonaws.com/Delphinium_nuttallianum/images/Delphinium_nuttallianum.13823362.jpg,0,11,8,FALSE,1,6,AVEEKXNZ7CGCS,19056,31.89,2024/4/16,12:44:16,38DCH97KI0MZQFKO6Z6X3S2YHYYQJ8,FALSE
13823417,Delphinium_nuttallianum,8890108,302678,https://crowdcurio-experiment-images.s3.amazonaws.com/Delphinium_nuttallianum/images/Delphinium_nuttallianum.13823417.jpg,0,9,0,FALSE,1,7,AVEEKXNZ7CGCS,19056,25.99,2024/4/16,12:44:43,38DCH97KI0MZQFKO6Z6X3S2YHYYQJ8,FALSE
13823354,Delphinium_nuttallianum,8890359,302637,https://crowdcurio-experiment-images.s3.amazonaws.com/Delphinium_nuttallianum/images/Delphinium_nuttallianum.13823354.jpg,0,19,0,FALSE,1,8,AVEEKXNZ7CGCS,19056,363.97,2024/4/16,12:50:49,38DCH97KI0MZQFKO6Z6X3S2YHYYQJ8,FALSE
13823422,Delphinium_nuttallianum,8890398,302683,https://crowdcurio-experiment-images.s3.amazonaws.com/Delphinium_nuttallianum/images/Delphinium_nuttallianum.13823422.jpg,0,11,0,FALSE,1,9,AVEEKXNZ7CGCS,19056,17.36,2024/4/16,12:51:08,38DCH97KI0MZQFKO6Z6X3S2YHYYQJ8,FALSE
13823417,Delphinium_nuttallianum,8890441,302678,https://crowdcurio-experiment-images.s3.amazonaws.com/Delphinium_nuttallianum/images/Delphinium_nuttallianum.13823417.jpg,0,9,0,TRUE,1,10,AVEEKXNZ7CGCS,19056,32.8,2024/4/16,12:51:41,38DCH97KI0MZQFKO6Z6X3S2YHYYQJ8,FALSE
1144545,Delphinium_nuttallianum,8891169,302039,https://crowdcurio-experiment-images.s3.amazonaws.com/Delphinium_nuttallianum/images/Delphinium_nuttallianum.1144545.jpg,0,11,9,FALSE,2,1,AVEEKXNZ7CGCS,19056,400.66,2024/4/16,12:58:39,38DCH97KI0MZQFKO6Z6X3S2YHYYQJ8,FALSE
7923770,Delphinium_nuttallianum,8891232,302545,https://crowdcurio-experiment-images.s3.amazonaws.com/Delphinium_nuttallianum/images/Delphinium_nuttallianum.7923770.jpg,0,20,0,FALSE,2,2,AVEEKXNZ7CGCS,19056,23.25,2024/4/16,12:59:05,38DCH97KI0MZQFKO6Z6X3S2YHYYQJ8,FALSE
13823442,Delphinium_nuttallianum,8891290,302693,https://crowdcurio-experiment-images.s3.amazonaws.com/Delphinium_nuttallianum/images/Delphinium_nuttallianum.13823442.jpg,0,15,0,FALSE,2,3,AVEEKXNZ7CGCS,19056,37.55,2024/4/16,12:59:44,38DCH97KI0MZQFKO6Z6X3S2YHYYQJ8,FALSE
14973863,Delphinium_nuttallianum,8891324,302740,https://crowdcurio-experiment-images.s3.amazonaws.com/Delphinium_nuttallianum/images/Delphinium_nuttallianum.14973863.jpg,0,17,0,FALSE,2,4,AVEEKXNZ7CGCS,19056,18.66,2024/4/16,13:00:04,38DCH97KI0MZQFKO6Z6X3S2YHYYQJ8,FALSE
14895344,Delphinium_nuttallianum,8891376,302738,https://crowdcurio-experiment-images.s3.amazonaws.com/Delphinium_nuttallianum/images/Delphinium_nuttallianum.14895344.jpg,0,17,0,FALSE,2,5,AVEEKXNZ7CGCS,19056,40.23,2024/4/16,13:00:45,38DCH97KI0MZQFKO6Z6X3S2YHYYQJ8,FALSE
7923770,Delphinium_nuttallianum,8891418,302545,https://crowdcurio-experiment-images.s3.amazonaws.com/Delphinium_nuttallianum/images/Delphinium_nuttallianum.7923770.jpg,0,23,0,TRUE,2,6,AVEEKXNZ7CGCS,19056,29.99,2024/4/16,13:01:16,38DCH97KI0MZQFKO6Z6X3S2YHYYQJ8,FALSE
507791,Delphinium_nuttallianum,8891439,301989,https://crowdcurio-experiment-images.s3.amazonaws.com/Delphinium_nuttallianum/images/Delphinium_nuttallianum.507791.jpg,0,11,0,FALSE,2,7,AVEEKXNZ7CGCS,19056,13.75,2024/4/16,13:01:32,38DCH97KI0MZQFKO6Z6X3S2YHYYQJ8,FALSE
15003431,Delphinium_nuttallianum,8891475,302742,https://crowdcurio-experiment-images.s3.amazonaws.com/Delphinium_nuttallianum/images/Delphinium_nuttallianum.15003431.jpg,0,16,0,FALSE,2,8,AVEEKXNZ7CGCS,19056,22.58,2024/4/16,13:01:56,38DCH97KI0MZQFKO6Z6X3S2YHYYQJ8,FALSE
14833886,Delphinium_nuttallianum,8891520,302735,https://crowdcurio-experiment-images.s3.amazonaws.com/Delphinium_nuttallianum/images/Delphinium_nuttallianum.14833886.jpg,0,10,0,FALSE,2,9,AVEEKXNZ7CGCS,19056,18.62,2024/4/16,13:02:16,38DCH97KI0MZQFKO6Z6X3S2YHYYQJ8,FALSE
15048522,Delphinium_nuttallianum,8891594,302743,https://crowdcurio-experiment-images.s3.amazonaws.com/Delphinium_nuttallianum/images/Delphinium_nuttallianum.15048522.jpg,0,12,0,FALSE,2,10,AVEEKXNZ7CGCS,19056,31.62,2024/4/16,13:02:49,38DCH97KI0MZQFKO6Z6X3S2YHYYQJ8,FALSE
13823364,Delphinium_nuttallianum,8891701,302644,https://crowdcurio-experiment-images.s3.amazonaws.com/Delphinium_nuttallianum/images/Delphinium_nuttallianum.13823364.jpg,0,20,0,FALSE,3,1,AVEEKXNZ7CGCS,19056,26.67,2024/4/16,13:03:34,38DCH97KI0MZQFKO6Z6X3S2YHYYQJ8,FALSE
13823352,Delphinium_nuttallianum,8891878,302636,https://crowdcurio-experiment-images.s3.amazonaws.com/Delphinium_nuttallianum/images/Delphinium_nuttallianum.13823352.jpg,0,23,14,FALSE,3,2,AVEEKXNZ7CGCS,19056,66.36,2024/4/16,13:04:42,38DCH97KI0MZQFKO6Z6X3S2YHYYQJ8,FALSE
1563272,Delphinium_nuttallianum,8891939,302155,https://crowdcurio-experiment-images.s3.amazonaws.com/Delphinium_nuttallianum/images/Delphinium_nuttallianum.1563272.jpg,0,7,0,FALSE,3,3,AVEEKXNZ7CGCS,19056,35.5,2024/4/16,13:05:19,38DCH97KI0MZQFKO6Z6X3S2YHYYQJ8,FALSE
13823413,Delphinium_nuttallianum,8892045,302676,https://crowdcurio-experiment-images.s3.amazonaws.com/Delphinium_nuttallianum/images/Delphinium_nuttallianum.13823413.jpg,0,9,0,FALSE,3,4,AVEEKXNZ7CGCS,19056,51.27,2024/4/16,13:06:12,38DCH97KI0MZQFKO6Z6X3S2YHYYQJ8,FALSE
1563569,Delphinium_nuttallianum,8892091,302157,https://crowdcurio-experiment-images.s3.amazonaws.com/Delphinium_nuttallianum/images/Delphinium_nuttallianum.1563569.jpg,0,10,0,FALSE,3,5,AVEEKXNZ7CGCS,19056,13.33,2024/4/16,13:06:26,38DCH97KI0MZQFKO6Z6X3S2YHYYQJ8,FALSE
13823365,Delphinium_nuttallianum,8892114,302645,https://crowdcurio-experiment-images.s3.amazonaws.com/Delphinium_nuttallianum/images/Delphinium_nuttallianum.13823365.jpg,0,5,0,FALSE,3,6,AVEEKXNZ7CGCS,19056,12,2024/4/16,13:06:40,38DCH97KI0MZQFKO6Z6X3S2YHYYQJ8,FALSE
13823352,Delphinium_nuttallianum,8892135,302636,https://crowdcurio-experiment-images.s3.amazonaws.com/Delphinium_nuttallianum/images/Delphinium_nuttallianum.13823352.jpg,0,7,0,TRUE,3,7,AVEEKXNZ7CGCS,19056,9.65,2024/4/16,13:06:50,38DCH97KI0MZQFKO6Z6X3S2YHYYQJ8,FALSE
13823351,Delphinium_nuttallianum,8892168,302635,https://crowdcurio-experiment-images.s3.amazonaws.com/Delphinium_nuttallianum/images/Delphinium_nuttallianum.13823351.jpg,0,9,0,FALSE,3,8,AVEEKXNZ7CGCS,19056,13.54,2024/4/16,13:07:05,38DCH97KI0MZQFKO6Z6X3S2YHYYQJ8,FALSE
13823376,Delphinium_nuttallianum,8892182,302655,https://crowdcurio-experiment-images.s3.amazonaws.com/Delphinium_nuttallianum/images/Delphinium_nuttallianum.13823376.jpg,0,4,0,FALSE,3,9,AVEEKXNZ7CGCS,19056,8.21,2024/4/16,13:07:15,38DCH97KI0MZQFKO6Z6X3S2YHYYQJ8,FALSE
1270365,Delphinium_nuttallianum,8892217,302061,https://crowdcurio-experiment-images.s3.amazonaws.com/Delphinium_nuttallianum/images/Delphinium_nuttallianum.1270365.jpg,0,5,0,FALSE,3,10,AVEEKXNZ7CGCS,19056,12.23,2024/4/16,13:07:29,38DCH97KI0MZQFKO6Z6X3S2YHYYQJ8,FALSE
13823419,Delphinium_nuttallianum,8894165,302680,https://crowdcurio-experiment-images.s3.amazonaws.com/Delphinium_nuttallianum/images/Delphinium_nuttallianum.13823419.jpg,0,5,0,FALSE,1,1,A3AL2W0OZSYIY5,20245,9.35,2024/4/16,13:49:19,38DCH97KI0MZQFKO6Z6X3S2YHYYQJ8,FALSE
13823358,Delphinium_nuttallianum,8894180,302640,https://crowdcurio-experiment-images.s3.amazonaws.com/Delphinium_nuttallianum/images/Delphinium_nuttallianum.13823358.jpg,0,8,0,FALSE,1,2,A3AL2W0OZSYIY5,20245,9.06,2024/4/16,13:49:31,38DCH97KI0MZQFKO6Z6X3S2YHYYQJ8,FALSE
7851368,Delphinium_nuttallianum,8894200,302544,https://crowdcurio-experiment-images.s3.amazonaws.com/Delphinium_nuttallianum/images/Delphinium_nuttallianum.7851368.jpg,0,8,0,FALSE,1,3,A3AL2W0OZSYIY5,20245,7.73,2024/4/16,13:49:43,38DCH97KI0MZQFKO6Z6X3S2YHYYQJ8,FALSE
13823401,Delphinium_nuttallianum,8894230,302671,https://crowdcurio-experiment-images.s3.amazonaws.com/Delphinium_nuttallianum/images/Delphinium_nuttallianum.13823401.jpg,0,11,0,FALSE,1,4,A3AL2W0OZSYIY5,20245,22.86,2024/4/16,13:50:09,38DCH97KI0MZQFKO6Z6X3S2YHYYQJ8,FALSE
9339080,Delphinium_nuttallianum,8894251,302548,https://crowdcurio-experiment-images.s3.amazonaws.com/Delphinium_nuttallianum/images/Delphinium_nuttallianum.9339080.jpg,0,10,0,FALSE,1,5,A3AL2W0OZSYIY5,20245,8.3,2024/4/16,13:50:20,38DCH97KI0MZQFKO6Z6X3S2YHYYQJ8,FALSE
11268194,Delphinium_nuttallianum,8894261,302552,https://crowdcurio-experiment-images.s3.amazonaws.com/Delphinium_nuttallianum/images/Delphinium_nuttallianum.11268194.jpg,0,6,2,FALSE,1,6,A3AL2W0OZSYIY5,20245,10.11,2024/4/16,13:50:34,38DCH97KI0MZQFKO6Z6X3S2YHYYQJ8,FALSE
7851368,Delphinium_nuttallianum,8894277,302544,https://crowdcurio-experiment-images.s3.amazonaws.com/Delphinium_nuttallianum/images/Delphinium_nuttallianum.7851368.jpg,0,12,0,TRUE,1,7,A3AL2W0OZSYIY5,20245,8.41,2024/4/16,13:50:44,38DCH97KI0MZQFKO6Z6X3S2YHYYQJ8,FALSE
7924039,Delphinium_nuttallianum,8894298,302546,https://crowdcurio-experiment-images.s3.amazonaws.com/Delphinium_nuttallianum/images/Delphinium_nuttallianum.7924039.jpg,3,4,0,FALSE,1,8,A3AL2W0OZSYIY5,20245,10.22,2024/4/16,13:50:57,38DCH97KI0MZQFKO6Z6X3S2YHYYQJ8,FALSE
10338299,Delphinium_nuttallianum,8894318,302550,https://crowdcurio-experiment-images.s3.amazonaws.com/Delphinium_nuttallianum/images/Delphinium_nuttallianum.10338299.jpg,6,5,0,FALSE,1,9,A3AL2W0OZSYIY5,20245,16.71,2024/4/16,13:51:18,38DCH97KI0MZQFKO6Z6X3S2YHYYQJ8,FALSE
8604645,Delphinium_nuttallianum,8894341,302547,https://crowdcurio-experiment-images.s3.amazonaws.com/Delphinium_nuttallianum/images/Delphinium_nuttallianum.8604645.jpg,0,11,0,FALSE,1,10,A3AL2W0OZSYIY5,20245,12.27,2024/4/16,13:51:33,38DCH97KI0MZQFKO6Z6X3S2YHYYQJ8,FALSE
6081757,Delphinium_nuttallianum,8894369,302533,https://crowdcurio-experiment-images.s3.amazonaws.com/Delphinium_nuttallianum/images/Delphinium_nuttallianum.6081757.jpg,0,15,0,FALSE,2,1,A3AL2W0OZSYIY5,20245,10.53,2024/4/16,13:51:58,38DCH97KI0MZQFKO6Z6X3S2YHYYQJ8,FALSE
6043853,Delphinium_nuttallianum,8894467,302522,https://crowdcurio-experiment-images.s3.amazonaws.com/Delphinium_nuttallianum/images/Delphinium_nuttallianum.6043853.jpg,0,5,0,FALSE,2,2,A3AL2W0OZSYIY5,20245,83.15,2024/4/16,13:53:24,38DCH97KI0MZQFKO6Z6X3S2YHYYQJ8,FALSE
6040068,Delphinium_nuttallianum,8894478,302519,https://crowdcurio-experiment-images.s3.amazonaws.com/Delphinium_nuttallianum/images/Delphinium_nuttallianum.6040068.jpg,0,5,0,FALSE,2,3,A3AL2W0OZSYIY5,20245,5.25,2024/4/16,13:53:33,38DCH97KI0MZQFKO6Z6X3S2YHYYQJ8,FALSE
6033870,Delphinium_nuttallianum,8894501,302517,https://crowdcurio-experiment-images.s3.amazonaws.com/Delphinium_nuttallianum/images/Delphinium_nuttallianum.6033870.jpg,0,6,0,FALSE,2,4,A3AL2W0OZSYIY5,20245,5.69,2024/4/16,13:53:42,38DCH97KI0MZQFKO6Z6X3S2YHYYQJ8,FALSE
6038205,Delphinium_nuttallianum,8894534,302518,https://crowdcurio-experiment-images.s3.amazonaws.com/Delphinium_nuttallianum/images/Delphinium_nuttallianum.6038205.jpg,0,12,0,FALSE,2,5,A3AL2W0OZSYIY5,20245,9.98,2024/4/16,13:53:55,38DCH97KI0MZQFKO6Z6X3S2YHYYQJ8,FALSE
6043530,Delphinium_nuttallianum,8894563,302521,https://crowdcurio-experiment-images.s3.amazonaws.com/Delphinium_nuttallianum/images/Delphinium_nuttallianum.6043530.jpg,0,13,0,FALSE,2,6,A3AL2W0OZSYIY5,20245,9.46,2024/4/16,13:54:08,38DCH97KI0MZQFKO6Z6X3S2YHYYQJ8,FALSE
6050363,Delphinium_nuttallianum,8894598,302523,https://crowdcurio-experiment-images.s3.amazonaws.com/Delphinium_nuttallianum/images/Delphinium_nuttallianum.6050363.jpg,0,7,6,FALSE,2,7,A3AL2W0OZSYIY5,20245,20.66,2024/4/16,13:54:32,38DCH97KI0MZQFKO6Z6X3S2YHYYQJ8,FALSE
6041374,Delphinium_nuttallianum,8894711,302520,https://crowdcurio-experiment-images.s3.amazonaws.com/Delphinium_nuttallianum/images/Delphinium_nuttallianum.6041374.jpg,0,3,0,FALSE,2,8,A3AL2W0OZSYIY5,20245,79.08,2024/4/16,13:55:54,38DCH97KI0MZQFKO6Z6X3S2YHYYQJ8,FALSE
7827571,Delphinium_nuttallianum,8894744,302543,https://crowdcurio-experiment-images.s3.amazonaws.com/Delphinium_nuttallianum/images/Delphinium_nuttallianum.7827571.jpg,0,9,1,FALSE,2,9,A3AL2W0OZSYIY5,20245,15.63,2024/4/16,13:56:13,38DCH97KI0MZQFKO6Z6X3S2YHYYQJ8,FALSE
6050363,Delphinium_nuttallianum,8894790,302523,https://crowdcurio-experiment-images.s3.amazonaws.com/Delphinium_nuttallianum/images/Delphinium_nuttallianum.6050363.jpg,0,6,10,TRUE,2,10,A3AL2W0OZSYIY5,20245,16.38,2024/4/16,13:56:31,38DCH97KI0MZQFKO6Z6X3S2YHYYQJ8,FALSE
4745831,Delphinium_nuttallianum,8895125,302485,https://crowdcurio-experiment-images.s3.amazonaws.com/Delphinium_nuttallianum/images/Delphinium_nuttallianum.4745831.jpg,0,5,0,FALSE,3,1,A3AL2W0OZSYIY5,20245,168.47,2024/4/16,13:59:36,38DCH97KI0MZQFKO6Z6X3S2YHYYQJ8,FALSE
4741381,Delphinium_nuttallianum,8895165,302479,https://crowdcurio-experiment-images.s3.amazonaws.com/Delphinium_nuttallianum/images/Delphinium_nuttallianum.4741381.jpg,0,5,3,FALSE,3,2,A3AL2W0OZSYIY5,20245,7.28,2024/4/16,13:59:46,38DCH97KI0MZQFKO6Z6X3S2YHYYQJ8,FALSE
4745687,Delphinium_nuttallianum,8895188,302482,https://crowdcurio-experiment-images.s3.amazonaws.com/Delphinium_nuttallianum/images/Delphinium_nuttallianum.4745687.jpg,0,8,0,FALSE,3,3,A3AL2W0OZSYIY5,20245,6.26,2024/4/16,13:59:57,38DCH97KI0MZQFKO6Z6X3S2YHYYQJ8,FALSE
5644136,Delphinium_nuttallianum,8895255,302515,https://crowdcurio-experiment-images.s3.amazonaws.com/Delphinium_nuttallianum/images/Delphinium_nuttallianum.5644136.jpg,0,5,0,FALSE,3,4,A3AL2W0OZSYIY5,20245,18,2024/4/16,14:00:20,38DCH97KI0MZQFKO6Z6X3S2YHYYQJ8,FALSE
4745748,Delphinium_nuttallianum,8895371,302483,https://crowdcurio-experiment-images.s3.amazonaws.com/Delphinium_nuttallianum/images/Delphinium_nuttallianum.4745748.jpg,0,3,0,FALSE,3,5,A3AL2W0OZSYIY5,20245,43.8,2024/4/16,14:01:07,38DCH97KI0MZQFKO6Z6X3S2YHYYQJ8,FALSE
4745749,Delphinium_nuttallianum,8895402,302484,https://crowdcurio-experiment-images.s3.amazonaws.com/Delphinium_nuttallianum/images/Delphinium_nuttallianum.4745749.jpg,0,5,0,FALSE,3,6,A3AL2W0OZSYIY5,20245,6.68,2024/4/16,14:01:17,38DCH97KI0MZQFKO6Z6X3S2YHYYQJ8,FALSE
4745643,Delphinium_nuttallianum,8895903,302481,https://crowdcurio-experiment-images.s3.amazonaws.com/Delphinium_nuttallianum/images/Delphinium_nuttallianum.4745643.jpg,0,4,0,FALSE,3,7,A3AL2W0OZSYIY5,20245,154.3,2024/4/16,14:03:55,38DCH97KI0MZQFKO6Z6X3S2YHYYQJ8,FALSE
4745687,Delphinium_nuttallianum,8895921,302482,https://crowdcurio-experiment-images.s3.amazonaws.com/Delphinium_nuttallianum/images/Delphinium_nuttallianum.4745687.jpg,0,6,0,TRUE,3,8,A3AL2W0OZSYIY5,20245,6.38,2024/4/16,14:04:03,38DCH97KI0MZQFKO6Z6X3S2YHYYQJ8,FALSE
4744497,Delphinium_nuttallianum,8895950,302480,https://crowdcurio-experiment-images.s3.amazonaws.com/Delphinium_nuttallianum/images/Delphinium_nuttallianum.4744497.jpg,0,7,2,FALSE,3,9,A3AL2W0OZSYIY5,20245,8.2,2024/4/16,14:04:14,38DCH97KI0MZQFKO6Z6X3S2YHYYQJ8,FALSE
5761165,Delphinium_nuttallianum,8895975,302516,https://crowdcurio-experiment-images.s3.amazonaws.com/Delphinium_nuttallianum/images/Delphinium_nuttallianum.5761165.jpg,0,3,0,FALSE,3,10,A3AL2W0OZSYIY5,20245,8.55,2024/4/16,14:04:26,38DCH97KI0MZQFKO6Z6X3S2YHYYQJ8,FALSE
4740192,Delphinium_nuttallianum,8917152,302475,https://crowdcurio-experiment-images.s3.amazonaws.com/Delphinium_nuttallianum/images/Delphinium_nuttallianum.4740192.jpg,0,1,0,FALSE,1,1,A10IHO8AGIWFNG,19997,12.31,2024/4/16,15:20:04,3UUIU9GZDOP4BWXVY1WY7NUGK6LT5R,FALSE
4731871,Delphinium_nuttallianum,8917196,302470,https://crowdcurio-experiment-images.s3.amazonaws.com/Delphinium_nuttallianum/images/Delphinium_nuttallianum.4731871.jpg,0,1,0,FALSE,1,2,A10IHO8AGIWFNG,19997,6.1,2024/4/16,15:20:12,3UUIU9GZDOP4BWXVY1WY7NUGK6LT5R,FALSE
4740757,Delphinium_nuttallianum,8917242,302476,https://crowdcurio-experiment-images.s3.amazonaws.com/Delphinium_nuttallianum/images/Delphinium_nuttallianum.4740757.jpg,0,1,0,FALSE,1,3,A10IHO8AGIWFNG,19997,7.49,2024/4/16,15:20:21,3UUIU9GZDOP4BWXVY1WY7NUGK6LT5R,FALSE
4739771,Delphinium_nuttallianum,8917303,302472,https://crowdcurio-experiment-images.s3.amazonaws.com/Delphinium_nuttallianum/images/Delphinium_nuttallianum.4739771.jpg,0,1,0,FALSE,1,4,A10IHO8AGIWFNG,19997,8.22,2024/4/16,15:20:31,3UUIU9GZDOP4BWXVY1WY7NUGK6LT5R,FALSE
4740092,Delphinium_nuttallianum,8917354,302474,https://crowdcurio-experiment-images.s3.amazonaws.com/Delphinium_nuttallianum/images/Delphinium_nuttallianum.4740092.jpg,0,1,0,FALSE,1,5,A10IHO8AGIWFNG,19997,5.39,2024/4/16,15:20:38,3UUIU9GZDOP4BWXVY1WY7NUGK6LT5R,FALSE
4740911,Delphinium_nuttallianum,8917411,302477,https://crowdcurio-experiment-images.s3.amazonaws.com/Delphinium_nuttallianum/images/Delphinium_nuttallianum.4740911.jpg,0,1,0,FALSE,1,6,A10IHO8AGIWFNG,19997,6.58,2024/4/16,15:20:46,3UUIU9GZDOP4BWXVY1WY7NUGK6LT5R,FALSE
4740020,Delphinium_nuttallianum,8917478,302473,https://crowdcurio-experiment-images.s3.amazonaws.com/Delphinium_nuttallianum/images/Delphinium_nuttallianum.4740020.jpg,0,1,0,FALSE,1,7,A10IHO8AGIWFNG,19997,8.83,2024/4/16,15:20:57,3UUIU9GZDOP4BWXVY1WY7NUGK6LT5R,FALSE
4741202,Delphinium_nuttallianum,8917527,302478,https://crowdcurio-experiment-images.s3.amazonaws.com/Delphinium_nuttallianum/images/Delphinium_nuttallianum.4741202.jpg,0,1,0,FALSE,1,8,A10IHO8AGIWFNG,19997,6.21,2024/4/16,15:21:05,3UUIU9GZDOP4BWXVY1WY7NUGK6LT5R,FALSE
4739052,Delphinium_nuttallianum,8917587,302471,https://crowdcurio-experiment-images.s3.amazonaws.com/Delphinium_nuttallianum/images/Delphinium_nuttallianum.4739052.jpg,0,1,0,FALSE,1,9,A10IHO8AGIWFNG,19997,6.6,2024/4/16,15:21:13,3UUIU9GZDOP4BWXVY1WY7NUGK6LT5R,FALSE
4740192,Delphinium_nuttallianum,8917623,302475,https://crowdcurio-experiment-images.s3.amazonaws.com/Delphinium_nuttallianum/images/Delphinium_nuttallianum.4740192.jpg,0,1,0,TRUE,1,10,A10IHO8AGIWFNG,19997,5.19,2024/4/16,15:21:19,3UUIU9GZDOP4BWXVY1WY7NUGK6LT5R,FALSE
14939468,Delphinium_nuttallianum,8925079,302739,https://crowdcurio-experiment-images.s3.amazonaws.com/Delphinium_nuttallianum/images/Delphinium_nuttallianum.14939468.jpg,1,4,0,FALSE,1,1,A4MH7J1MI9M0A,22380,61.82,2024/4/16,15:41:53,3UUIU9GZDOP4BWXVY1WY7NUGK6LT5R,FALSE
15060515,Delphinium_nuttallianum,8925582,302745,https://crowdcurio-experiment-images.s3.amazonaws.com/Delphinium_nuttallianum/images/Delphinium_nuttallianum.15060515.jpg,2,8,0,FALSE,1,2,A4MH7J1MI9M0A,22380,75.42,2024/4/16,15:43:16,3UUIU9GZDOP4BWXVY1WY7NUGK6LT5R,FALSE
14864939,Delphinium_nuttallianum,8926272,302737,https://crowdcurio-experiment-images.s3.amazonaws.com/Delphinium_nuttallianum/images/Delphinium_nuttallianum.14864939.jpg,4,8,0,FALSE,1,3,A4MH7J1MI9M0A,22380,98.02,2024/4/16,15:45:01,3UUIU9GZDOP4BWXVY1WY7NUGK6LT5R,FALSE
14987580,Delphinium_nuttallianum,8926827,302741,https://crowdcurio-experiment-images.s3.amazonaws.com/Delphinium_nuttallianum/images/Delphinium_nuttallianum.14987580.jpg,0,10,4,FALSE,1,4,A4MH7J1MI9M0A,22380,70.9,2024/4/16,15:46:18,3UUIU9GZDOP4BWXVY1WY7NUGK6LT5R,FALSE
15060515,Delphinium_nuttallianum,8927085,302745,https://crowdcurio-experiment-images.s3.amazonaws.com/Delphinium_nuttallianum/images/Delphinium_nuttallianum.15060515.jpg,2,8,0,TRUE,1,5,A4MH7J1MI9M0A,22380,32.97,2024/4/16,15:46:53,3UUIU9GZDOP4BWXVY1WY7NUGK6LT5R,FALSE
15082616,Delphinium_nuttallianum,8927802,302748,https://crowdcurio-experiment-images.s3.amazonaws.com/Delphinium_nuttallianum/images/Delphinium_nuttallianum.15082616.jpg,2,2,4,FALSE,1,6,A4MH7J1MI9M0A,22380,90.39,2024/4/16,15:48:32,3UUIU9GZDOP4BWXVY1WY7NUGK6LT5R,FALSE
15082468,Delphinium_nuttallianum,8928112,302747,https://crowdcurio-experiment-images.s3.amazonaws.com/Delphinium_nuttallianum/images/Delphinium_nuttallianum.15082468.jpg,0,0,11,FALSE,1,7,A4MH7J1MI9M0A,22380,30.59,2024/4/16,15:49:17,3UUIU9GZDOP4BWXVY1WY7NUGK6LT5R,FALSE
15052795,Delphinium_nuttallianum,8928559,302744,https://crowdcurio-experiment-images.s3.amazonaws.com/Delphinium_nuttallianum/images/Delphinium_nuttallianum.15052795.jpg,11,4,0,FALSE,1,8,A4MH7J1MI9M0A,22380,46.54,2024/4/16,15:50:10,3UUIU9GZDOP4BWXVY1WY7NUGK6LT5R,FALSE
13823381,Delphinium_nuttallianum,8928475,302660,https://crowdcurio-experiment-images.s3.amazonaws.com/Delphinium_nuttallianum/images/Delphinium_nuttallianum.13823381.jpg,3,9,0,FALSE,1,1,A2JWU5GINFTOXT,9433,29.11,2024/4/16,15:49:59,3UUIU9GZDOP4BWXVY1WY7NUGK6LT5R,FALSE
14814688,Delphinium_nuttallianum,8928867,302733,https://crowdcurio-experiment-images.s3.amazonaws.com/Delphinium_nuttallianum/images/Delphinium_nuttallianum.14814688.jpg,0,4,0,FALSE,1,1,A1KAYSB7LMX4FN,22427,100.98,2024/4/16,15:50:54,3UUIU9GZDOP4BWXVY1WY7NUGK6LT5R,FALSE
13823383,Delphinium_nuttallianum,8928665,302662,https://crowdcurio-experiment-images.s3.amazonaws.com/Delphinium_nuttallianum/images/Delphinium_nuttallianum.13823383.jpg,1,11,0,FALSE,1,2,A2JWU5GINFTOXT,9433,22.04,2024/4/16,15:50:24,3UUIU9GZDOP4BWXVY1WY7NUGK6LT5R,FALSE
13823378,Delphinium_nuttallianum,8928815,302657,https://crowdcurio-experiment-images.s3.amazonaws.com/Delphinium_nuttallianum/images/Delphinium_nuttallianum.13823378.jpg,1,12,0,FALSE,1,3,A2JWU5GINFTOXT,9433,20.41,2024/4/16,15:50:46,3UUIU9GZDOP4BWXVY1WY7NUGK6LT5R,FALSE
15072980,Delphinium_nuttallianum,8928978,302746,https://crowdcurio-experiment-images.s3.amazonaws.com/Delphinium_nuttallianum/images/Delphinium_nuttallianum.15072980.jpg,0,5,6,FALSE,1,9,A4MH7J1MI9M0A,22380,50.1,2024/4/16,15:51:07,3UUIU9GZDOP4BWXVY1WY7NUGK6LT5R,FALSE
13823398,Delphinium_nuttallianum,8929055,302669,https://crowdcurio-experiment-images.s3.amazonaws.com/Delphinium_nuttallianum/images/Delphinium_nuttallianum.13823398.jpg,0,18,0,FALSE,1,4,A2JWU5GINFTOXT,9433,27.23,2024/4/16,15:51:16,3UUIU9GZDOP4BWXVY1WY7NUGK6LT5R,FALSE
13823412,Delphinium_nuttallianum,8937427,302675,https://crowdcurio-experiment-images.s3.amazonaws.com/Delphinium_nuttallianum/images/Delphinium_nuttallianum.13823412.jpg,4,35,8,FALSE,1,2,AND1SH4L7S9DV,21819,84.66,2024/4/16,16:09:06,3UUIU9GZDOP4BWXVY1WY7NUGK6LT5R,FALSE
14818815,Delphinium_nuttallianum,8930108,302734,https://crowdcurio-experiment-images.s3.amazonaws.com/Delphinium_nuttallianum/images/Delphinium_nuttallianum.14818815.jpg,1,7,15,FALSE,1,2,A1KAYSB7LMX4FN,22427,149.93,2024/4/16,15:53:26,3UUIU9GZDOP4BWXVY1WY7NUGK6LT5R,FALSE
13823393,Delphinium_nuttallianum,8929198,302668,https://crowdcurio-experiment-images.s3.amazonaws.com/Delphinium_nuttallianum/images/Delphinium_nuttallianum.13823393.jpg,0,6,0,FALSE,1,5,A2JWU5GINFTOXT,9433,13.05,2024/4/16,15:51:31,3UUIU9GZDOP4BWXVY1WY7NUGK6LT5R,FALSE
15090994,Delphinium_nuttallianum,8929555,302749,https://crowdcurio-experiment-images.s3.amazonaws.com/Delphinium_nuttallianum/images/Delphinium_nuttallianum.15090994.jpg,0,9,7,FALSE,1,10,A4MH7J1MI9M0A,22380,62.34,2024/4/16,15:52:15,3UUIU9GZDOP4BWXVY1WY7NUGK6LT5R,FALSE
13823377,Delphinium_nuttallianum,8929582,302656,https://crowdcurio-experiment-images.s3.amazonaws.com/Delphinium_nuttallianum/images/Delphinium_nuttallianum.13823377.jpg,9,13,0,FALSE,1,6,A2JWU5GINFTOXT,9433,44.6,2024/4/16,15:52:18,3UUIU9GZDOP4BWXVY1WY7NUGK6LT5R,FALSE
13823390,Delphinium_nuttallianum,8929837,302667,https://crowdcurio-experiment-images.s3.amazonaws.com/Delphinium_nuttallianum/images/Delphinium_nuttallianum.13823390.jpg,0,16,0,FALSE,1,7,A2JWU5GINFTOXT,9433,28.7,2024/4/16,15:52:49,3UUIU9GZDOP4BWXVY1WY7NUGK6LT5R,FALSE
13823382,Delphinium_nuttallianum,8930168,302661,https://crowdcurio-experiment-images.s3.amazonaws.com/Delphinium_nuttallianum/images/Delphinium_nuttallianum.13823382.jpg,4,10,0,FALSE,1,8,A2JWU5GINFTOXT,9433,41.22,2024/4/16,15:53:32,3UUIU9GZDOP4BWXVY1WY7NUGK6LT5R,FALSE
13823398,Delphinium_nuttallianum,8930410,302669,https://crowdcurio-experiment-images.s3.amazonaws.com/Delphinium_nuttallianum/images/Delphinium_nuttallianum.13823398.jpg,0,18,0,TRUE,1,9,A2JWU5GINFTOXT,9433,27.86,2024/4/16,15:54:01,3UUIU9GZDOP4BWXVY1WY7NUGK6LT5R,FALSE
13824589,Delphinium_nuttallianum,8930755,302701,https://crowdcurio-experiment-images.s3.amazonaws.com/Delphinium_nuttallianum/images/Delphinium_nuttallianum.13824589.jpg,0,8,6,FALSE,1,3,A1KAYSB7LMX4FN,22427,72.17,2024/4/16,15:54:40,3UUIU9GZDOP4BWXVY1WY7NUGK6LT5R,FALSE
13823384,Delphinium_nuttallianum,8930839,302663,https://crowdcurio-experiment-images.s3.amazonaws.com/Delphinium_nuttallianum/images/Delphinium_nuttallianum.13823384.jpg,1,20,3,FALSE,1,10,A2JWU5GINFTOXT,9433,47.95,2024/4/16,15:54:51,3UUIU9GZDOP4BWXVY1WY7NUGK6LT5R,FALSE
13824613,Delphinium_nuttallianum,8931211,302702,https://crowdcurio-experiment-images.s3.amazonaws.com/Delphinium_nuttallianum/images/Delphinium_nuttallianum.13824613.jpg,0,20,0,FALSE,1,4,A1KAYSB7LMX4FN,22427,50.49,2024/4/16,15:55:33,3UUIU9GZDOP4BWXVY1WY7NUGK6LT5R,FALSE
13823372,Delphinium_nuttallianum,8931806,302651,https://crowdcurio-experiment-images.s3.amazonaws.com/Delphinium_nuttallianum/images/Delphinium_nuttallianum.13823372.jpg,15,6,0,FALSE,2,1,A4MH7J1MI9M0A,22380,236.42,2024/4/16,15:56:39,3UUIU9GZDOP4BWXVY1WY7NUGK6LT5R,FALSE
1656570,Delphinium_nuttallianum,8931292,302230,https://crowdcurio-experiment-images.s3.amazonaws.com/Delphinium_nuttallianum/images/Delphinium_nuttallianum.1656570.jpg,1,8,0,FALSE,2,1,A2JWU5GINFTOXT,9433,29.93,2024/4/16,15:55:41,3UUIU9GZDOP4BWXVY1WY7NUGK6LT5R,FALSE
13823591,Delphinium_nuttallianum,8931505,302699,https://crowdcurio-experiment-images.s3.amazonaws.com/Delphinium_nuttallianum/images/Delphinium_nuttallianum.13823591.jpg,1,4,0,FALSE,1,5,A1KAYSB7LMX4FN,22427,26.23,2024/4/16,15:56:01,3UUIU9GZDOP4BWXVY1WY7NUGK6LT5R,FALSE
1678599,Delphinium_nuttallianum,8931552,302250,https://crowdcurio-experiment-images.s3.amazonaws.com/Delphinium_nuttallianum/images/Delphinium_nuttallianum.1678599.jpg,0,14,0,FALSE,2,2,A2JWU5GINFTOXT,9433,24.79,2024/4/16,15:56:08,3UUIU9GZDOP4BWXVY1WY7NUGK6LT5R,FALSE
1656493,Delphinium_nuttallianum,8931729,302229,https://crowdcurio-experiment-images.s3.amazonaws.com/Delphinium_nuttallianum/images/Delphinium_nuttallianum.1656493.jpg,0,13,0,FALSE,2,3,A2JWU5GINFTOXT,9433,20.52,2024/4/16,15:56:30,3UUIU9GZDOP4BWXVY1WY7NUGK6LT5R,FALSE
13823456,Delphinium_nuttallianum,8931790,302698,https://crowdcurio-experiment-images.s3.amazonaws.com/Delphinium_nuttallianum/images/Delphinium_nuttallianum.13823456.jpg,0,5,0,FALSE,1,6,A1KAYSB7LMX4FN,22427,33.67,2024/4/16,15:56:37,3UUIU9GZDOP4BWXVY1WY7NUGK6LT5R,FALSE
1656452,Delphinium_nuttallianum,8931997,302227,https://crowdcurio-experiment-images.s3.amazonaws.com/Delphinium_nuttallianum/images/Delphinium_nuttallianum.1656452.jpg,0,4,5,FALSE,2,4,A2JWU5GINFTOXT,9433,32.45,2024/4/16,15:57:05,3UUIU9GZDOP4BWXVY1WY7NUGK6LT5R,FALSE
13823593,Delphinium_nuttallianum,8932671,302700,https://crowdcurio-experiment-images.s3.amazonaws.com/Delphinium_nuttallianum/images/Delphinium_nuttallianum.13823593.jpg,2,14,15,FALSE,1,7,A1KAYSB7LMX4FN,22427,121.19,2024/4/16,15:58:41,3UUIU9GZDOP4BWXVY1WY7NUGK6LT5R,FALSE
13823368,Delphinium_nuttallianum,8932199,302648,https://crowdcurio-experiment-images.s3.amazonaws.com/Delphinium_nuttallianum/images/Delphinium_nuttallianum.13823368.jpg,0,8,2,FALSE,2,2,A4MH7J1MI9M0A,22380,47.68,2024/4/16,15:57:32,3UUIU9GZDOP4BWXVY1WY7NUGK6LT5R,FALSE
1648444,Delphinium_nuttallianum,8932083,302225,https://crowdcurio-experiment-images.s3.amazonaws.com/Delphinium_nuttallianum/images/Delphinium_nuttallianum.1648444.jpg,0,3,0,FALSE,2,5,A2JWU5GINFTOXT,9433,9.9,2024/4/16,15:57:16,3UUIU9GZDOP4BWXVY1WY7NUGK6LT5R,FALSE
1678576,Delphinium_nuttallianum,8932317,302249,https://crowdcurio-experiment-images.s3.amazonaws.com/Delphinium_nuttallianum/images/Delphinium_nuttallianum.1678576.jpg,0,5,7,FALSE,2,6,A2JWU5GINFTOXT,9433,35.15,2024/4/16,15:57:54,3UUIU9GZDOP4BWXVY1WY7NUGK6LT5R,FALSE
13823411,Delphinium_nuttallianum,8932579,302674,https://crowdcurio-experiment-images.s3.amazonaws.com/Delphinium_nuttallianum/images/Delphinium_nuttallianum.13823411.jpg,0,4,7,FALSE,1,1,AND1SH4L7S9DV,21819,66.67,2024/4/16,15:58:28,3UUIU9GZDOP4BWXVY1WY7NUGK6LT5R,FALSE
13823355,Delphinium_nuttallianum,8932619,302638,https://crowdcurio-experiment-images.s3.amazonaws.com/Delphinium_nuttallianum/images/Delphinium_nuttallianum.13823355.jpg,2,10,3,FALSE,2,3,A4MH7J1MI9M0A,22380,58.02,2024/4/16,15:58:35,3UUIU9GZDOP4BWXVY1WY7NUGK6LT5R,FALSE
1656049,Delphinium_nuttallianum,8932610,302226,https://crowdcurio-experiment-images.s3.amazonaws.com/Delphinium_nuttallianum/images/Delphinium_nuttallianum.1656049.jpg,0,12,1,FALSE,2,7,A2JWU5GINFTOXT,9433,38.73,2024/4/16,15:58:34,3UUIU9GZDOP4BWXVY1WY7NUGK6LT5R,FALSE
1656570,Delphinium_nuttallianum,8932811,302230,https://crowdcurio-experiment-images.s3.amazonaws.com/Delphinium_nuttallianum/images/Delphinium_nuttallianum.1656570.jpg,1,8,0,TRUE,2,8,A2JWU5GINFTOXT,9433,22.68,2024/4/16,15:58:58,3UUIU9GZDOP4BWXVY1WY7NUGK6LT5R,FALSE
14814688,Delphinium_nuttallianum,8932918,302733,https://crowdcurio-experiment-images.s3.amazonaws.com/Delphinium_nuttallianum/images/Delphinium_nuttallianum.14814688.jpg,0,4,0,TRUE,1,8,A1KAYSB7LMX4FN,22427,26.7,2024/4/16,15:59:10,3UUIU9GZDOP4BWXVY1WY7NUGK6LT5R,FALSE
13823366,Delphinium_nuttallianum,8933567,302646,https://crowdcurio-experiment-images.s3.amazonaws.com/Delphinium_nuttallianum/images/Delphinium_nuttallianum.13823366.jpg,20,11,1,FALSE,2,4,A4MH7J1MI9M0A,22380,111.82,2024/4/16,16:00:32,3UUIU9GZDOP4BWXVY1WY7NUGK6LT5R,FALSE
13823424,Delphinium_nuttallianum,8933387,302685,https://crowdcurio-experiment-images.s3.amazonaws.com/Delphinium_nuttallianum/images/Delphinium_nuttallianum.13823424.jpg,0,24,12,FALSE,1,2,AND1SH4L7S9DV,21819,95.05,2024/4/16,16:00:08,3UUIU9GZDOP4BWXVY1WY7NUGK6LT5R,FALSE
1656479,Delphinium_nuttallianum,8933055,302228,https://crowdcurio-experiment-images.s3.amazonaws.com/Delphinium_nuttallianum/images/Delphinium_nuttallianum.1656479.jpg,0,8,2,FALSE,2,9,A2JWU5GINFTOXT,9433,28.4,2024/4/16,15:59:29,3UUIU9GZDOP4BWXVY1WY7NUGK6LT5R,FALSE
13824929,Delphinium_nuttallianum,8933440,302714,https://crowdcurio-experiment-images.s3.amazonaws.com/Delphinium_nuttallianum/images/Delphinium_nuttallianum.13824929.jpg,3,12,1,FALSE,1,9,A1KAYSB7LMX4FN,22427,63.43,2024/4/16,16:00:15,3UUIU9GZDOP4BWXVY1WY7NUGK6LT5R,FALSE
1647939,Delphinium_nuttallianum,8933315,302224,https://crowdcurio-experiment-images.s3.amazonaws.com/Delphinium_nuttallianum/images/Delphinium_nuttallianum.1647939.jpg,0,5,3,FALSE,2,10,A2JWU5GINFTOXT,9433,28.95,2024/4/16,16:00:00,3UUIU9GZDOP4BWXVY1WY7NUGK6LT5R,FALSE
1616309,Delphinium_nuttallianum,8933551,302191,https://crowdcurio-experiment-images.s3.amazonaws.com/Delphinium_nuttallianum/images/Delphinium_nuttallianum.1616309.jpg,0,11,0,FALSE,1,1,A11J9UQ036KJA1,20169,75.48,2024/4/16,16:00:30,3UUIU9GZDOP4BWXVY1WY7NUGK6LT5R,FALSE
1609784,Delphinium_nuttallianum,8933631,302179,https://crowdcurio-experiment-images.s3.amazonaws.com/Delphinium_nuttallianum/images/Delphinium_nuttallianum.1609784.jpg,0,10,2,FALSE,3,1,A2JWU5GINFTOXT,9433,24.67,2024/4/16,16:00:42,3UUIU9GZDOP4BWXVY1WY7NUGK6LT5R,FALSE
14843427,Delphinium_nuttallianum,8933878,302736,https://crowdcurio-experiment-images.s3.amazonaws.com/Delphinium_nuttallianum/images/Delphinium_nuttallianum.14843427.jpg,0,11,1,FALSE,1,10,A1KAYSB7LMX4FN,22427,54.75,2024/4/16,16:01:12,3UUIU9GZDOP4BWXVY1WY7NUGK6LT5R,FALSE
1611751,Delphinium_nuttallianum,8933701,302188,https://crowdcurio-experiment-images.s3.amazonaws.com/Delphinium_nuttallianum/images/Delphinium_nuttallianum.1611751.jpg,0,4,0,FALSE,1,2,A11J9UQ036KJA1,20169,18.41,2024/4/16,16:00:51,3UUIU9GZDOP4BWXVY1WY7NUGK6LT5R,FALSE
13823370,Delphinium_nuttallianum,8934490,302649,https://crowdcurio-experiment-images.s3.amazonaws.com/Delphinium_nuttallianum/images/Delphinium_nuttallianum.13823370.jpg,9,15,8,FALSE,2,5,A4MH7J1MI9M0A,22380,114.54,2024/4/16,16:02:33,3UUIU9GZDOP4BWXVY1WY7NUGK6LT5R,FALSE
1609883,Delphinium_nuttallianum,8933908,302180,https://crowdcurio-experiment-images.s3.amazonaws.com/Delphinium_nuttallianum/images/Delphinium_nuttallianum.1609883.jpg,0,7,5,FALSE,3,2,A2JWU5GINFTOXT,9433,31.68,2024/4/16,16:01:16,3UUIU9GZDOP4BWXVY1WY7NUGK6LT5R,FALSE
1616462,Delphinium_nuttallianum,8934055,302193,https://crowdcurio-experiment-images.s3.amazonaws.com/Delphinium_nuttallianum/images/Delphinium_nuttallianum.1616462.jpg,1,15,1,FALSE,1,3,A11J9UQ036KJA1,20169,43.4,2024/4/16,16:01:36,3UUIU9GZDOP4BWXVY1WY7NUGK6LT5R,FALSE
1609721,Delphinium_nuttallianum,8934133,302178,https://crowdcurio-experiment-images.s3.amazonaws.com/Delphinium_nuttallianum/images/Delphinium_nuttallianum.1609721.jpg,0,4,8,FALSE,3,3,A2JWU5GINFTOXT,9433,27.51,2024/4/16,16:01:46,3UUIU9GZDOP4BWXVY1WY7NUGK6LT5R,FALSE
1610825,Delphinium_nuttallianum,8934396,302185,https://crowdcurio-experiment-images.s3.amazonaws.com/Delphinium_nuttallianum/images/Delphinium_nuttallianum.1610825.jpg,7,11,0,FALSE,3,4,A2JWU5GINFTOXT,9433,33.47,2024/4/16,16:02:22,3UUIU9GZDOP4BWXVY1WY7NUGK6LT5R,FALSE
1616381,Delphinium_nuttallianum,8934516,302192,https://crowdcurio-experiment-images.s3.amazonaws.com/Delphinium_nuttallianum/images/Delphinium_nuttallianum.1616381.jpg,0,3,3,FALSE,1,4,A11J9UQ036KJA1,20169,58.65,2024/4/16,16:02:36,3UUIU9GZDOP4BWXVY1WY7NUGK6LT5R,FALSE
13823421,Delphinium_nuttallianum,8934327,302682,https://crowdcurio-experiment-images.s3.amazonaws.com/Delphinium_nuttallianum/images/Delphinium_nuttallianum.13823421.jpg,0,5,0,FALSE,1,3,AND1SH4L7S9DV,21819,118.84,2024/4/16,16:02:12,3UUIU9GZDOP4BWXVY1WY7NUGK6LT5R,FALSE
13823423,Delphinium_nuttallianum,8934727,302684,https://crowdcurio-experiment-images.s3.amazonaws.com/Delphinium_nuttallianum/images/Delphinium_nuttallianum.13823423.jpg,4,7,0,FALSE,1,4,AND1SH4L7S9DV,21819,50.32,2024/4/16,16:03:07,3UUIU9GZDOP4BWXVY1WY7NUGK6LT5R,FALSE
1610676,Delphinium_nuttallianum,8934500,302182,https://crowdcurio-experiment-images.s3.amazonaws.com/Delphinium_nuttallianum/images/Delphinium_nuttallianum.1610676.jpg,0,5,0,FALSE,3,5,A2JWU5GINFTOXT,9433,10.63,2024/4/16,16:02:34,3UUIU9GZDOP4BWXVY1WY7NUGK6LT5R,FALSE
13823366,Delphinium_nuttallianum,8936154,302646,https://crowdcurio-experiment-images.s3.amazonaws.com/Delphinium_nuttallianum/images/Delphinium_nuttallianum.13823366.jpg,17,8,1,TRUE,2,6,A4MH7J1MI9M0A,22380,227.24,2024/4/16,16:06:21,3UUIU9GZDOP4BWXVY1WY7NUGK6LT5R,FALSE
1613529,Delphinium_nuttallianum,8934725,302189,https://crowdcurio-experiment-images.s3.amazonaws.com/Delphinium_nuttallianum/images/Delphinium_nuttallianum.1613529.jpg,0,13,0,FALSE,1,5,A11J9UQ036KJA1,20169,28.99,2024/4/16,16:03:07,3UUIU9GZDOP4BWXVY1WY7NUGK6LT5R,FALSE
1611023,Delphinium_nuttallianum,8934969,302187,https://crowdcurio-experiment-images.s3.amazonaws.com/Delphinium_nuttallianum/images/Delphinium_nuttallianum.1611023.jpg,0,5,0,FALSE,1,6,A11J9UQ036KJA1,20169,30.46,2024/4/16,16:03:40,3UUIU9GZDOP4BWXVY1WY7NUGK6LT5R,FALSE
1610744,Delphinium_nuttallianum,8935025,302183,https://crowdcurio-experiment-images.s3.amazonaws.com/Delphinium_nuttallianum/images/Delphinium_nuttallianum.1610744.jpg,2,7,0,FALSE,3,6,A2JWU5GINFTOXT,9433,70.76,2024/4/16,16:03:47,3UUIU9GZDOP4BWXVY1WY7NUGK6LT5R,FALSE
13823409,Delphinium_nuttallianum,8935329,302673,https://crowdcurio-experiment-images.s3.amazonaws.com/Delphinium_nuttallianum/images/Delphinium_nuttallianum.13823409.jpg,1,10,9,FALSE,1,5,AND1SH4L7S9DV,21819,73.71,2024/4/16,16:04:26,3UUIU9GZDOP4BWXVY1WY7NUGK6LT5R,FALSE
1611751,Delphinium_nuttallianum,8935217,302188,https://crowdcurio-experiment-images.s3.amazonaws.com/Delphinium_nuttallianum/images/Delphinium_nuttallianum.1611751.jpg,0,6,1,TRUE,1,7,A11J9UQ036KJA1,20169,31.2,2024/4/16,16:04:12,3UUIU9GZDOP4BWXVY1WY7NUGK6LT5R,FALSE
1609566,Delphinium_nuttallianum,8935181,302177,https://crowdcurio-experiment-images.s3.amazonaws.com/Delphinium_nuttallianum/images/Delphinium_nuttallianum.1609566.jpg,0,3,4,FALSE,3,7,A2JWU5GINFTOXT,9433,18.68,2024/4/16,16:04:07,3UUIU9GZDOP4BWXVY1WY7NUGK6LT5R,FALSE
1609406,Delphinium_nuttallianum,8935408,302175,https://crowdcurio-experiment-images.s3.amazonaws.com/Delphinium_nuttallianum/images/Delphinium_nuttallianum.1609406.jpg,0,6,10,FALSE,3,8,A2JWU5GINFTOXT,9433,31.05,2024/4/16,16:04:40,3UUIU9GZDOP4BWXVY1WY7NUGK6LT5R,FALSE
1616829,Delphinium_nuttallianum,8935812,302194,https://crowdcurio-experiment-images.s3.amazonaws.com/Delphinium_nuttallianum/images/Delphinium_nuttallianum.1616829.jpg,0,13,1,FALSE,1,8,A11J9UQ036KJA1,20169,83.34,2024/4/16,16:05:38,3UUIU9GZDOP4BWXVY1WY7NUGK6LT5R,FALSE
13823399,Delphinium_nuttallianum,8935706,302670,https://crowdcurio-experiment-images.s3.amazonaws.com/Delphinium_nuttallianum/images/Delphinium_nuttallianum.13823399.jpg,0,14,2,FALSE,1,6,AND1SH4L7S9DV,21819,50.07,2024/4/16,16:05:21,3UUIU9GZDOP4BWXVY1WY7NUGK6LT5R,FALSE
1609502,Delphinium_nuttallianum,8935513,302176,https://crowdcurio-experiment-images.s3.amazonaws.com/Delphinium_nuttallianum/images/Delphinium_nuttallianum.1609502.jpg,0,4,2,FALSE,3,9,A2JWU5GINFTOXT,9433,15.07,2024/4/16,16:04:57,3UUIU9GZDOP4BWXVY1WY7NUGK6LT5R,FALSE
1609721,Delphinium_nuttallianum,8935739,302178,https://crowdcurio-experiment-images.s3.amazonaws.com/Delphinium_nuttallianum/images/Delphinium_nuttallianum.1609721.jpg,0,5,8,TRUE,3,10,A2JWU5GINFTOXT,9433,27.72,2024/4/16,16:05:26,3UUIU9GZDOP4BWXVY1WY7NUGK6LT5R,FALSE
13823423,Delphinium_nuttallianum,8936166,302684,https://crowdcurio-experiment-images.s3.amazonaws.com/Delphinium_nuttallianum/images/Delphinium_nuttallianum.13823423.jpg,4,8,0,TRUE,1,7,AND1SH4L7S9DV,21819,60.65,2024/4/16,16:06:23,3UUIU9GZDOP4BWXVY1WY7NUGK6LT5R,FALSE
1610967,Delphinium_nuttallianum,8936083,302186,https://crowdcurio-experiment-images.s3.amazonaws.com/Delphinium_nuttallianum/images/Delphinium_nuttallianum.1610967.jpg,0,4,5,FALSE,1,9,A11J9UQ036KJA1,20169,33.48,2024/4/16,16:06:13,3UUIU9GZDOP4BWXVY1WY7NUGK6LT5R,FALSE
1558047,Delphinium_nuttallianum,8936077,302143,https://crowdcurio-experiment-images.s3.amazonaws.com/Delphinium_nuttallianum/images/Delphinium_nuttallianum.1558047.jpg,5,7,0,FALSE,4,1,A2JWU5GINFTOXT,9433,27.7,2024/4/16,16:06:12,3UUIU9GZDOP4BWXVY1WY7NUGK6LT5R,FALSE
1646099,Delphinium_nuttallianum,8936294,302222,https://crowdcurio-experiment-images.s3.amazonaws.com/Delphinium_nuttallianum/images/Delphinium_nuttallianum.1646099.jpg,0,8,1,FALSE,1,1,A2A0F0F8N4V9I0,20591,55.08,2024/4/16,16:06:41,3UUIU9GZDOP4BWXVY1WY7NUGK6LT5R,FALSE
1560047,Delphinium_nuttallianum,8936278,302146,https://crowdcurio-experiment-images.s3.amazonaws.com/Delphinium_nuttallianum/images/Delphinium_nuttallianum.1560047.jpg,0,3,2,FALSE,4,2,A2JWU5GINFTOXT,9433,24.55,2024/4/16,16:06:39,3UUIU9GZDOP4BWXVY1WY7NUGK6LT5R,FALSE
1616202,Delphinium_nuttallianum,8936494,302190,https://crowdcurio-experiment-images.s3.amazonaws.com/Delphinium_nuttallianum/images/Delphinium_nuttallianum.1616202.jpg,0,14,0,FALSE,1,10,A11J9UQ036KJA1,20169,50.3,2024/4/16,16:07:05,3UUIU9GZDOP4BWXVY1WY7NUGK6LT5R,FALSE
13823407,Delphinium_nuttallianum,8936746,302672,https://crowdcurio-experiment-images.s3.amazonaws.com/Delphinium_nuttallianum/images/Delphinium_nuttallianum.13823407.jpg,0,21,8,FALSE,1,8,AND1SH4L7S9DV,21819,74.31,2024/4/16,16:07:40,3UUIU9GZDOP4BWXVY1WY7NUGK6LT5R,FALSE
13823375,Delphinium_nuttallianum,8936973,302654,https://crowdcurio-experiment-images.s3.amazonaws.com/Delphinium_nuttallianum/images/Delphinium_nuttallianum.13823375.jpg,14,12,1,FALSE,2,7,A4MH7J1MI9M0A,22380,103.87,2024/4/16,16:08:10,3UUIU9GZDOP4BWXVY1WY7NUGK6LT5R,FALSE
1558182,Delphinium_nuttallianum,8936576,302144,https://crowdcurio-experiment-images.s3.amazonaws.com/Delphinium_nuttallianum/images/Delphinium_nuttallianum.1558182.jpg,7,12,0,FALSE,4,3,A2JWU5GINFTOXT,9433,36.17,2024/4/16,16:07:17,3UUIU9GZDOP4BWXVY1WY7NUGK6LT5R,FALSE
1647792,Delphinium_nuttallianum,8937304,302223,https://crowdcurio-experiment-images.s3.amazonaws.com/Delphinium_nuttallianum/images/Delphinium_nuttallianum.1647792.jpg,1,12,7,FALSE,1,2,A2A0F0F8N4V9I0,20591,120.42,2024/4/16,16:08:51,3UUIU9GZDOP4BWXVY1WY7NUGK6LT5R,FALSE
1558235,Delphinium_nuttallianum,8936744,302145,https://crowdcurio-experiment-images.s3.amazonaws.com/Delphinium_nuttallianum/images/Delphinium_nuttallianum.1558235.jpg,0,12,0,FALSE,4,4,A2JWU5GINFTOXT,9433,20.62,2024/4/16,16:07:40,3UUIU9GZDOP4BWXVY1WY7NUGK6LT5R,FALSE
1561809,Delphinium_nuttallianum,8936913,302149,https://crowdcurio-experiment-images.s3.amazonaws.com/Delphinium_nuttallianum/images/Delphinium_nuttallianum.1561809.jpg,0,6,3,FALSE,4,5,A2JWU5GINFTOXT,9433,20.71,2024/4/16,16:08:03,3UUIU9GZDOP4BWXVY1WY7NUGK6LT5R,FALSE
1561888,Delphinium_nuttallianum,8937104,302150,https://crowdcurio-experiment-images.s3.amazonaws.com/Delphinium_nuttallianum/images/Delphinium_nuttallianum.1561888.jpg,0,11,1,FALSE,4,6,A2JWU5GINFTOXT,9433,21.54,2024/4/16,16:08:26,3UUIU9GZDOP4BWXVY1WY7NUGK6LT5R,FALSE
1561221,Delphinium_nuttallianum,8937349,302148,https://crowdcurio-experiment-images.s3.amazonaws.com/Delphinium_nuttallianum/images/Delphinium_nuttallianum.1561221.jpg,0,8,1,FALSE,4,7,A2JWU5GINFTOXT,9433,28.02,2024/4/16,16:08:56,3UUIU9GZDOP4BWXVY1WY7NUGK6LT5R,FALSE
13823374,Delphinium_nuttallianum,8938612,302653,https://crowdcurio-experiment-images.s3.amazonaws.com/Delphinium_nuttallianum/images/Delphinium_nuttallianum.13823374.jpg,11,16,3,FALSE,2,8,A4MH7J1MI9M0A,22380,223.13,2024/4/16,16:11:58,3UUIU9GZDOP4BWXVY1WY7NUGK6LT5R,FALSE
1561809,Delphinium_nuttallianum,8937640,302149,https://crowdcurio-experiment-images.s3.amazonaws.com/Delphinium_nuttallianum/images/Delphinium_nuttallianum.1561809.jpg,0,7,3,TRUE,4,8,A2JWU5GINFTOXT,9433,39.11,2024/4/16,16:09:37,3UUIU9GZDOP4BWXVY1WY7NUGK6LT5R,FALSE
1619304,Delphinium_nuttallianum,8937802,302207,https://crowdcurio-experiment-images.s3.amazonaws.com/Delphinium_nuttallianum/images/Delphinium_nuttallianum.1619304.jpg,0,17,2,FALSE,1,3,A2A0F0F8N4V9I0,20591,48.58,2024/4/16,16:09:56,3UUIU9GZDOP4BWXVY1WY7NUGK6LT5R,FALSE
13823414,Delphinium_nuttallianum,8938029,302677,https://crowdcurio-experiment-images.s3.amazonaws.com/Delphinium_nuttallianum/images/Delphinium_nuttallianum.13823414.jpg,2,14,1,FALSE,1,10,AND1SH4L7S9DV,21819,77.01,2024/4/16,16:10:28,3UUIU9GZDOP4BWXVY1WY7NUGK6LT5R,FALSE
1560788,Delphinium_nuttallianum,8937804,302147,https://crowdcurio-experiment-images.s3.amazonaws.com/Delphinium_nuttallianum/images/Delphinium_nuttallianum.1560788.jpg,0,3,0,FALSE,4,9,A2JWU5GINFTOXT,9433,17.43,2024/4/16,16:09:56,3UUIU9GZDOP4BWXVY1WY7NUGK6LT5R,FALSE
1561954,Delphinium_nuttallianum,8938083,302151,https://crowdcurio-experiment-images.s3.amazonaws.com/Delphinium_nuttallianum/images/Delphinium_nuttallianum.1561954.jpg,0,15,3,FALSE,4,10,A2JWU5GINFTOXT,9433,35.38,2024/4/16,16:10:34,3UUIU9GZDOP4BWXVY1WY7NUGK6LT5R,FALSE
1620211,Delphinium_nuttallianum,8938335,302209,https://crowdcurio-experiment-images.s3.amazonaws.com/Delphinium_nuttallianum/images/Delphinium_nuttallianum.1620211.jpg,0,6,13,FALSE,1,4,A2A0F0F8N4V9I0,20591,65.83,2024/4/16,16:11:11,3UUIU9GZDOP4BWXVY1WY7NUGK6LT5R,FALSE
1474869,Delphinium_nuttallianum,8938525,302132,https://crowdcurio-experiment-images.s3.amazonaws.com/Delphinium_nuttallianum/images/Delphinium_nuttallianum.1474869.jpg,1,8,0,FALSE,5,1,A2JWU5GINFTOXT,9433,30.28,2024/4/16,16:11:43,3UUIU9GZDOP4BWXVY1WY7NUGK6LT5R,FALSE
1620838,Delphinium_nuttallianum,8938620,302210,https://crowdcurio-experiment-images.s3.amazonaws.com/Delphinium_nuttallianum/images/Delphinium_nuttallianum.1620838.jpg,0,13,3,FALSE,1,5,A2A0F0F8N4V9I0,20591,39.27,2024/4/16,16:11:59,3UUIU9GZDOP4BWXVY1WY7NUGK6LT5R,FALSE
1452364,Delphinium_nuttallianum,8938644,302130,https://crowdcurio-experiment-images.s3.amazonaws.com/Delphinium_nuttallianum/images/Delphinium_nuttallianum.1452364.jpg,0,12,0,FALSE,5,2,A2JWU5GINFTOXT,9433,18.24,2024/4/16,16:12:04,3UUIU9GZDOP4BWXVY1WY7NUGK6LT5R,FALSE
1436955,Delphinium_nuttallianum,8938777,302128,https://crowdcurio-experiment-images.s3.amazonaws.com/Delphinium_nuttallianum/images/Delphinium_nuttallianum.1436955.jpg,0,3,1,FALSE,5,3,A2JWU5GINFTOXT,9433,21.69,2024/4/16,16:12:28,3UUIU9GZDOP4BWXVY1WY7NUGK6LT5R,FALSE
13823373,Delphinium_nuttallianum,8939316,302652,https://crowdcurio-experiment-images.s3.amazonaws.com/Delphinium_nuttallianum/images/Delphinium_nuttallianum.13823373.jpg,1,14,6,FALSE,2,9,A4MH7J1MI9M0A,22380,101.39,2024/4/16,16:13:58,3UUIU9GZDOP4BWXVY1WY7NUGK6LT5R,FALSE
1644180,Delphinium_nuttallianum,8938811,302221,https://crowdcurio-experiment-images.s3.amazonaws.com/Delphinium_nuttallianum/images/Delphinium_nuttallianum.1644180.jpg,0,1,0,FALSE,1,6,A2A0F0F8N4V9I0,20591,21.8,2024/4/16,16:12:32,3UUIU9GZDOP4BWXVY1WY7NUGK6LT5R,FALSE
1557896,Delphinium_nuttallianum,8938947,302142,https://crowdcurio-experiment-images.s3.amazonaws.com/Delphinium_nuttallianum/images/Delphinium_nuttallianum.1557896.jpg,1,8,0,FALSE,5,4,A2JWU5GINFTOXT,9433,25.08,2024/4/16,16:12:55,3UUIU9GZDOP4BWXVY1WY7NUGK6LT5R,FALSE
1641726,Delphinium_nuttallianum,8939215,302220,https://crowdcurio-experiment-images.s3.amazonaws.com/Delphinium_nuttallianum/images/Delphinium_nuttallianum.1641726.jpg,0,1,7,FALSE,1,7,A2A0F0F8N4V9I0,20591,46.2,2024/4/16,16:13:37,3UUIU9GZDOP4BWXVY1WY7NUGK6LT5R,FALSE
1455886,Delphinium_nuttallianum,8939155,302131,https://crowdcurio-experiment-images.s3.amazonaws.com/Delphinium_nuttallianum/images/Delphinium_nuttallianum.1455886.jpg,1,18,0,FALSE,5,5,A2JWU5GINFTOXT,9433,31.21,2024/4/16,16:13:28,3UUIU9GZDOP4BWXVY1WY7NUGK6LT5R,FALSE
1341595,Delphinium_nuttallianum,8939247,302112,https://crowdcurio-experiment-images.s3.amazonaws.com/Delphinium_nuttallianum/images/Delphinium_nuttallianum.1341595.jpg,2,6,4,FALSE,2,1,AND1SH4L7S9DV,21819,147.13,2024/4/16,16:13:44,3UUIU9GZDOP4BWXVY1WY7NUGK6LT5R,FALSE
1444139,Delphinium_nuttallianum,8939285,302129,https://crowdcurio-experiment-images.s3.amazonaws.com/Delphinium_nuttallianum/images/Delphinium_nuttallianum.1444139.jpg,0,7,3,FALSE,5,6,A2JWU5GINFTOXT,9433,22.79,2024/4/16,16:13:53,3UUIU9GZDOP4BWXVY1WY7NUGK6LT5R,FALSE
1618280,Delphinium_nuttallianum,8939399,302206,https://crowdcurio-experiment-images.s3.amazonaws.com/Delphinium_nuttallianum/images/Delphinium_nuttallianum.1618280.jpg,0,6,1,FALSE,1,8,A2A0F0F8N4V9I0,20591,26.23,2024/4/16,16:14:09,3UUIU9GZDOP4BWXVY1WY7NUGK6LT5R,FALSE
1340706,Delphinium_nuttallianum,8939712,302107,https://crowdcurio-experiment-images.s3.amazonaws.com/Delphinium_nuttallianum/images/Delphinium_nuttallianum.1340706.jpg,1,7,9,FALSE,2,2,AND1SH4L7S9DV,21819,72.64,2024/4/16,16:15:01,3UUIU9GZDOP4BWXVY1WY7NUGK6LT5R,FALSE
1422199,Delphinium_nuttallianum,8939457,302126,https://crowdcurio-experiment-images.s3.amazonaws.com/Delphinium_nuttallianum/images/Delphinium_nuttallianum.1422199.jpg,4,6,0,FALSE,5,7,A2JWU5GINFTOXT,9433,23.68,2024/4/16,16:14:19,3UUIU9GZDOP4BWXVY1WY7NUGK6LT5R,FALSE
1619741,Delphinium_nuttallianum,8939814,302208,https://crowdcurio-experiment-images.s3.amazonaws.com/Delphinium_nuttallianum/images/Delphinium_nuttallianum.1619741.jpg,4,10,7,FALSE,1,9,A2A0F0F8N4V9I0,20591,64.98,2024/4/16,16:15:20,3UUIU9GZDOP4BWXVY1WY7NUGK6LT5R,FALSE
1436955,Delphinium_nuttallianum,8939583,302128,https://crowdcurio-experiment-images.s3.amazonaws.com/Delphinium_nuttallianum/images/Delphinium_nuttallianum.1436955.jpg,0,3,1,TRUE,5,8,A2JWU5GINFTOXT,9433,19.55,2024/4/16,16:14:40,3UUIU9GZDOP4BWXVY1WY7NUGK6LT5R,FALSE
1422213,Delphinium_nuttallianum,8939904,302127,https://crowdcurio-experiment-images.s3.amazonaws.com/Delphinium_nuttallianum/images/Delphinium_nuttallianum.1422213.jpg,5,9,1,FALSE,5,9,A2JWU5GINFTOXT,9433,53.68,2024/4/16,16:15:36,3UUIU9GZDOP4BWXVY1WY7NUGK6LT5R,FALSE
13823371,Delphinium_nuttallianum,8940313,302650,https://crowdcurio-experiment-images.s3.amazonaws.com/Delphinium_nuttallianum/images/Delphinium_nuttallianum.13823371.jpg,13,10,5,FALSE,2,10,A4MH7J1MI9M0A,22380,133.72,2024/4/16,16:16:44,3UUIU9GZDOP4BWXVY1WY7NUGK6LT5R,FALSE
1341238,Delphinium_nuttallianum,8940131,302110,https://crowdcurio-experiment-images.s3.amazonaws.com/Delphinium_nuttallianum/images/Delphinium_nuttallianum.1341238.jpg,1,9,4,FALSE,2,3,AND1SH4L7S9DV,21819,63.52,2024/4/16,16:16:10,3UUIU9GZDOP4BWXVY1WY7NUGK6LT5R,FALSE
1620211,Delphinium_nuttallianum,8940155,302209,https://crowdcurio-experiment-images.s3.amazonaws.com/Delphinium_nuttallianum/images/Delphinium_nuttallianum.1620211.jpg,0,7,10,TRUE,1,10,A2A0F0F8N4V9I0,20591,52.81,2024/4/16,16:16:14,3UUIU9GZDOP4BWXVY1WY7NUGK6LT5R,FALSE
1418807,Delphinium_nuttallianum,8940167,302125,https://crowdcurio-experiment-images.s3.amazonaws.com/Delphinium_nuttallianum/images/Delphinium_nuttallianum.1418807.jpg,0,5,4,FALSE,5,10,A2JWU5GINFTOXT,9433,40.51,2024/4/16,16:16:18,3UUIU9GZDOP4BWXVY1WY7NUGK6LT5R,FALSE
1342672,Delphinium_nuttallianum,8940398,302113,https://crowdcurio-experiment-images.s3.amazonaws.com/Delphinium_nuttallianum/images/Delphinium_nuttallianum.1342672.jpg,1,6,2,FALSE,2,4,AND1SH4L7S9DV,21819,44.21,2024/4/16,16:17:00,3UUIU9GZDOP4BWXVY1WY7NUGK6LT5R,FALSE
1335409,Delphinium_nuttallianum,8940371,302087,https://crowdcurio-experiment-images.s3.amazonaws.com/Delphinium_nuttallianum/images/Delphinium_nuttallianum.1335409.jpg,0,8,0,FALSE,6,1,A2JWU5GINFTOXT,9433,19.59,2024/4/16,16:16:56,3UUIU9GZDOP4BWXVY1WY7NUGK6LT5R,FALSE
1312166,Delphinium_nuttallianum,8940602,302081,https://crowdcurio-experiment-images.s3.amazonaws.com/Delphinium_nuttallianum/images/Delphinium_nuttallianum.1312166.jpg,0,7,6,FALSE,6,2,A2JWU5GINFTOXT,9433,40.55,2024/4/16,16:17:38,3UUIU9GZDOP4BWXVY1WY7NUGK6LT5R,FALSE
1341476,Delphinium_nuttallianum,8940712,302111,https://crowdcurio-experiment-images.s3.amazonaws.com/Delphinium_nuttallianum/images/Delphinium_nuttallianum.1341476.jpg,1,2,7,FALSE,2,5,AND1SH4L7S9DV,21819,56.28,2024/4/16,16:18:01,3UUIU9GZDOP4BWXVY1WY7NUGK6LT5R,FALSE
1335551,Delphinium_nuttallianum,8940789,302088,https://crowdcurio-experiment-images.s3.amazonaws.com/Delphinium_nuttallianum/images/Delphinium_nuttallianum.1335551.jpg,0,11,2,FALSE,6,3,A2JWU5GINFTOXT,9433,32.7,2024/4/16,16:18:13,3UUIU9GZDOP4BWXVY1WY7NUGK6LT5R,FALSE
1340557,Delphinium_nuttallianum,8940910,302106,https://crowdcurio-experiment-images.s3.amazonaws.com/Delphinium_nuttallianum/images/Delphinium_nuttallianum.1340557.jpg,3,15,0,FALSE,2,1,A2A0F0F8N4V9I0,20591,94.22,2024/4/16,16:18:37,3UUIU9GZDOP4BWXVY1WY7NUGK6LT5R,FALSE
1418755,Delphinium_nuttallianum,8940929,302124,https://crowdcurio-experiment-images.s3.amazonaws.com/Delphinium_nuttallianum/images/Delphinium_nuttallianum.1418755.jpg,0,5,0,FALSE,2,6,AND1SH4L7S9DV,21819,33.97,2024/4/16,16:18:40,3UUIU9GZDOP4BWXVY1WY7NUGK6LT5R,FALSE
1312242,Delphinium_nuttallianum,8941011,302082,https://crowdcurio-experiment-images.s3.amazonaws.com/Delphinium_nuttallianum/images/Delphinium_nuttallianum.1312242.jpg,0,8,7,FALSE,6,4,A2JWU5GINFTOXT,9433,41.98,2024/4/16,16:18:57,3UUIU9GZDOP4BWXVY1WY7NUGK6LT5R,FALSE
1340887,Delphinium_nuttallianum,8941223,302109,https://crowdcurio-experiment-images.s3.amazonaws.com/Delphinium_nuttallianum/images/Delphinium_nuttallianum.1340887.jpg,3,8,0,FALSE,2,7,AND1SH4L7S9DV,21819,46.85,2024/4/16,16:19:31,3UUIU9GZDOP4BWXVY1WY7NUGK6LT5R,FALSE
1302699,Delphinium_nuttallianum,8941635,302073,https://crowdcurio-experiment-images.s3.amazonaws.com/Delphinium_nuttallianum/images/Delphinium_nuttallianum.1302699.jpg,0,9,10,FALSE,3,1,A4MH7J1MI9M0A,22380,172.59,2024/4/16,16:20:34,3UUIU9GZDOP4BWXVY1WY7NUGK6LT5R,FALSE
1335297,Delphinium_nuttallianum,8941293,302086,https://crowdcurio-experiment-images.s3.amazonaws.com/Delphinium_nuttallianum/images/Delphinium_nuttallianum.1335297.jpg,0,12,1,FALSE,6,5,A2JWU5GINFTOXT,9433,41.49,2024/4/16,16:19:41,3UUIU9GZDOP4BWXVY1WY7NUGK6LT5R,FALSE
1336425,Delphinium_nuttallianum,8941382,302095,https://crowdcurio-experiment-images.s3.amazonaws.com/Delphinium_nuttallianum/images/Delphinium_nuttallianum.1336425.jpg,0,10,0,FALSE,2,2,A2A0F0F8N4V9I0,20591,39.52,2024/4/16,16:19:53,3UUIU9GZDOP4BWXVY1WY7NUGK6LT5R,FALSE
1335111,Delphinium_nuttallianum,8941496,302085,https://crowdcurio-experiment-images.s3.amazonaws.com/Delphinium_nuttallianum/images/Delphinium_nuttallianum.1335111.jpg,0,12,0,FALSE,6,6,A2JWU5GINFTOXT,9433,26.87,2024/4/16,16:20:11,3UUIU9GZDOP4BWXVY1WY7NUGK6LT5R,FALSE
1336772,Delphinium_nuttallianum,8941656,302096,https://crowdcurio-experiment-images.s3.amazonaws.com/Delphinium_nuttallianum/images/Delphinium_nuttallianum.1336772.jpg,0,5,2,FALSE,2,3,A2A0F0F8N4V9I0,20591,40.56,2024/4/16,16:20:38,3UUIU9GZDOP4BWXVY1WY7NUGK6LT5R,FALSE
1334987,Delphinium_nuttallianum,8941658,302084,https://crowdcurio-experiment-images.s3.amazonaws.com/Delphinium_nuttallianum/images/Delphinium_nuttallianum.1334987.jpg,1,7,0,FALSE,6,7,A2JWU5GINFTOXT,9433,26.03,2024/4/16,16:20:39,3UUIU9GZDOP4BWXVY1WY7NUGK6LT5R,FALSE
1342717,Delphinium_nuttallianum,8941775,302114,https://crowdcurio-experiment-images.s3.amazonaws.com/Delphinium_nuttallianum/images/Delphinium_nuttallianum.1342717.jpg,0,6,0,FALSE,2,8,AND1SH4L7S9DV,21819,79.4,2024/4/16,16:20:56,3UUIU9GZDOP4BWXVY1WY7NUGK6LT5R,FALSE
1312372,Delphinium_nuttallianum,8941961,302083,https://crowdcurio-experiment-images.s3.amazonaws.com/Delphinium_nuttallianum/images/Delphinium_nuttallianum.1312372.jpg,0,4,12,FALSE,6,8,A2JWU5GINFTOXT,9433,39.23,2024/4/16,16:21:20,3UUIU9GZDOP4BWXVY1WY7NUGK6LT5R,FALSE
1336302,Delphinium_nuttallianum,8941884,302094,https://crowdcurio-experiment-images.s3.amazonaws.com/Delphinium_nuttallianum/images/Delphinium_nuttallianum.1336302.jpg,0,9,0,FALSE,2,4,A2A0F0F8N4V9I0,20591,26.52,2024/4/16,16:21:11,3UUIU9GZDOP4BWXVY1WY7NUGK6LT5R,FALSE
1340706,Delphinium_nuttallianum,8942320,302107,https://crowdcurio-experiment-images.s3.amazonaws.com/Delphinium_nuttallianum/images/Delphinium_nuttallianum.1340706.jpg,2,5,9,TRUE,2,9,AND1SH4L7S9DV,21819,70.07,2024/4/16,16:22:08,3UUIU9GZDOP4BWXVY1WY7NUGK6LT5R,FALSE
1306568,Delphinium_nuttallianum,8942741,302075,https://crowdcurio-experiment-images.s3.amazonaws.com/Delphinium_nuttallianum/images/Delphinium_nuttallianum.1306568.jpg,0,22,22,FALSE,3,2,A4MH7J1MI9M0A,22380,140.19,2024/4/16,16:23:15,3UUIU9GZDOP4BWXVY1WY7NUGK6LT5R,FALSE
1271321,Delphinium_nuttallianum,8942162,302068,https://crowdcurio-experiment-images.s3.amazonaws.com/Delphinium_nuttallianum/images/Delphinium_nuttallianum.1271321.jpg,0,16,6,FALSE,1,1,A3MSYMSTHZJI98,15070,66.38,2024/4/16,16:21:46,3UUIU9GZDOP4BWXVY1WY7NUGK6LT5R,FALSE
1335574,Delphinium_nuttallianum,8942102,302089,https://crowdcurio-experiment-images.s3.amazonaws.com/Delphinium_nuttallianum/images/Delphinium_nuttallianum.1335574.jpg,0,7,0,FALSE,2,5,A2A0F0F8N4V9I0,20591,14.37,2024/4/16,16:21:38,3UUIU9GZDOP4BWXVY1WY7NUGK6LT5R,FALSE
1312242,Delphinium_nuttallianum,8942461,302082,https://crowdcurio-experiment-images.s3.amazonaws.com/Delphinium_nuttallianum/images/Delphinium_nuttallianum.1312242.jpg,0,9,8,TRUE,6,9,A2JWU5GINFTOXT,9433,69.43,2024/4/16,16:22:31,3UUIU9GZDOP4BWXVY1WY7NUGK6LT5R,FALSE
1340557,Delphinium_nuttallianum,8942498,302106,https://crowdcurio-experiment-images.s3.amazonaws.com/Delphinium_nuttallianum/images/Delphinium_nuttallianum.1340557.jpg,7,16,0,TRUE,2,6,A2A0F0F8N4V9I0,20591,57.47,2024/4/16,16:22:38,3UUIU9GZDOP4BWXVY1WY7NUGK6LT5R,FALSE
1270423,Delphinium_nuttallianum,8942338,302064,https://crowdcurio-experiment-images.s3.amazonaws.com/Delphinium_nuttallianum/images/Delphinium_nuttallianum.1270423.jpg,0,8,1,FALSE,1,2,A3MSYMSTHZJI98,15070,22,2024/4/16,16:22:10,3UUIU9GZDOP4BWXVY1WY7NUGK6LT5R,FALSE
1271586,Delphinium_nuttallianum,8942466,302070,https://crowdcurio-experiment-images.s3.amazonaws.com/Delphinium_nuttallianum/images/Delphinium_nuttallianum.1271586.jpg,0,7,9,FALSE,1,3,A3MSYMSTHZJI98,15070,19.12,2024/4/16,16:22:31,3UUIU9GZDOP4BWXVY1WY7NUGK6LT5R,FALSE
1270644,Delphinium_nuttallianum,8942614,302066,https://crowdcurio-experiment-images.s3.amazonaws.com/Delphinium_nuttallianum/images/Delphinium_nuttallianum.1270644.jpg,0,10,4,FALSE,1,4,A3MSYMSTHZJI98,15070,19.66,2024/4/16,16:22:54,3UUIU9GZDOP4BWXVY1WY7NUGK6LT5R,FALSE
1335842,Delphinium_nuttallianum,8942796,302090,https://crowdcurio-experiment-images.s3.amazonaws.com/Delphinium_nuttallianum/images/Delphinium_nuttallianum.1335842.jpg,0,13,0,FALSE,2,7,A2A0F0F8N4V9I0,20591,39.02,2024/4/16,16:23:23,3UUIU9GZDOP4BWXVY1WY7NUGK6LT5R,FALSE
1340771,Delphinium_nuttallianum,8942731,302108,https://crowdcurio-experiment-images.s3.amazonaws.com/Delphinium_nuttallianum/images/Delphinium_nuttallianum.1340771.jpg,1,4,0,FALSE,2,10,AND1SH4L7S9DV,21819,36.91,2024/4/16,16:23:14,3UUIU9GZDOP4BWXVY1WY7NUGK6LT5R,FALSE
1271513,Delphinium_nuttallianum,8942697,302069,https://crowdcurio-experiment-images.s3.amazonaws.com/Delphinium_nuttallianum/images/Delphinium_nuttallianum.1271513.jpg,0,11,0,FALSE,1,5,A3MSYMSTHZJI98,15070,11.45,2024/4/16,16:23:07,3UUIU9GZDOP4BWXVY1WY7NUGK6LT5R,FALSE
1311456,Delphinium_nuttallianum,8942806,302080,https://crowdcurio-experiment-images.s3.amazonaws.com/Delphinium_nuttallianum/images/Delphinium_nuttallianum.1311456.jpg,0,5,1,FALSE,6,10,A2JWU5GINFTOXT,9433,50.97,2024/4/16,16:23:24,3UUIU9GZDOP4BWXVY1WY7NUGK6LT5R,FALSE
1270385,Delphinium_nuttallianum,8942849,302062,https://crowdcurio-experiment-images.s3.amazonaws.com/Delphinium_nuttallianum/images/Delphinium_nuttallianum.1270385.jpg,0,10,5,FALSE,1,6,A3MSYMSTHZJI98,15070,23.89,2024/4/16,16:23:33,3UUIU9GZDOP4BWXVY1WY7NUGK6LT5R,FALSE
1336224,Delphinium_nuttallianum,8943049,302093,https://crowdcurio-experiment-images.s3.amazonaws.com/Delphinium_nuttallianum/images/Delphinium_nuttallianum.1336224.jpg,0,8,3,FALSE,2,8,A2A0F0F8N4V9I0,20591,32.01,2024/4/16,16:24:02,3UUIU9GZDOP4BWXVY1WY7NUGK6LT5R,FALSE
1270405,Delphinium_nuttallianum,8942983,302063,https://crowdcurio-experiment-images.s3.amazonaws.com/Delphinium_nuttallianum/images/Delphinium_nuttallianum.1270405.jpg,0,14,0,FALSE,1,7,A3MSYMSTHZJI98,15070,15.47,2024/4/16,16:23:51,3UUIU9GZDOP4BWXVY1WY7NUGK6LT5R,FALSE
1311374,Delphinium_nuttallianum,8943384,302079,https://crowdcurio-experiment-images.s3.amazonaws.com/Delphinium_nuttallianum/images/Delphinium_nuttallianum.1311374.jpg,7,11,0,FALSE,3,3,A4MH7J1MI9M0A,22380,73.39,2024/4/16,16:24:45,3UUIU9GZDOP4BWXVY1WY7NUGK6LT5R,FALSE
26763047,Delphinium_nuttallianum,8943055,302876,https://crowdcurio-experiment-images.s3.amazonaws.com/Delphinium_nuttallianum/images/Delphinium_nuttallianum.26763047.jpg,0,6,0,FALSE,7,1,A2JWU5GINFTOXT,9433,18.25,2024/4/16,16:24:03,3UUIU9GZDOP4BWXVY1WY7NUGK6LT5R,FALSE
1271275,Delphinium_nuttallianum,8943179,302067,https://crowdcurio-experiment-images.s3.amazonaws.com/Delphinium_nuttallianum/images/Delphinium_nuttallianum.1271275.jpg,0,20,5,FALSE,1,8,A3MSYMSTHZJI98,15070,24.87,2024/4/16,16:24:18,3UUIU9GZDOP4BWXVY1WY7NUGK6LT5R,FALSE
1189946,Delphinium_nuttallianum,8943207,302047,https://crowdcurio-experiment-images.s3.amazonaws.com/Delphinium_nuttallianum/images/Delphinium_nuttallianum.1189946.jpg,1,3,2,FALSE,3,1,AND1SH4L7S9DV,21819,29.31,2024/4/16,16:24:21,3UUIU9GZDOP4BWXVY1WY7NUGK6LT5R,FALSE
26763051,Delphinium_nuttallianum,8943464,302877,https://crowdcurio-experiment-images.s3.amazonaws.com/Delphinium_nuttallianum/images/Delphinium_nuttallianum.26763051.jpg,13,12,0,FALSE,7,2,A2JWU5GINFTOXT,9433,51.23,2024/4/16,16:24:56,3UUIU9GZDOP4BWXVY1WY7NUGK6LT5R,FALSE
1271321,Delphinium_nuttallianum,8943339,302068,https://crowdcurio-experiment-images.s3.amazonaws.com/Delphinium_nuttallianum/images/Delphinium_nuttallianum.1271321.jpg,0,16,1,TRUE,1,9,A3MSYMSTHZJI98,15070,18.74,2024/4/16,16:24:38,3UUIU9GZDOP4BWXVY1WY7NUGK6LT5R,FALSE
1336136,Delphinium_nuttallianum,8943498,302092,https://crowdcurio-experiment-images.s3.amazonaws.com/Delphinium_nuttallianum/images/Delphinium_nuttallianum.1336136.jpg,0,14,0,FALSE,2,9,A2A0F0F8N4V9I0,20591,44.13,2024/4/16,16:25:01,3UUIU9GZDOP4BWXVY1WY7NUGK6LT5R,FALSE
1270465,Delphinium_nuttallianum,8943491,302065,https://crowdcurio-experiment-images.s3.amazonaws.com/Delphinium_nuttallianum/images/Delphinium_nuttallianum.1270465.jpg,0,8,4,FALSE,1,10,A3MSYMSTHZJI98,15070,18.07,2024/4/16,16:25:00,3UUIU9GZDOP4BWXVY1WY7NUGK6LT5R,FALSE
1237604,Delphinium_nuttallianum,8943659,302051,https://crowdcurio-experiment-images.s3.amazonaws.com/Delphinium_nuttallianum/images/Delphinium_nuttallianum.1237604.jpg,1,5,6,FALSE,3,2,AND1SH4L7S9DV,21819,55.53,2024/4/16,16:25:31,3UUIU9GZDOP4BWXVY1WY7NUGK6LT5R,FALSE
27169866,Delphinium_nuttallianum,8943596,302883,https://crowdcurio-experiment-images.s3.amazonaws.com/Delphinium_nuttallianum/images/Delphinium_nuttallianum.27169866.jpg,3,6,0,FALSE,7,3,A2JWU5GINFTOXT,9433,24.85,2024/4/16,16:25:23,3UUIU9GZDOP4BWXVY1WY7NUGK6LT5R,FALSE
1336093,Delphinium_nuttallianum,8943867,302091,https://crowdcurio-experiment-images.s3.amazonaws.com/Delphinium_nuttallianum/images/Delphinium_nuttallianum.1336093.jpg,10,16,0,FALSE,2,10,A2A0F0F8N4V9I0,20591,50.05,2024/4/16,16:25:58,3UUIU9GZDOP4BWXVY1WY7NUGK6LT5R,FALSE
1307310,Delphinium_nuttallianum,8944442,302077,https://crowdcurio-experiment-images.s3.amazonaws.com/Delphinium_nuttallianum/images/Delphinium_nuttallianum.1307310.jpg,14,20,1,FALSE,3,4,A4MH7J1MI9M0A,22380,115.64,2024/4/16,16:27:06,3UUIU9GZDOP4BWXVY1WY7NUGK6LT5R,FALSE
24897381,Delphinium_nuttallianum,8943720,302866,https://crowdcurio-experiment-images.s3.amazonaws.com/Delphinium_nuttallianum/images/Delphinium_nuttallianum.24897381.jpg,0,8,3,FALSE,2,1,A3MSYMSTHZJI98,15070,18.24,2024/4/16,16:25:40,3UUIU9GZDOP4BWXVY1WY7NUGK6LT5R,FALSE
27018365,Delphinium_nuttallianum,8943753,302878,https://crowdcurio-experiment-images.s3.amazonaws.com/Delphinium_nuttallianum/images/Delphinium_nuttallianum.27018365.jpg,3,2,0,FALSE,7,4,A2JWU5GINFTOXT,9433,18.52,2024/4/16,16:25:44,3UUIU9GZDOP4BWXVY1WY7NUGK6LT5R,FALSE
26756260,Delphinium_nuttallianum,8943862,302873,https://crowdcurio-experiment-images.s3.amazonaws.com/Delphinium_nuttallianum/images/Delphinium_nuttallianum.26756260.jpg,0,13,0,FALSE,2,2,A3MSYMSTHZJI98,15070,14.44,2024/4/16,16:25:57,3UUIU9GZDOP4BWXVY1WY7NUGK6LT5R,FALSE
27128435,Delphinium_nuttallianum,8944071,302882,https://crowdcurio-experiment-images.s3.amazonaws.com/Delphinium_nuttallianum/images/Delphinium_nuttallianum.27128435.jpg,0,8,8,FALSE,7,5,A2JWU5GINFTOXT,9433,33.18,2024/4/16,16:26:19,3UUIU9GZDOP4BWXVY1WY7NUGK6LT5R,FALSE
26752927,Delphinium_nuttallianum,8944003,302871,https://crowdcurio-experiment-images.s3.amazonaws.com/Delphinium_nuttallianum/images/Delphinium_nuttallianum.26752927.jpg,0,10,2,FALSE,2,3,A3MSYMSTHZJI98,15070,12.77,2024/4/16,16:26:12,3UUIU9GZDOP4BWXVY1WY7NUGK6LT5R,FALSE
26753772,Delphinium_nuttallianum,8944195,302872,https://crowdcurio-experiment-images.s3.amazonaws.com/Delphinium_nuttallianum/images/Delphinium_nuttallianum.26753772.jpg,0,11,8,FALSE,2,4,A3MSYMSTHZJI98,15070,21.26,2024/4/16,16:26:36,3UUIU9GZDOP4BWXVY1WY7NUGK6LT5R,FALSE
27118670,Delphinium_nuttallianum,8944332,302880,https://crowdcurio-experiment-images.s3.amazonaws.com/Delphinium_nuttallianum/images/Delphinium_nuttallianum.27118670.jpg,1,7,2,FALSE,7,6,A2JWU5GINFTOXT,9433,29.63,2024/4/16,16:26:51,3UUIU9GZDOP4BWXVY1WY7NUGK6LT5R,FALSE
27169875,Delphinium_nuttallianum,8944309,302885,https://crowdcurio-experiment-images.s3.amazonaws.com/Delphinium_nuttallianum/images/Delphinium_nuttallianum.27169875.jpg,0,7,1,FALSE,3,3,AND1SH4L7S9DV,21819,32.53,2024/4/16,16:26:48,3UUIU9GZDOP4BWXVY1WY7NUGK6LT5R,FALSE
24683552,Delphinium_nuttallianum,8944311,302859,https://crowdcurio-experiment-images.s3.amazonaws.com/Delphinium_nuttallianum/images/Delphinium_nuttallianum.24683552.jpg,3,3,0,FALSE,3,1,A2A0F0F8N4V9I0,20591,22.72,2024/4/16,16:26:48,3UUIU9GZDOP4BWXVY1WY7NUGK6LT5R,FALSE
25245426,Delphinium_nuttallianum,8944412,302869,https://crowdcurio-experiment-images.s3.amazonaws.com/Delphinium_nuttallianum/images/Delphinium_nuttallianum.25245426.jpg,0,22,2,FALSE,2,5,A3MSYMSTHZJI98,15070,23.84,2024/4/16,16:27:02,3UUIU9GZDOP4BWXVY1WY7NUGK6LT5R,FALSE
27118505,Delphinium_nuttallianum,8944536,302879,https://crowdcurio-experiment-images.s3.amazonaws.com/Delphinium_nuttallianum/images/Delphinium_nuttallianum.27118505.jpg,0,5,12,FALSE,7,7,A2JWU5GINFTOXT,9433,26.21,2024/4/16,16:27:20,3UUIU9GZDOP4BWXVY1WY7NUGK6LT5R,FALSE
26762816,Delphinium_nuttallianum,8944526,302874,https://crowdcurio-experiment-images.s3.amazonaws.com/Delphinium_nuttallianum/images/Delphinium_nuttallianum.26762816.jpg,0,12,1,FALSE,2,6,A3MSYMSTHZJI98,15070,14.52,2024/4/16,16:27:18,3UUIU9GZDOP4BWXVY1WY7NUGK6LT5R,FALSE
27169901,Delphinium_nuttallianum,8944693,302888,https://crowdcurio-experiment-images.s3.amazonaws.com/Delphinium_nuttallianum/images/Delphinium_nuttallianum.27169901.jpg,1,8,0,FALSE,3,4,AND1SH4L7S9DV,21819,36.06,2024/4/16,16:27:45,3UUIU9GZDOP4BWXVY1WY7NUGK6LT5R,FALSE
26753772,Delphinium_nuttallianum,8944668,302872,https://crowdcurio-experiment-images.s3.amazonaws.com/Delphinium_nuttallianum/images/Delphinium_nuttallianum.26753772.jpg,3,11,0,TRUE,2,7,A3MSYMSTHZJI98,15070,21.3,2024/4/16,16:27:41,3UUIU9GZDOP4BWXVY1WY7NUGK6LT5R,FALSE
26763046,Delphinium_nuttallianum,8944874,302875,https://crowdcurio-experiment-images.s3.amazonaws.com/Delphinium_nuttallianum/images/Delphinium_nuttallianum.26763046.jpg,0,2,16,FALSE,7,8,A2JWU5GINFTOXT,9433,45.58,2024/4/16,16:28:08,3UUIU9GZDOP4BWXVY1WY7NUGK6LT5R,FALSE
1303212,Delphinium_nuttallianum,8945348,302074,https://crowdcurio-experiment-images.s3.amazonaws.com/Delphinium_nuttallianum/images/Delphinium_nuttallianum.1303212.jpg,0,21,9,FALSE,3,5,A4MH7J1MI9M0A,22380,100.31,2024/4/16,16:29:14,3UUIU9GZDOP4BWXVY1WY7NUGK6LT5R,FALSE
24647232,Delphinium_nuttallianum,8945087,302858,https://crowdcurio-experiment-images.s3.amazonaws.com/Delphinium_nuttallianum/images/Delphinium_nuttallianum.24647232.jpg,5,18,2,FALSE,3,2,A2A0F0F8N4V9I0,20591,58.91,2024/4/16,16:28:32,3UUIU9GZDOP4BWXVY1WY7NUGK6LT5R,FALSE
24897712,Delphinium_nuttallianum,8944776,302867,https://crowdcurio-experiment-images.s3.amazonaws.com/Delphinium_nuttallianum/images/Delphinium_nuttallianum.24897712.jpg,0,13,0,FALSE,2,8,A3MSYMSTHZJI98,15070,11.83,2024/4/16,16:27:55,3UUIU9GZDOP4BWXVY1WY7NUGK6LT5R,FALSE
24768324,Delphinium_nuttallianum,8944987,302865,https://crowdcurio-experiment-images.s3.amazonaws.com/Delphinium_nuttallianum/images/Delphinium_nuttallianum.24768324.jpg,0,23,0,FALSE,2,9,A3MSYMSTHZJI98,15070,24.75,2024/4/16,16:28:22,3UUIU9GZDOP4BWXVY1WY7NUGK6LT5R,FALSE
27118505,Delphinium_nuttallianum,8945150,302879,https://crowdcurio-experiment-images.s3.amazonaws.com/Delphinium_nuttallianum/images/Delphinium_nuttallianum.27118505.jpg,0,3,11,TRUE,7,9,A2JWU5GINFTOXT,9433,33.76,2024/4/16,16:28:44,3UUIU9GZDOP4BWXVY1WY7NUGK6LT5R,FALSE
26751291,Delphinium_nuttallianum,8945117,302870,https://crowdcurio-experiment-images.s3.amazonaws.com/Delphinium_nuttallianum/images/Delphinium_nuttallianum.26751291.jpg,0,21,0,FALSE,2,10,A3MSYMSTHZJI98,15070,12.93,2024/4/16,16:28:37,3UUIU9GZDOP4BWXVY1WY7NUGK6LT5R,FALSE
1190348,Delphinium_nuttallianum,8945747,302048,https://crowdcurio-experiment-images.s3.amazonaws.com/Delphinium_nuttallianum/images/Delphinium_nuttallianum.1190348.jpg,10,2,8,FALSE,3,5,AND1SH4L7S9DV,21819,132.91,2024/4/16,16:30:14,3UUIU9GZDOP4BWXVY1WY7NUGK6LT5R,FALSE
27128215,Delphinium_nuttallianum,8945475,302881,https://crowdcurio-experiment-images.s3.amazonaws.com/Delphinium_nuttallianum/images/Delphinium_nuttallianum.27128215.jpg,1,9,2,FALSE,7,10,A2JWU5GINFTOXT,9433,47.75,2024/4/16,16:29:33,3UUIU9GZDOP4BWXVY1WY7NUGK6LT5R,FALSE
24743531,Delphinium_nuttallianum,8945551,302862,https://crowdcurio-experiment-images.s3.amazonaws.com/Delphinium_nuttallianum/images/Delphinium_nuttallianum.24743531.jpg,9,8,0,FALSE,3,3,A2A0F0F8N4V9I0,20591,60.64,2024/4/16,16:29:47,3UUIU9GZDOP4BWXVY1WY7NUGK6LT5R,FALSE
1306850,Delphinium_nuttallianum,8946171,302076,https://crowdcurio-experiment-images.s3.amazonaws.com/Delphinium_nuttallianum/images/Delphinium_nuttallianum.1306850.jpg,18,11,2,FALSE,3,6,A4MH7J1MI9M0A,22380,102.16,2024/4/16,16:31:30,3UUIU9GZDOP4BWXVY1WY7NUGK6LT5R,FALSE
24228435,Delphinium_nuttallianum,8945837,302839,https://crowdcurio-experiment-images.s3.amazonaws.com/Delphinium_nuttallianum/images/Delphinium_nuttallianum.24228435.jpg,0,7,3,FALSE,8,1,A2JWU5GINFTOXT,9433,34.33,2024/4/16,16:30:29,3UUIU9GZDOP4BWXVY1WY7NUGK6LT5R,FALSE
24742966,Delphinium_nuttallianum,8946039,302860,https://crowdcurio-experiment-images.s3.amazonaws.com/Delphinium_nuttallianum/images/Delphinium_nuttallianum.24742966.jpg,18,5,0,FALSE,3,4,A2A0F0F8N4V9I0,20591,61.45,2024/4/16,16:31:03,3UUIU9GZDOP4BWXVY1WY7NUGK6LT5R,FALSE
24604904,Delphinium_nuttallianum,8946038,302844,https://crowdcurio-experiment-images.s3.amazonaws.com/Delphinium_nuttallianum/images/Delphinium_nuttallianum.24604904.jpg,9,8,0,FALSE,8,2,A2JWU5GINFTOXT,9433,31.4,2024/4/16,16:31:03,3UUIU9GZDOP4BWXVY1WY7NUGK6LT5R,FALSE
24604893,Delphinium_nuttallianum,8946155,302843,https://crowdcurio-experiment-images.s3.amazonaws.com/Delphinium_nuttallianum/images/Delphinium_nuttallianum.24604893.jpg,0,4,3,FALSE,8,3,A2JWU5GINFTOXT,9433,22.28,2024/4/16,16:31:27,3UUIU9GZDOP4BWXVY1WY7NUGK6LT5R,FALSE
24392348,Delphinium_nuttallianum,8946302,302841,https://crowdcurio-experiment-images.s3.amazonaws.com/Delphinium_nuttallianum/images/Delphinium_nuttallianum.24392348.jpg,0,6,1,FALSE,8,4,A2JWU5GINFTOXT,9433,24.5,2024/4/16,16:31:54,3UUIU9GZDOP4BWXVY1WY7NUGK6LT5R,FALSE
1202585,Delphinium_nuttallianum,8946905,302049,https://crowdcurio-experiment-images.s3.amazonaws.com/Delphinium_nuttallianum/images/Delphinium_nuttallianum.1202585.jpg,0,4,10,FALSE,3,6,AND1SH4L7S9DV,21819,125.7,2024/4/16,16:33:20,3UUIU9GZDOP4BWXVY1WY7NUGK6LT5R,FALSE
24743152,Delphinium_nuttallianum,8946552,302861,https://crowdcurio-experiment-images.s3.amazonaws.com/Delphinium_nuttallianum/images/Delphinium_nuttallianum.24743152.jpg,3,0,2,FALSE,3,5,A2A0F0F8N4V9I0,20591,83.55,2024/4/16,16:32:32,3UUIU9GZDOP4BWXVY1WY7NUGK6LT5R,FALSE
1302265,Delphinium_nuttallianum,8947079,302072,https://crowdcurio-experiment-images.s3.amazonaws.com/Delphinium_nuttallianum/images/Delphinium_nuttallianum.1302265.jpg,4,29,7,FALSE,3,7,A4MH7J1MI9M0A,22380,114.23,2024/4/16,16:33:50,3UUIU9GZDOP4BWXVY1WY7NUGK6LT5R,FALSE
24227735,Delphinium_nuttallianum,8946520,302838,https://crowdcurio-experiment-images.s3.amazonaws.com/Delphinium_nuttallianum/images/Delphinium_nuttallianum.24227735.jpg,0,10,2,FALSE,8,5,A2JWU5GINFTOXT,9433,30.14,2024/4/16,16:32:26,3UUIU9GZDOP4BWXVY1WY7NUGK6LT5R,FALSE
1267634,Delphinium_nuttallianum,8946986,302057,https://crowdcurio-experiment-images.s3.amazonaws.com/Delphinium_nuttallianum/images/Delphinium_nuttallianum.1267634.jpg,0,4,5,FALSE,1,1,A37GR0H4FC84HY,22320,80.74,2024/4/16,16:33:35,3UUIU9GZDOP4BWXVY1WY7NUGK6LT5R,FALSE
24605045,Delphinium_nuttallianum,8946776,302845,https://crowdcurio-experiment-images.s3.amazonaws.com/Delphinium_nuttallianum/images/Delphinium_nuttallianum.24605045.jpg,0,12,3,FALSE,8,6,A2JWU5GINFTOXT,9433,30.59,2024/4/16,16:32:59,3UUIU9GZDOP4BWXVY1WY7NUGK6LT5R,FALSE
24768323,Delphinium_nuttallianum,8947094,302864,https://crowdcurio-experiment-images.s3.amazonaws.com/Delphinium_nuttallianum/images/Delphinium_nuttallianum.24768323.jpg,8,23,1,FALSE,3,6,A2A0F0F8N4V9I0,20591,72.07,2024/4/16,16:33:53,3UUIU9GZDOP4BWXVY1WY7NUGK6LT5R,FALSE
24398233,Delphinium_nuttallianum,8947013,302842,https://crowdcurio-experiment-images.s3.amazonaws.com/Delphinium_nuttallianum/images/Delphinium_nuttallianum.24398233.jpg,0,3,7,FALSE,8,7,A2JWU5GINFTOXT,9433,37.41,2024/4/16,16:33:39,3UUIU9GZDOP4BWXVY1WY7NUGK6LT5R,FALSE
1266442,Delphinium_nuttallianum,8947161,302053,https://crowdcurio-experiment-images.s3.amazonaws.com/Delphinium_nuttallianum/images/Delphinium_nuttallianum.1266442.jpg,0,5,0,FALSE,1,2,A37GR0H4FC84HY,22320,26.01,2024/4/16,16:34:03,3UUIU9GZDOP4BWXVY1WY7NUGK6LT5R,FALSE
24227721,Delphinium_nuttallianum,8947166,302837,https://crowdcurio-experiment-images.s3.amazonaws.com/Delphinium_nuttallianum/images/Delphinium_nuttallianum.24227721.jpg,2,7,0,FALSE,8,8,A2JWU5GINFTOXT,9433,22.79,2024/4/16,16:34:04,3UUIU9GZDOP4BWXVY1WY7NUGK6LT5R,FALSE
24228505,Delphinium_nuttallianum,8947564,302840,https://crowdcurio-experiment-images.s3.amazonaws.com/Delphinium_nuttallianum/images/Delphinium_nuttallianum.24228505.jpg,0,15,4,FALSE,8,9,A2JWU5GINFTOXT,9433,52.92,2024/4/16,16:34:59,3UUIU9GZDOP4BWXVY1WY7NUGK6LT5R,FALSE
1270298,Delphinium_nuttallianum,8947539,302060,https://crowdcurio-experiment-images.s3.amazonaws.com/Delphinium_nuttallianum/images/Delphinium_nuttallianum.1270298.jpg,0,13,0,FALSE,1,3,A37GR0H4FC84HY,22320,50.39,2024/4/16,16:34:55,3UUIU9GZDOP4BWXVY1WY7NUGK6LT5R,FALSE
24768133,Delphinium_nuttallianum,8947472,302863,https://crowdcurio-experiment-images.s3.amazonaws.com/Delphinium_nuttallianum/images/Delphinium_nuttallianum.24768133.jpg,8,8,0,FALSE,3,7,A2A0F0F8N4V9I0,20591,37.97,2024/4/16,16:34:45,3UUIU9GZDOP4BWXVY1WY7NUGK6LT5R,FALSE
27169896,Delphinium_nuttallianum,8947553,302886,https://crowdcurio-experiment-images.s3.amazonaws.com/Delphinium_nuttallianum/images/Delphinium_nuttallianum.27169896.jpg,0,6,0,FALSE,3,7,AND1SH4L7S9DV,21819,67.3,2024/4/16,16:34:57,3UUIU9GZDOP4BWXVY1WY7NUGK6LT5R,FALSE
1307347,Delphinium_nuttallianum,8948375,302078,https://crowdcurio-experiment-images.s3.amazonaws.com/Delphinium_nuttallianum/images/Delphinium_nuttallianum.1307347.jpg,9,22,9,FALSE,3,8,A4MH7J1MI9M0A,22380,140.66,2024/4/16,16:36:49,3UUIU9GZDOP4BWXVY1WY7NUGK6LT5R,FALSE
1267510,Delphinium_nuttallianum,8948150,302055,https://crowdcurio-experiment-images.s3.amazonaws.com/Delphinium_nuttallianum/images/Delphinium_nuttallianum.1267510.jpg,5,14,0,FALSE,1,4,A37GR0H4FC84HY,22320,83.56,2024/4/16,16:36:20,3UUIU9GZDOP4BWXVY1WY7NUGK6LT5R,FALSE
24392348,Delphinium_nuttallianum,8947937,302841,https://crowdcurio-experiment-images.s3.amazonaws.com/Delphinium_nuttallianum/images/Delphinium_nuttallianum.24392348.jpg,0,6,1,TRUE,8,10,A2JWU5GINFTOXT,9433,49.54,2024/4/16,16:35:49,3UUIU9GZDOP4BWXVY1WY7NUGK6LT5R,FALSE
24683552,Delphinium_nuttallianum,8947892,302859,https://crowdcurio-experiment-images.s3.amazonaws.com/Delphinium_nuttallianum/images/Delphinium_nuttallianum.24683552.jpg,4,5,0,TRUE,3,8,A2A0F0F8N4V9I0,20591,57.12,2024/4/16,16:35:44,3UUIU9GZDOP4BWXVY1WY7NUGK6LT5R,FALSE
24639441,Delphinium_nuttallianum,8948166,302855,https://crowdcurio-experiment-images.s3.amazonaws.com/Delphinium_nuttallianum/images/Delphinium_nuttallianum.24639441.jpg,0,16,7,FALSE,1,1,A1L8ZQ4A13OGWX,16016,79.85,2024/4/16,16:36:21,3UUIU9GZDOP4BWXVY1WY7NUGK6LT5R,FALSE
4089608,Delphinium_nuttallianum,8948500,302423,https://crowdcurio-experiment-images.s3.amazonaws.com/Delphinium_nuttallianum/images/Delphinium_nuttallianum.4089608.jpg,4,20,4,FALSE,9,1,A2JWU5GINFTOXT,9433,57.63,2024/4/16,16:37:06,3UUIU9GZDOP4BWXVY1WY7NUGK6LT5R,FALSE
27169900,Delphinium_nuttallianum,8948509,302887,https://crowdcurio-experiment-images.s3.amazonaws.com/Delphinium_nuttallianum/images/Delphinium_nuttallianum.27169900.jpg,1,9,2,FALSE,3,8,AND1SH4L7S9DV,21819,109.27,2024/4/16,16:37:08,3UUIU9GZDOP4BWXVY1WY7NUGK6LT5R,FALSE
24639445,Delphinium_nuttallianum,8948545,302857,https://crowdcurio-experiment-images.s3.amazonaws.com/Delphinium_nuttallianum/images/Delphinium_nuttallianum.24639445.jpg,6,22,3,FALSE,3,9,A2A0F0F8N4V9I0,20591,63.76,2024/4/16,16:37:12,3UUIU9GZDOP4BWXVY1WY7NUGK6LT5R,FALSE
1267540,Delphinium_nuttallianum,8948784,302056,https://crowdcurio-experiment-images.s3.amazonaws.com/Delphinium_nuttallianum/images/Delphinium_nuttallianum.1267540.jpg,0,2,20,FALSE,1,5,A37GR0H4FC84HY,22320,81.75,2024/4/16,16:37:43,3UUIU9GZDOP4BWXVY1WY7NUGK6LT5R,FALSE
24605104,Delphinium_nuttallianum,8948730,302850,https://crowdcurio-experiment-images.s3.amazonaws.com/Delphinium_nuttallianum/images/Delphinium_nuttallianum.24605104.jpg,4,18,0,FALSE,1,2,A1L8ZQ4A13OGWX,16016,73.34,2024/4/16,16:37:36,3UUIU9GZDOP4BWXVY1WY7NUGK6LT5R,FALSE
24639444,Delphinium_nuttallianum,8948900,302856,https://crowdcurio-experiment-images.s3.amazonaws.com/Delphinium_nuttallianum/images/Delphinium_nuttallianum.24639444.jpg,0,0,18,FALSE,3,10,A2A0F0F8N4V9I0,20591,40.72,2024/4/16,16:37:59,3UUIU9GZDOP4BWXVY1WY7NUGK6LT5R,FALSE
1301610,Delphinium_nuttallianum,8949296,302071,https://crowdcurio-experiment-images.s3.amazonaws.com/Delphinium_nuttallianum/images/Delphinium_nuttallianum.1301610.jpg,22,13,0,FALSE,3,9,A4MH7J1MI9M0A,22380,98.03,2024/4/16,16:38:46,3UUIU9GZDOP4BWXVY1WY7NUGK6LT5R,FALSE
24637086,Delphinium_nuttallianum,8948888,302851,https://crowdcurio-experiment-images.s3.amazonaws.com/Delphinium_nuttallianum/images/Delphinium_nuttallianum.24637086.jpg,0,2,2,FALSE,1,3,A1L8ZQ4A13OGWX,16016,19.61,2024/4/16,16:37:58,3UUIU9GZDOP4BWXVY1WY7NUGK6LT5R,FALSE
27169868,Delphinium_nuttallianum,8949132,302884,https://crowdcurio-experiment-images.s3.amazonaws.com/Delphinium_nuttallianum/images/Delphinium_nuttallianum.27169868.jpg,12,6,0,FALSE,3,9,AND1SH4L7S9DV,21819,58,2024/4/16,16:38:27,3UUIU9GZDOP4BWXVY1WY7NUGK6LT5R,FALSE
1259935,Delphinium_nuttallianum,8949321,302052,https://crowdcurio-experiment-images.s3.amazonaws.com/Delphinium_nuttallianum/images/Delphinium_nuttallianum.1259935.jpg,2,15,1,FALSE,1,6,A37GR0H4FC84HY,22320,62.78,2024/4/16,16:38:48,3UUIU9GZDOP4BWXVY1WY7NUGK6LT5R,FALSE
24639438,Delphinium_nuttallianum,8949803,302853,https://crowdcurio-experiment-images.s3.amazonaws.com/Delphinium_nuttallianum/images/Delphinium_nuttallianum.24639438.jpg,2,14,14,FALSE,1,4,A1L8ZQ4A13OGWX,16016,106.61,2024/4/16,16:39:47,3UUIU9GZDOP4BWXVY1WY7NUGK6LT5R,FALSE
4102421,Delphinium_nuttallianum,8949129,302424,https://crowdcurio-experiment-images.s3.amazonaws.com/Delphinium_nuttallianum/images/Delphinium_nuttallianum.4102421.jpg,5,2,0,FALSE,9,2,A2JWU5GINFTOXT,9433,77.45,2024/4/16,16:38:26,3UUIU9GZDOP4BWXVY1WY7NUGK6LT5R,FALSE
4109068,Delphinium_nuttallianum,8949569,302425,https://crowdcurio-experiment-images.s3.amazonaws.com/Delphinium_nuttallianum/images/Delphinium_nuttallianum.4109068.jpg,2,11,0,FALSE,9,3,A2JWU5GINFTOXT,9433,47.14,2024/4/16,16:39:15,3UUIU9GZDOP4BWXVY1WY7NUGK6LT5R,FALSE
1237604,Delphinium_nuttallianum,8949573,302051,https://crowdcurio-experiment-images.s3.amazonaws.com/Delphinium_nuttallianum/images/Delphinium_nuttallianum.1237604.jpg,1,6,6,TRUE,3,10,AND1SH4L7S9DV,21819,46.95,2024/4/16,16:39:16,3UUIU9GZDOP4BWXVY1WY7NUGK6LT5R,FALSE
3815454,Delphinium_nuttallianum,8949684,302417,https://crowdcurio-experiment-images.s3.amazonaws.com/Delphinium_nuttallianum/images/Delphinium_nuttallianum.3815454.jpg,3,15,0,FALSE,4,1,A2A0F0F8N4V9I0,20591,44.38,2024/4/16,16:39:29,3UUIU9GZDOP4BWXVY1WY7NUGK6LT5R,FALSE
1267960,Delphinium_nuttallianum,8949725,302058,https://crowdcurio-experiment-images.s3.amazonaws.com/Delphinium_nuttallianum/images/Delphinium_nuttallianum.1267960.jpg,0,3,11,FALSE,1,7,A37GR0H4FC84HY,22320,44.89,2024/4/16,16:39:34,3UUIU9GZDOP4BWXVY1WY7NUGK6LT5R,FALSE
1302699,Delphinium_nuttallianum,8949734,302073,https://crowdcurio-experiment-images.s3.amazonaws.com/Delphinium_nuttallianum/images/Delphinium_nuttallianum.1302699.jpg,0,9,7,TRUE,3,10,A4MH7J1MI9M0A,22380,49.18,2024/4/16,16:39:37,3UUIU9GZDOP4BWXVY1WY7NUGK6LT5R,FALSE
4694557,Delphinium_nuttallianum,8949727,302427,https://crowdcurio-experiment-images.s3.amazonaws.com/Delphinium_nuttallianum/images/Delphinium_nuttallianum.4694557.jpg,0,7,0,FALSE,9,4,A2JWU5GINFTOXT,9433,16.77,2024/4/16,16:39:34,3UUIU9GZDOP4BWXVY1WY7NUGK6LT5R,FALSE
4109068,Delphinium_nuttallianum,8949956,302425,https://crowdcurio-experiment-images.s3.amazonaws.com/Delphinium_nuttallianum/images/Delphinium_nuttallianum.4109068.jpg,1,13,0,TRUE,9,5,A2JWU5GINFTOXT,9433,32.51,2024/4/16,16:40:08,3UUIU9GZDOP4BWXVY1WY7NUGK6LT5R,FALSE
3510172,Delphinium_nuttallianum,8950072,302414,https://crowdcurio-experiment-images.s3.amazonaws.com/Delphinium_nuttallianum/images/Delphinium_nuttallianum.3510172.jpg,0,13,3,FALSE,4,2,A2A0F0F8N4V9I0,20591,45.82,2024/4/16,16:40:22,3UUIU9GZDOP4BWXVY1WY7NUGK6LT5R,FALSE
24605075,Delphinium_nuttallianum,8950009,302847,https://crowdcurio-experiment-images.s3.amazonaws.com/Delphinium_nuttallianum/images/Delphinium_nuttallianum.24605075.jpg,0,5,0,FALSE,1,5,A1L8ZQ4A13OGWX,16016,25.89,2024/4/16,16:40:15,3UUIU9GZDOP4BWXVY1WY7NUGK6LT5R,FALSE
1267141,Delphinium_nuttallianum,8950118,302054,https://crowdcurio-experiment-images.s3.amazonaws.com/Delphinium_nuttallianum/images/Delphinium_nuttallianum.1267141.jpg,0,6,1,FALSE,1,8,A37GR0H4FC84HY,22320,52.93,2024/4/16,16:40:29,3UUIU9GZDOP4BWXVY1WY7NUGK6LT5R,FALSE
4695255,Delphinium_nuttallianum,8950173,302428,https://crowdcurio-experiment-images.s3.amazonaws.com/Delphinium_nuttallianum/images/Delphinium_nuttallianum.4695255.jpg,0,11,1,FALSE,9,6,A2JWU5GINFTOXT,9433,26.93,2024/4/16,16:40:37,3UUIU9GZDOP4BWXVY1WY7NUGK6LT5R,FALSE
24605072,Delphinium_nuttallianum,8950307,302846,https://crowdcurio-experiment-images.s3.amazonaws.com/Delphinium_nuttallianum/images/Delphinium_nuttallianum.24605072.jpg,1,6,2,FALSE,1,6,A1L8ZQ4A13OGWX,16016,40.19,2024/4/16,16:40:57,3UUIU9GZDOP4BWXVY1WY7NUGK6LT5R,FALSE
1266442,Delphinium_nuttallianum,8950236,302053,https://crowdcurio-experiment-images.s3.amazonaws.com/Delphinium_nuttallianum/images/Delphinium_nuttallianum.1266442.jpg,0,5,0,TRUE,1,9,A37GR0H4FC84HY,22320,16.55,2024/4/16,16:40:46,3UUIU9GZDOP4BWXVY1WY7NUGK6LT5R,FALSE
4018705,Delphinium_nuttallianum,8950487,302420,https://crowdcurio-experiment-images.s3.amazonaws.com/Delphinium_nuttallianum/images/Delphinium_nuttallianum.4018705.jpg,17,9,0,FALSE,4,3,A2A0F0F8N4V9I0,20591,46.48,2024/4/16,16:41:17,3UUIU9GZDOP4BWXVY1WY7NUGK6LT5R,FALSE
24217164,Delphinium_nuttallianum,8950349,302835,https://crowdcurio-experiment-images.s3.amazonaws.com/Delphinium_nuttallianum/images/Delphinium_nuttallianum.24217164.jpg,0,8,3,FALSE,9,7,A2JWU5GINFTOXT,9433,22.5,2024/4/16,16:41:01,3UUIU9GZDOP4BWXVY1WY7NUGK6LT5R,FALSE
1269316,Delphinium_nuttallianum,8950612,302059,https://crowdcurio-experiment-images.s3.amazonaws.com/Delphinium_nuttallianum/images/Delphinium_nuttallianum.1269316.jpg,0,14,0,FALSE,1,10,A37GR0H4FC84HY,22320,41.85,2024/4/16,16:41:30,3UUIU9GZDOP4BWXVY1WY7NUGK6LT5R,FALSE
4089593,Delphinium_nuttallianum,8950823,302422,https://crowdcurio-experiment-images.s3.amazonaws.com/Delphinium_nuttallianum/images/Delphinium_nuttallianum.4089593.jpg,11,12,1,FALSE,9,8,A2JWU5GINFTOXT,9433,58.69,2024/4/16,16:42:02,3UUIU9GZDOP4BWXVY1WY7NUGK6LT5R,FALSE
24639440,Delphinium_nuttallianum,8950738,302854,https://crowdcurio-experiment-images.s3.amazonaws.com/Delphinium_nuttallianum/images/Delphinium_nuttallianum.24639440.jpg,3,11,0,FALSE,1,7,A1L8ZQ4A13OGWX,16016,50.24,2024/4/16,16:41:48,3UUIU9GZDOP4BWXVY1WY7NUGK6LT5R,FALSE
24639436,Delphinium_nuttallianum,8950924,302852,https://crowdcurio-experiment-images.s3.amazonaws.com/Delphinium_nuttallianum/images/Delphinium_nuttallianum.24639436.jpg,0,7,0,FALSE,1,8,A1L8ZQ4A13OGWX,16016,28.54,2024/4/16,16:42:18,3UUIU9GZDOP4BWXVY1WY7NUGK6LT5R,FALSE
4117609,Delphinium_nuttallianum,8950973,302426,https://crowdcurio-experiment-images.s3.amazonaws.com/Delphinium_nuttallianum/images/Delphinium_nuttallianum.4117609.jpg,0,11,0,FALSE,9,9,A2JWU5GINFTOXT,9433,20.84,2024/4/16,16:42:25,3UUIU9GZDOP4BWXVY1WY7NUGK6LT5R,FALSE
24639440,Delphinium_nuttallianum,8951300,302854,https://crowdcurio-experiment-images.s3.amazonaws.com/Delphinium_nuttallianum/images/Delphinium_nuttallianum.24639440.jpg,2,12,0,TRUE,1,9,A1L8ZQ4A13OGWX,16016,44.05,2024/4/16,16:43:03,3UUIU9GZDOP4BWXVY1WY7NUGK6LT5R,FALSE
4089590,Delphinium_nuttallianum,8951698,302421,https://crowdcurio-experiment-images.s3.amazonaws.com/Delphinium_nuttallianum/images/Delphinium_nuttallianum.4089590.jpg,21,28,0,FALSE,9,10,A2JWU5GINFTOXT,9433,86.28,2024/4/16,16:43:53,3UUIU9GZDOP4BWXVY1WY7NUGK6LT5R,FALSE
3405358,Delphinium_nuttallianum,8951730,302412,https://crowdcurio-experiment-images.s3.amazonaws.com/Delphinium_nuttallianum/images/Delphinium_nuttallianum.3405358.jpg,20,11,0,FALSE,4,4,A2A0F0F8N4V9I0,20591,129.33,2024/4/16,16:43:58,3UUIU9GZDOP4BWXVY1WY7NUGK6LT5R,FALSE
3281849,Delphinium_nuttallianum,8954736,302410,https://crowdcurio-experiment-images.s3.amazonaws.com/Delphinium_nuttallianum/images/Delphinium_nuttallianum.3281849.jpg,0,8,0,FALSE,1,1,ANKMFPLT0IQU2,20365,474.67,2024/4/16,16:50:11,3UUIU9GZDOP4BWXVY1WY7NUGK6LT5R,FALSE
24605076,Delphinium_nuttallianum,8951731,302848,https://crowdcurio-experiment-images.s3.amazonaws.com/Delphinium_nuttallianum/images/Delphinium_nuttallianum.24605076.jpg,0,9,4,FALSE,1,10,A1L8ZQ4A13OGWX,16016,53.6,2024/4/16,16:43:58,3UUIU9GZDOP4BWXVY1WY7NUGK6LT5R,FALSE
3030328,Delphinium_nuttallianum,8952022,302341,https://crowdcurio-experiment-images.s3.amazonaws.com/Delphinium_nuttallianum/images/Delphinium_nuttallianum.3030328.jpg,4,9,0,FALSE,10,1,A2JWU5GINFTOXT,9433,26.24,2024/4/16,16:44:45,3UUIU9GZDOP4BWXVY1WY7NUGK6LT5R,FALSE
2863329,Delphinium_nuttallianum,8952498,302319,https://crowdcurio-experiment-images.s3.amazonaws.com/Delphinium_nuttallianum/images/Delphinium_nuttallianum.2863329.jpg,0,23,6,FALSE,2,1,A1L8ZQ4A13OGWX,16016,81.18,2024/4/16,16:45:46,3UUIU9GZDOP4BWXVY1WY7NUGK6LT5R,FALSE
3835252,Delphinium_nuttallianum,8952416,302418,https://crowdcurio-experiment-images.s3.amazonaws.com/Delphinium_nuttallianum/images/Delphinium_nuttallianum.3835252.jpg,7,11,0,FALSE,4,5,A2A0F0F8N4V9I0,20591,61.84,2024/4/16,16:45:36,3UUIU9GZDOP4BWXVY1WY7NUGK6LT5R,FALSE
2882274,Delphinium_nuttallianum,8952377,302321,https://crowdcurio-experiment-images.s3.amazonaws.com/Delphinium_nuttallianum/images/Delphinium_nuttallianum.2882274.jpg,0,21,1,FALSE,10,2,A2JWU5GINFTOXT,9433,42.95,2024/4/16,16:45:31,3UUIU9GZDOP4BWXVY1WY7NUGK6LT5R,FALSE
3043828,Delphinium_nuttallianum,8952667,302352,https://crowdcurio-experiment-images.s3.amazonaws.com/Delphinium_nuttallianum/images/Delphinium_nuttallianum.3043828.jpg,3,10,0,FALSE,10,3,A2JWU5GINFTOXT,9433,32.5,2024/4/16,16:46:05,3UUIU9GZDOP4BWXVY1WY7NUGK6LT5R,FALSE
2822245,Delphinium_nuttallianum,8952818,302304,https://crowdcurio-experiment-images.s3.amazonaws.com/Delphinium_nuttallianum/images/Delphinium_nuttallianum.2822245.jpg,0,16,4,FALSE,2,2,A1L8ZQ4A13OGWX,16016,36.66,2024/4/16,16:46:24,3UUIU9GZDOP4BWXVY1WY7NUGK6LT5R,FALSE
3405367,Delphinium_nuttallianum,8952670,302413,https://crowdcurio-experiment-images.s3.amazonaws.com/Delphinium_nuttallianum/images/Delphinium_nuttallianum.3405367.jpg,0,2,2,FALSE,4,6,A2A0F0F8N4V9I0,20591,19.7,2024/4/16,16:46:05,3UUIU9GZDOP4BWXVY1WY7NUGK6LT5R,FALSE
2883323,Delphinium_nuttallianum,8952980,302322,https://crowdcurio-experiment-images.s3.amazonaws.com/Delphinium_nuttallianum/images/Delphinium_nuttallianum.2883323.jpg,0,8,9,FALSE,10,4,A2JWU5GINFTOXT,9433,36.55,2024/4/16,16:46:44,3UUIU9GZDOP4BWXVY1WY7NUGK6LT5R,FALSE
3990967,Delphinium_nuttallianum,8953213,302419,https://crowdcurio-experiment-images.s3.amazonaws.com/Delphinium_nuttallianum/images/Delphinium_nuttallianum.3990967.jpg,0,7,7,FALSE,4,7,A2A0F0F8N4V9I0,20591,59.42,2024/4/16,16:47:11,3UUIU9GZDOP4BWXVY1WY7NUGK6LT5R,FALSE
2822329,Delphinium_nuttallianum,8953040,302306,https://crowdcurio-experiment-images.s3.amazonaws.com/Delphinium_nuttallianum/images/Delphinium_nuttallianum.2822329.jpg,0,9,5,FALSE,2,3,A1L8ZQ4A13OGWX,16016,24.12,2024/4/16,16:46:50,3UUIU9GZDOP4BWXVY1WY7NUGK6LT5R,FALSE
3044922,Delphinium_nuttallianum,8953347,302355,https://crowdcurio-experiment-images.s3.amazonaws.com/Delphinium_nuttallianum/images/Delphinium_nuttallianum.3044922.jpg,0,13,2,FALSE,10,5,A2JWU5GINFTOXT,9433,43.81,2024/4/16,16:47:30,3UUIU9GZDOP4BWXVY1WY7NUGK6LT5R,FALSE
2822281,Delphinium_nuttallianum,8953343,302305,https://crowdcurio-experiment-images.s3.amazonaws.com/Delphinium_nuttallianum/images/Delphinium_nuttallianum.2822281.jpg,2,11,0,FALSE,2,4,A1L8ZQ4A13OGWX,16016,37.73,2024/4/16,16:47:29,3UUIU9GZDOP4BWXVY1WY7NUGK6LT5R,FALSE
3405358,Delphinium_nuttallianum,8953967,302412,https://crowdcurio-experiment-images.s3.amazonaws.com/Delphinium_nuttallianum/images/Delphinium_nuttallianum.3405358.jpg,20,11,4,TRUE,4,8,A2A0F0F8N4V9I0,20591,94.47,2024/4/16,16:48:47,3UUIU9GZDOP4BWXVY1WY7NUGK6LT5R,FALSE
2863329,Delphinium_nuttallianum,8953822,302319,https://crowdcurio-experiment-images.s3.amazonaws.com/Delphinium_nuttallianum/images/Delphinium_nuttallianum.2863329.jpg,0,24,6,TRUE,2,5,A1L8ZQ4A13OGWX,16016,61.51,2024/4/16,16:48:32,3UUIU9GZDOP4BWXVY1WY7NUGK6LT5R,FALSE
3030328,Delphinium_nuttallianum,8953543,302341,https://crowdcurio-experiment-images.s3.amazonaws.com/Delphinium_nuttallianum/images/Delphinium_nuttallianum.3030328.jpg,0,13,0,TRUE,10,6,A2JWU5GINFTOXT,9433,24.34,2024/4/16,16:47:56,3UUIU9GZDOP4BWXVY1WY7NUGK6LT5R,FALSE
3044882,Delphinium_nuttallianum,8953756,302354,https://crowdcurio-experiment-images.s3.amazonaws.com/Delphinium_nuttallianum/images/Delphinium_nuttallianum.3044882.jpg,5,8,0,FALSE,10,7,A2JWU5GINFTOXT,9433,26.43,2024/4/16,16:48:24,3UUIU9GZDOP4BWXVY1WY7NUGK6LT5R,FALSE
2864872,Delphinium_nuttallianum,8954112,302320,https://crowdcurio-experiment-images.s3.amazonaws.com/Delphinium_nuttallianum/images/Delphinium_nuttallianum.2864872.jpg,0,5,9,FALSE,10,8,A2JWU5GINFTOXT,9433,39.28,2024/4/16,16:49:06,3UUIU9GZDOP4BWXVY1WY7NUGK6LT5R,FALSE
2863184,Delphinium_nuttallianum,8954188,302318,https://crowdcurio-experiment-images.s3.amazonaws.com/Delphinium_nuttallianum/images/Delphinium_nuttallianum.2863184.jpg,0,6,16,FALSE,2,6,A1L8ZQ4A13OGWX,16016,40.16,2024/4/16,16:49:13,3UUIU9GZDOP4BWXVY1WY7NUGK6LT5R,FALSE
3030329,Delphinium_nuttallianum,8954357,302342,https://crowdcurio-experiment-images.s3.amazonaws.com/Delphinium_nuttallianum/images/Delphinium_nuttallianum.3030329.jpg,0,7,5,FALSE,10,9,A2JWU5GINFTOXT,9433,22.88,2024/4/16,16:49:30,3UUIU9GZDOP4BWXVY1WY7NUGK6LT5R,FALSE
3814531,Delphinium_nuttallianum,8955030,302415,https://crowdcurio-experiment-images.s3.amazonaws.com/Delphinium_nuttallianum/images/Delphinium_nuttallianum.3814531.jpg,0,36,17,FALSE,4,9,A2A0F0F8N4V9I0,20591,115.51,2024/4/16,16:50:48,3UUIU9GZDOP4BWXVY1WY7NUGK6LT5R,FALSE
2820561,Delphinium_nuttallianum,8954676,302303,https://crowdcurio-experiment-images.s3.amazonaws.com/Delphinium_nuttallianum/images/Delphinium_nuttallianum.2820561.jpg,0,7,1,FALSE,2,7,A1L8ZQ4A13OGWX,16016,47.48,2024/4/16,16:50:03,3UUIU9GZDOP4BWXVY1WY7NUGK6LT5R,FALSE
3043829,Delphinium_nuttallianum,8954686,302353,https://crowdcurio-experiment-images.s3.amazonaws.com/Delphinium_nuttallianum/images/Delphinium_nuttallianum.3043829.jpg,0,5,7,FALSE,10,10,A2JWU5GINFTOXT,9433,30.95,2024/4/16,16:50:04,3UUIU9GZDOP4BWXVY1WY7NUGK6LT5R,FALSE
2862463,Delphinium_nuttallianum,8955160,302316,https://crowdcurio-experiment-images.s3.amazonaws.com/Delphinium_nuttallianum/images/Delphinium_nuttallianum.2862463.jpg,1,15,0,FALSE,2,8,A1L8ZQ4A13OGWX,16016,59.82,2024/4/16,16:51:04,3UUIU9GZDOP4BWXVY1WY7NUGK6LT5R,FALSE
1596339,Delphinium_nuttallianum,8955349,302163,https://crowdcurio-experiment-images.s3.amazonaws.com/Delphinium_nuttallianum/images/Delphinium_nuttallianum.1596339.jpg,3,11,0,FALSE,1,1,A1KAYSB7LMX4FN,22427,2984.06,2024/4/16,16:51:34,3UUIU9GZDOP4BWXVY1WY7NUGK6LT5R,FALSE
3044941,Delphinium_nuttallianum,8956675,302357,https://crowdcurio-experiment-images.s3.amazonaws.com/Delphinium_nuttallianum/images/Delphinium_nuttallianum.3044941.jpg,0,15,0,FALSE,1,2,ANKMFPLT0IQU2,20365,258.82,2024/4/16,16:54:32,3UUIU9GZDOP4BWXVY1WY7NUGK6LT5R,FALSE
2863069,Delphinium_nuttallianum,8955331,302317,https://crowdcurio-experiment-images.s3.amazonaws.com/Delphinium_nuttallianum/images/Delphinium_nuttallianum.2863069.jpg,0,9,0,FALSE,2,9,A1L8ZQ4A13OGWX,16016,24.29,2024/4/16,16:51:30,3UUIU9GZDOP4BWXVY1WY7NUGK6LT5R,FALSE
3293840,Delphinium_nuttallianum,8955345,302411,https://crowdcurio-experiment-images.s3.amazonaws.com/Delphinium_nuttallianum/images/Delphinium_nuttallianum.3293840.jpg,4,6,0,FALSE,4,10,A2A0F0F8N4V9I0,20591,31.72,2024/4/16,16:51:33,3UUIU9GZDOP4BWXVY1WY7NUGK6LT5R,FALSE
2820166,Delphinium_nuttallianum,8955668,302302,https://crowdcurio-experiment-images.s3.amazonaws.com/Delphinium_nuttallianum/images/Delphinium_nuttallianum.2820166.jpg,3,15,0,FALSE,2,10,A1L8ZQ4A13OGWX,16016,40.74,2024/4/16,16:52:13,3UUIU9GZDOP4BWXVY1WY7NUGK6LT5R,FALSE
1562066,Delphinium_nuttallianum,8955988,302152,https://crowdcurio-experiment-images.s3.amazonaws.com/Delphinium_nuttallianum/images/Delphinium_nuttallianum.1562066.jpg,1,10,1,FALSE,1,2,A1KAYSB7LMX4FN,22427,78.51,2024/4/16,16:52:55,3UUIU9GZDOP4BWXVY1WY7NUGK6LT5R,FALSE
1144667,Delphinium_nuttallianum,8956221,302040,https://crowdcurio-experiment-images.s3.amazonaws.com/Delphinium_nuttallianum/images/Delphinium_nuttallianum.1144667.jpg,2,7,0,FALSE,1,1,A1GYII3R62TH65,21490,91.81,2024/4/16,16:53:30,3UUIU9GZDOP4BWXVY1WY7NUGK6LT5R,FALSE
1133557,Delphinium_nuttallianum,8956112,302027,https://crowdcurio-experiment-images.s3.amazonaws.com/Delphinium_nuttallianum/images/Delphinium_nuttallianum.1133557.jpg,0,15,4,FALSE,5,1,A2A0F0F8N4V9I0,20591,57.98,2024/4/16,16:53:13,3UUIU9GZDOP4BWXVY1WY7NUGK6LT5R,FALSE
1135809,Delphinium_nuttallianum,8956468,302034,https://crowdcurio-experiment-images.s3.amazonaws.com/Delphinium_nuttallianum/images/Delphinium_nuttallianum.1135809.jpg,4,8,1,FALSE,5,2,A2A0F0F8N4V9I0,20591,40.51,2024/4/16,16:54:03,3UUIU9GZDOP4BWXVY1WY7NUGK6LT5R,FALSE
1142748,Delphinium_nuttallianum,8956433,302038,https://crowdcurio-experiment-images.s3.amazonaws.com/Delphinium_nuttallianum/images/Delphinium_nuttallianum.1142748.jpg,1,10,0,FALSE,1,2,A1GYII3R62TH65,21490,26.61,2024/4/16,16:53:58,3UUIU9GZDOP4BWXVY1WY7NUGK6LT5R,FALSE
1163632,Delphinium_nuttallianum,8956639,302042,https://crowdcurio-experiment-images.s3.amazonaws.com/Delphinium_nuttallianum/images/Delphinium_nuttallianum.1163632.jpg,0,8,1,FALSE,1,3,A1GYII3R62TH65,21490,27.77,2024/4/16,16:54:26,3UUIU9GZDOP4BWXVY1WY7NUGK6LT5R,FALSE
1181966,Delphinium_nuttallianum,8956911,302044,https://crowdcurio-experiment-images.s3.amazonaws.com/Delphinium_nuttallianum/images/Delphinium_nuttallianum.1181966.jpg,2,6,0,FALSE,1,4,A1GYII3R62TH65,21490,31.75,2024/4/16,16:54:59,3UUIU9GZDOP4BWXVY1WY7NUGK6LT5R,FALSE
1132641,Delphinium_nuttallianum,8956988,302025,https://crowdcurio-experiment-images.s3.amazonaws.com/Delphinium_nuttallianum/images/Delphinium_nuttallianum.1132641.jpg,4,5,0,FALSE,5,3,A2A0F0F8N4V9I0,20591,61.73,2024/4/16,16:55:09,3UUIU9GZDOP4BWXVY1WY7NUGK6LT5R,FALSE
3231553,Delphinium_nuttallianum,8959654,302408,https://crowdcurio-experiment-images.s3.amazonaws.com/Delphinium_nuttallianum/images/Delphinium_nuttallianum.3231553.jpg,5,9,4,FALSE,1,3,ANKMFPLT0IQU2,20365,337.01,2024/4/16,17:00:11,3UUIU9GZDOP4BWXVY1WY7NUGK6LT5R,FALSE
1137190,Delphinium_nuttallianum,8957097,302036,https://crowdcurio-experiment-images.s3.amazonaws.com/Delphinium_nuttallianum/images/Delphinium_nuttallianum.1137190.jpg,0,8,1,FALSE,1,5,A1GYII3R62TH65,21490,21.33,2024/4/16,16:55:22,3UUIU9GZDOP4BWXVY1WY7NUGK6LT5R,FALSE
1564409,Delphinium_nuttallianum,8957457,302158,https://crowdcurio-experiment-images.s3.amazonaws.com/Delphinium_nuttallianum/images/Delphinium_nuttallianum.1564409.jpg,0,15,0,FALSE,1,3,A1KAYSB7LMX4FN,22427,190.75,2024/4/16,16:56:08,3UUIU9GZDOP4BWXVY1WY7NUGK6LT5R,FALSE
1140854,Delphinium_nuttallianum,8957794,302037,https://crowdcurio-experiment-images.s3.amazonaws.com/Delphinium_nuttallianum/images/Delphinium_nuttallianum.1140854.jpg,18,22,0,FALSE,1,6,A1GYII3R62TH65,21490,83.97,2024/4/16,16:56:47,3UUIU9GZDOP4BWXVY1WY7NUGK6LT5R,FALSE
1134041,Delphinium_nuttallianum,8957489,302031,https://crowdcurio-experiment-images.s3.amazonaws.com/Delphinium_nuttallianum/images/Delphinium_nuttallianum.1134041.jpg,1,11,2,FALSE,5,4,A2A0F0F8N4V9I0,20591,59.11,2024/4/16,16:56:12,3UUIU9GZDOP4BWXVY1WY7NUGK6LT5R,FALSE
1562066,Delphinium_nuttallianum,8958194,302152,https://crowdcurio-experiment-images.s3.amazonaws.com/Delphinium_nuttallianum/images/Delphinium_nuttallianum.1562066.jpg,2,8,1,TRUE,1,4,A1KAYSB7LMX4FN,22427,86.69,2024/4/16,16:57:36,3UUIU9GZDOP4BWXVY1WY7NUGK6LT5R,FALSE
1135587,Delphinium_nuttallianum,8957954,302033,https://crowdcurio-experiment-images.s3.amazonaws.com/Delphinium_nuttallianum/images/Delphinium_nuttallianum.1135587.jpg,0,7,7,FALSE,5,5,A2A0F0F8N4V9I0,20591,46.85,2024/4/16,16:57:07,3UUIU9GZDOP4BWXVY1WY7NUGK6LT5R,FALSE
1144667,Delphinium_nuttallianum,8958169,302040,https://crowdcurio-experiment-images.s3.amazonaws.com/Delphinium_nuttallianum/images/Delphinium_nuttallianum.1144667.jpg,6,6,0,TRUE,1,7,A1GYII3R62TH65,21490,44.28,2024/4/16,16:57:33,3UUIU9GZDOP4BWXVY1WY7NUGK6LT5R,FALSE
1132143,Delphinium_nuttallianum,8958219,302024,https://crowdcurio-experiment-images.s3.amazonaws.com/Delphinium_nuttallianum/images/Delphinium_nuttallianum.1132143.jpg,0,9,0,FALSE,5,6,A2A0F0F8N4V9I0,20591,26.85,2024/4/16,16:57:38,3UUIU9GZDOP4BWXVY1WY7NUGK6LT5R,FALSE
1166229,Delphinium_nuttallianum,8958634,302043,https://crowdcurio-experiment-images.s3.amazonaws.com/Delphinium_nuttallianum/images/Delphinium_nuttallianum.1166229.jpg,0,7,8,FALSE,1,8,A1GYII3R62TH65,21490,49.01,2024/4/16,16:58:23,3UUIU9GZDOP4BWXVY1WY7NUGK6LT5R,FALSE
1563557,Delphinium_nuttallianum,8959492,302156,https://crowdcurio-experiment-images.s3.amazonaws.com/Delphinium_nuttallianum/images/Delphinium_nuttallianum.1563557.jpg,8,5,5,FALSE,1,5,A1KAYSB7LMX4FN,22427,134.12,2024/4/16,16:59:52,3UUIU9GZDOP4BWXVY1WY7NUGK6LT5R,FALSE
1133779,Delphinium_nuttallianum,8958800,302029,https://crowdcurio-experiment-images.s3.amazonaws.com/Delphinium_nuttallianum/images/Delphinium_nuttallianum.1133779.jpg,4,12,7,FALSE,5,7,A2A0F0F8N4V9I0,20591,51.87,2024/4/16,16:58:39,3UUIU9GZDOP4BWXVY1WY7NUGK6LT5R,FALSE
1148353,Delphinium_nuttallianum,8958927,302041,https://crowdcurio-experiment-images.s3.amazonaws.com/Delphinium_nuttallianum/images/Delphinium_nuttallianum.1148353.jpg,0,5,3,FALSE,1,9,A1GYII3R62TH65,21490,29.54,2024/4/16,16:58:54,3UUIU9GZDOP4BWXVY1WY7NUGK6LT5R,FALSE
1136492,Delphinium_nuttallianum,8959312,302035,https://crowdcurio-experiment-images.s3.amazonaws.com/Delphinium_nuttallianum/images/Delphinium_nuttallianum.1136492.jpg,0,9,4,FALSE,1,10,A1GYII3R62TH65,21490,36.38,2024/4/16,16:59:31,3UUIU9GZDOP4BWXVY1WY7NUGK6LT5R,FALSE
1135809,Delphinium_nuttallianum,8959532,302034,https://crowdcurio-experiment-images.s3.amazonaws.com/Delphinium_nuttallianum/images/Delphinium_nuttallianum.1135809.jpg,3,9,3,TRUE,5,8,A2A0F0F8N4V9I0,20591,77.08,2024/4/16,16:59:57,3UUIU9GZDOP4BWXVY1WY7NUGK6LT5R,FALSE
1588026,Delphinium_nuttallianum,8959939,302162,https://crowdcurio-experiment-images.s3.amazonaws.com/Delphinium_nuttallianum/images/Delphinium_nuttallianum.1588026.jpg,1,6,2,FALSE,1,6,A1KAYSB7LMX4FN,22427,52.8,2024/4/16,17:00:47,3UUIU9GZDOP4BWXVY1WY7NUGK6LT5R,FALSE
1133615,Delphinium_nuttallianum,8959837,302028,https://crowdcurio-experiment-images.s3.amazonaws.com/Delphinium_nuttallianum/images/Delphinium_nuttallianum.1133615.jpg,1,4,1,FALSE,5,9,A2A0F0F8N4V9I0,20591,34.36,2024/4/16,17:00:37,3UUIU9GZDOP4BWXVY1WY7NUGK6LT5R,FALSE
1133230,Delphinium_nuttallianum,8960286,302026,https://crowdcurio-experiment-images.s3.amazonaws.com/Delphinium_nuttallianum/images/Delphinium_nuttallianum.1133230.jpg,5,10,2,FALSE,5,10,A2A0F0F8N4V9I0,20591,48.41,2024/4/16,17:01:30,3UUIU9GZDOP4BWXVY1WY7NUGK6LT5R,FALSE
1596605,Delphinium_nuttallianum,8960598,302164,https://crowdcurio-experiment-images.s3.amazonaws.com/Delphinium_nuttallianum/images/Delphinium_nuttallianum.1596605.jpg,1,16,1,FALSE,1,7,A1KAYSB7LMX4FN,22427,76.63,2024/4/16,17:02:06,3UUIU9GZDOP4BWXVY1WY7NUGK6LT5R,FALSE
3231547,Delphinium_nuttallianum,8961272,302405,https://crowdcurio-experiment-images.s3.amazonaws.com/Delphinium_nuttallianum/images/Delphinium_nuttallianum.3231547.jpg,1,7,0,FALSE,1,4,ANKMFPLT0IQU2,20365,174.41,2024/4/16,17:03:07,3UUIU9GZDOP4BWXVY1WY7NUGK6LT5R,FALSE
1583071,Delphinium_nuttallianum,8961010,302161,https://crowdcurio-experiment-images.s3.amazonaws.com/Delphinium_nuttallianum/images/Delphinium_nuttallianum.1583071.jpg,0,9,2,FALSE,1,8,A1KAYSB7LMX4FN,22427,37.22,2024/4/16,17:02:45,3UUIU9GZDOP4BWXVY1WY7NUGK6LT5R,FALSE
1565296,Delphinium_nuttallianum,8961761,302159,https://crowdcurio-experiment-images.s3.amazonaws.com/Delphinium_nuttallianum/images/Delphinium_nuttallianum.1565296.jpg,4,6,1,FALSE,1,9,A1KAYSB7LMX4FN,22427,73.92,2024/4/16,17:04:02,3UUIU9GZDOP4BWXVY1WY7NUGK6LT5R,FALSE
3231550,Delphinium_nuttallianum,8963196,302407,https://crowdcurio-experiment-images.s3.amazonaws.com/Delphinium_nuttallianum/images/Delphinium_nuttallianum.3231550.jpg,2,28,0,FALSE,1,5,ANKMFPLT0IQU2,20365,218.01,2024/4/16,17:06:48,3UUIU9GZDOP4BWXVY1WY7NUGK6LT5R,FALSE
1609345,Delphinium_nuttallianum,8962265,302174,https://crowdcurio-experiment-images.s3.amazonaws.com/Delphinium_nuttallianum/images/Delphinium_nuttallianum.1609345.jpg,2,0,21,FALSE,1,10,A1KAYSB7LMX4FN,22427,56.44,2024/4/16,17:04:59,3UUIU9GZDOP4BWXVY1WY7NUGK6LT5R,FALSE
3231543,Delphinium_nuttallianum,8964224,302404,https://crowdcurio-experiment-images.s3.amazonaws.com/Delphinium_nuttallianum/images/Delphinium_nuttallianum.3231543.jpg,0,8,0,FALSE,1,6,ANKMFPLT0IQU2,20365,116,2024/4/16,17:08:46,3UUIU9GZDOP4BWXVY1WY7NUGK6LT5R,FALSE
3231744,Delphinium_nuttallianum,8965262,302409,https://crowdcurio-experiment-images.s3.amazonaws.com/Delphinium_nuttallianum/images/Delphinium_nuttallianum.3231744.jpg,0,13,0,FALSE,1,7,ANKMFPLT0IQU2,20365,127.61,2024/4/16,17:10:55,3UUIU9GZDOP4BWXVY1WY7NUGK6LT5R,FALSE
3231550,Delphinium_nuttallianum,8966111,302407,https://crowdcurio-experiment-images.s3.amazonaws.com/Delphinium_nuttallianum/images/Delphinium_nuttallianum.3231550.jpg,3,24,0,TRUE,1,8,ANKMFPLT0IQU2,20365,112.75,2024/4/16,17:12:49,3UUIU9GZDOP4BWXVY1WY7NUGK6LT5R,FALSE
3044934,Delphinium_nuttallianum,8966696,302356,https://crowdcurio-experiment-images.s3.amazonaws.com/Delphinium_nuttallianum/images/Delphinium_nuttallianum.3044934.jpg,1,3,2,FALSE,1,9,ANKMFPLT0IQU2,20365,58.44,2024/4/16,17:13:50,3UUIU9GZDOP4BWXVY1WY7NUGK6LT5R,FALSE
3044956,Delphinium_nuttallianum,8967288,302358,https://crowdcurio-experiment-images.s3.amazonaws.com/Delphinium_nuttallianum/images/Delphinium_nuttallianum.3044956.jpg,0,12,3,FALSE,1,10,ANKMFPLT0IQU2,20365,71.3,2024/4/16,17:15:03,3UUIU9GZDOP4BWXVY1WY7NUGK6LT5R,FALSE
2813616,Delphinium_nuttallianum,8967567,302283,https://crowdcurio-experiment-images.s3.amazonaws.com/Delphinium_nuttallianum/images/Delphinium_nuttallianum.2813616.jpg,4,12,0,FALSE,1,1,A10K8W2LE24IOZ,21321,156.04,2024/4/16,17:15:42,3UUIU9GZDOP4BWXVY1WY7NUGK6LT5R,FALSE
1185627,Delphinium_nuttallianum,8967951,302045,https://crowdcurio-experiment-images.s3.amazonaws.com/Delphinium_nuttallianum/images/Delphinium_nuttallianum.1185627.jpg,0,4,0,FALSE,1,2,A10K8W2LE24IOZ,21321,44.07,2024/4/16,17:16:28,3UUIU9GZDOP4BWXVY1WY7NUGK6LT5R,FALSE
507782,Delphinium_nuttallianum,8968611,301984,https://crowdcurio-experiment-images.s3.amazonaws.com/Delphinium_nuttallianum/images/Delphinium_nuttallianum.507782.jpg,1,13,0,FALSE,2,1,ANKMFPLT0IQU2,20365,156.35,2024/4/16,17:18:00,3UUIU9GZDOP4BWXVY1WY7NUGK6LT5R,FALSE
507771,Delphinium_nuttallianum,8968940,301980,https://crowdcurio-experiment-images.s3.amazonaws.com/Delphinium_nuttallianum/images/Delphinium_nuttallianum.507771.jpg,0,0,1,FALSE,2,2,ANKMFPLT0IQU2,20365,47.39,2024/4/16,17:18:49,3UUIU9GZDOP4BWXVY1WY7NUGK6LT5R,FALSE
507776,Delphinium_nuttallianum,8969774,301983,https://crowdcurio-experiment-images.s3.amazonaws.com/Delphinium_nuttallianum/images/Delphinium_nuttallianum.507776.jpg,2,17,0,FALSE,2,3,ANKMFPLT0IQU2,20365,95.03,2024/4/16,17:20:26,3UUIU9GZDOP4BWXVY1WY7NUGK6LT5R,FALSE
507782,Delphinium_nuttallianum,8970666,301984,https://crowdcurio-experiment-images.s3.amazonaws.com/Delphinium_nuttallianum/images/Delphinium_nuttallianum.507782.jpg,0,15,0,TRUE,2,4,ANKMFPLT0IQU2,20365,105.62,2024/4/16,17:22:13,3UUIU9GZDOP4BWXVY1WY7NUGK6LT5R,FALSE
507760,Delphinium_nuttallianum,8971306,301976,https://crowdcurio-experiment-images.s3.amazonaws.com/Delphinium_nuttallianum/images/Delphinium_nuttallianum.507760.jpg,4,16,0,FALSE,2,5,ANKMFPLT0IQU2,20365,71.38,2024/4/16,17:23:26,3UUIU9GZDOP4BWXVY1WY7NUGK6LT5R,FALSE
507750,Delphinium_nuttallianum,8971892,301974,https://crowdcurio-experiment-images.s3.amazonaws.com/Delphinium_nuttallianum/images/Delphinium_nuttallianum.507750.jpg,3,3,0,FALSE,2,6,ANKMFPLT0IQU2,20365,66.73,2024/4/16,17:24:34,3UUIU9GZDOP4BWXVY1WY7NUGK6LT5R,FALSE
507766,Delphinium_nuttallianum,8972075,301979,https://crowdcurio-experiment-images.s3.amazonaws.com/Delphinium_nuttallianum/images/Delphinium_nuttallianum.507766.jpg,0,4,0,FALSE,2,7,ANKMFPLT0IQU2,20365,20.87,2024/4/16,17:24:57,3UUIU9GZDOP4BWXVY1WY7NUGK6LT5R,FALSE
507774,Delphinium_nuttallianum,8973025,301982,https://crowdcurio-experiment-images.s3.amazonaws.com/Delphinium_nuttallianum/images/Delphinium_nuttallianum.507774.jpg,0,18,0,FALSE,2,8,ANKMFPLT0IQU2,20365,136.67,2024/4/16,17:27:16,3UUIU9GZDOP4BWXVY1WY7NUGK6LT5R,FALSE
507772,Delphinium_nuttallianum,8973180,301981,https://crowdcurio-experiment-images.s3.amazonaws.com/Delphinium_nuttallianum/images/Delphinium_nuttallianum.507772.jpg,0,3,0,FALSE,2,9,ANKMFPLT0IQU2,20365,23.23,2024/4/16,17:27:41,3UUIU9GZDOP4BWXVY1WY7NUGK6LT5R,FALSE
507762,Delphinium_nuttallianum,8973266,301977,https://crowdcurio-experiment-images.s3.amazonaws.com/Delphinium_nuttallianum/images/Delphinium_nuttallianum.507762.jpg,0,3,0,FALSE,2,10,ANKMFPLT0IQU2,20365,12.69,2024/4/16,17:27:55,3UUIU9GZDOP4BWXVY1WY7NUGK6LT5R,FALSE
15371899,Delphinium_nuttallianum,8974736,302756,https://crowdcurio-experiment-images.s3.amazonaws.com/Delphinium_nuttallianum/images/Delphinium_nuttallianum.15371899.jpg,2,32,0,FALSE,3,1,ANKMFPLT0IQU2,20365,149.31,2024/4/16,17:30:50,3UUIU9GZDOP4BWXVY1WY7NUGK6LT5R,FALSE
13824630,Delphinium_nuttallianum,8975156,302704,https://crowdcurio-experiment-images.s3.amazonaws.com/Delphinium_nuttallianum/images/Delphinium_nuttallianum.13824630.jpg,1,10,0,FALSE,3,2,ANKMFPLT0IQU2,20365,44.89,2024/4/16,17:31:36,3UUIU9GZDOP4BWXVY1WY7NUGK6LT5R,FALSE
1715904,Delphinium_nuttallianum,8975749,302261,https://crowdcurio-experiment-images.s3.amazonaws.com/Delphinium_nuttallianum/images/Delphinium_nuttallianum.1715904.jpg,0,10,3,FALSE,3,3,ANKMFPLT0IQU2,20365,63.83,2024/4/16,17:32:42,3UUIU9GZDOP4BWXVY1WY7NUGK6LT5R,FALSE
521907,Delphinium_nuttallianum,8976076,302009,https://crowdcurio-experiment-images.s3.amazonaws.com/Delphinium_nuttallianum/images/Delphinium_nuttallianum.521907.jpg,0,1,3,FALSE,3,4,ANKMFPLT0IQU2,20365,36.67,2024/4/16,17:33:20,3UUIU9GZDOP4BWXVY1WY7NUGK6LT5R,FALSE
3046279,Delphinium_nuttallianum,8976679,302371,https://crowdcurio-experiment-images.s3.amazonaws.com/Delphinium_nuttallianum/images/Delphinium_nuttallianum.3046279.jpg,6,8,0,FALSE,3,5,ANKMFPLT0IQU2,20365,60.3,2024/4/16,17:34:22,3UUIU9GZDOP4BWXVY1WY7NUGK6LT5R,FALSE
522460,Delphinium_nuttallianum,8976968,302011,https://crowdcurio-experiment-images.s3.amazonaws.com/Delphinium_nuttallianum/images/Delphinium_nuttallianum.522460.jpg,0,4,3,FALSE,3,6,ANKMFPLT0IQU2,20365,30.79,2024/4/16,17:34:57,3UUIU9GZDOP4BWXVY1WY7NUGK6LT5R,FALSE
529882,Delphinium_nuttallianum,8977592,302018,https://crowdcurio-experiment-images.s3.amazonaws.com/Delphinium_nuttallianum/images/Delphinium_nuttallianum.529882.jpg,0,10,8,FALSE,3,7,ANKMFPLT0IQU2,20365,68.35,2024/4/16,17:36:14,3UUIU9GZDOP4BWXVY1WY7NUGK6LT5R,FALSE
15371887,Delphinium_nuttallianum,8978650,302755,https://crowdcurio-experiment-images.s3.amazonaws.com/Delphinium_nuttallianum/images/Delphinium_nuttallianum.15371887.jpg,5,29,0,FALSE,3,8,ANKMFPLT0IQU2,20365,111.68,2024/4/16,17:38:07,3UUIU9GZDOP4BWXVY1WY7NUGK6LT5R,FALSE
15225440,Delphinium_nuttallianum,8979225,302751,https://crowdcurio-experiment-images.s3.amazonaws.com/Delphinium_nuttallianum/images/Delphinium_nuttallianum.15225440.jpg,0,11,2,FALSE,3,9,ANKMFPLT0IQU2,20365,59.72,2024/4/16,17:39:09,3UUIU9GZDOP4BWXVY1WY7NUGK6LT5R,FALSE
529882,Delphinium_nuttallianum,8979810,302018,https://crowdcurio-experiment-images.s3.amazonaws.com/Delphinium_nuttallianum/images/Delphinium_nuttallianum.529882.jpg,0,8,8,TRUE,3,10,ANKMFPLT0IQU2,20365,56.78,2024/4/16,17:40:07,3UUIU9GZDOP4BWXVY1WY7NUGK6LT5R,FALSE
13823389,Delphinium_nuttallianum,8980320,302666,https://crowdcurio-experiment-images.s3.amazonaws.com/Delphinium_nuttallianum/images/Delphinium_nuttallianum.13823389.jpg,0,5,0,FALSE,4,1,ANKMFPLT0IQU2,20365,33.31,2024/4/16,17:41:02,3UUIU9GZDOP4BWXVY1WY7NUGK6LT5R,FALSE
1617208,Delphinium_nuttallianum,8980822,302197,https://crowdcurio-experiment-images.s3.amazonaws.com/Delphinium_nuttallianum/images/Delphinium_nuttallianum.1617208.jpg,0,15,0,FALSE,4,2,ANKMFPLT0IQU2,20365,45.88,2024/4/16,17:41:50,3UUIU9GZDOP4BWXVY1WY7NUGK6LT5R,FALSE
15923301,Delphinium_nuttallianum,8980795,302759,https://crowdcurio-experiment-images.s3.amazonaws.com/Delphinium_nuttallianum/images/Delphinium_nuttallianum.15923301.jpg,0,4,0,FALSE,1,1,A2XVFL6QU6HY11,19427,12.87,2024/4/16,17:41:48,3UUIU9GZDOP4BWXVY1WY7NUGK6LT5R,FALSE
13823385,Delphinium_nuttallianum,8981764,302664,https://crowdcurio-experiment-images.s3.amazonaws.com/Delphinium_nuttallianum/images/Delphinium_nuttallianum.13823385.jpg,2,12,0,FALSE,4,3,ANKMFPLT0IQU2,20365,90.75,2024/4/16,17:43:23,3UUIU9GZDOP4BWXVY1WY7NUGK6LT5R,FALSE
19992559,Delphinium_nuttallianum,8981213,302780,https://crowdcurio-experiment-images.s3.amazonaws.com/Delphinium_nuttallianum/images/Delphinium_nuttallianum.19992559.jpg,0,17,0,FALSE,1,2,A2XVFL6QU6HY11,19427,35.56,2024/4/16,17:42:28,3UUIU9GZDOP4BWXVY1WY7NUGK6LT5R,FALSE
1610757,Delphinium_nuttallianum,8982040,302184,https://crowdcurio-experiment-images.s3.amazonaws.com/Delphinium_nuttallianum/images/Delphinium_nuttallianum.1610757.jpg,0,4,0,FALSE,4,4,ANKMFPLT0IQU2,20365,27.27,2024/4/16,17:43:52,3UUIU9GZDOP4BWXVY1WY7NUGK6LT5R,FALSE
13824631,Delphinium_nuttallianum,8982972,302705,https://crowdcurio-experiment-images.s3.amazonaws.com/Delphinium_nuttallianum/images/Delphinium_nuttallianum.13824631.jpg,4,8,12,FALSE,1,3,A2XVFL6QU6HY11,19427,165.04,2024/4/16,17:45:18,3UUIU9GZDOP4BWXVY1WY7NUGK6LT5R,FALSE
13823356,Delphinium_nuttallianum,8982586,302639,https://crowdcurio-experiment-images.s3.amazonaws.com/Delphinium_nuttallianum/images/Delphinium_nuttallianum.13823356.jpg,0,10,2,FALSE,4,5,ANKMFPLT0IQU2,20365,49.48,2024/4/16,17:44:43,3UUIU9GZDOP4BWXVY1WY7NUGK6LT5R,FALSE
27521214,Delphinium_nuttallianum,8982612,302929,https://crowdcurio-experiment-images.s3.amazonaws.com/Delphinium_nuttallianum/images/Delphinium_nuttallianum.27521214.jpg,0,8,1,FALSE,1,1,A3AL2W0OZSYIY5,20245,26.73,2024/4/16,17:44:46,3UUIU9GZDOP4BWXVY1WY7NUGK6LT5R,FALSE
13023017,Delphinium_nuttallianum,8982707,302588,https://crowdcurio-experiment-images.s3.amazonaws.com/Delphinium_nuttallianum/images/Delphinium_nuttallianum.13023017.jpg,0,2,0,FALSE,1,2,A3AL2W0OZSYIY5,20245,5.95,2024/4/16,17:44:55,3UUIU9GZDOP4BWXVY1WY7NUGK6LT5R,FALSE
1610578,Delphinium_nuttallianum,8984133,302181,https://crowdcurio-experiment-images.s3.amazonaws.com/Delphinium_nuttallianum/images/Delphinium_nuttallianum.1610578.jpg,6,11,0,FALSE,4,6,ANKMFPLT0IQU2,20365,167.2,2024/4/16,17:47:32,3UUIU9GZDOP4BWXVY1WY7NUGK6LT5R,FALSE
19987606,Delphinium_nuttallianum,8982823,302772,https://crowdcurio-experiment-images.s3.amazonaws.com/Delphinium_nuttallianum/images/Delphinium_nuttallianum.19987606.jpg,0,2,0,FALSE,1,3,A3AL2W0OZSYIY5,20245,5.92,2024/4/16,17:45:05,3UUIU9GZDOP4BWXVY1WY7NUGK6LT5R,FALSE
15811109,Delphinium_nuttallianum,8982970,302757,https://crowdcurio-experiment-images.s3.amazonaws.com/Delphinium_nuttallianum/images/Delphinium_nuttallianum.15811109.jpg,0,2,0,FALSE,1,4,A3AL2W0OZSYIY5,20245,9.5,2024/4/16,17:45:17,3UUIU9GZDOP4BWXVY1WY7NUGK6LT5R,FALSE
28086024,Delphinium_nuttallianum,8983068,302932,https://crowdcurio-experiment-images.s3.amazonaws.com/Delphinium_nuttallianum/images/Delphinium_nuttallianum.28086024.jpg,0,1,0,FALSE,1,5,A3AL2W0OZSYIY5,20245,6.82,2024/4/16,17:45:27,3UUIU9GZDOP4BWXVY1WY7NUGK6LT5R,FALSE
4702182,Delphinium_nuttallianum,8983176,302453,https://crowdcurio-experiment-images.s3.amazonaws.com/Delphinium_nuttallianum/images/Delphinium_nuttallianum.4702182.jpg,0,4,0,FALSE,1,6,A3AL2W0OZSYIY5,20245,6.07,2024/4/16,17:45:37,3UUIU9GZDOP4BWXVY1WY7NUGK6LT5R,FALSE
13825013,Delphinium_nuttallianum,8983856,302718,https://crowdcurio-experiment-images.s3.amazonaws.com/Delphinium_nuttallianum/images/Delphinium_nuttallianum.13825013.jpg,6,3,3,FALSE,1,4,A2XVFL6QU6HY11,19427,90.58,2024/4/16,17:46:52,3UUIU9GZDOP4BWXVY1WY7NUGK6LT5R,FALSE
13823367,Delphinium_nuttallianum,8983275,302647,https://crowdcurio-experiment-images.s3.amazonaws.com/Delphinium_nuttallianum/images/Delphinium_nuttallianum.13823367.jpg,0,2,0,FALSE,1,7,A3AL2W0OZSYIY5,20245,5.45,2024/4/16,17:45:46,3UUIU9GZDOP4BWXVY1WY7NUGK6LT5R,FALSE
13823425,Delphinium_nuttallianum,8983384,302686,https://crowdcurio-experiment-images.s3.amazonaws.com/Delphinium_nuttallianum/images/Delphinium_nuttallianum.13823425.jpg,0,1,0,FALSE,1,8,A3AL2W0OZSYIY5,20245,5.81,2024/4/16,17:45:57,3UUIU9GZDOP4BWXVY1WY7NUGK6LT5R,FALSE
27521214,Delphinium_nuttallianum,8983470,302929,https://crowdcurio-experiment-images.s3.amazonaws.com/Delphinium_nuttallianum/images/Delphinium_nuttallianum.27521214.jpg,0,1,0,TRUE,1,9,A3AL2W0OZSYIY5,20245,6.8,2024/4/16,17:46:05,3UUIU9GZDOP4BWXVY1WY7NUGK6LT5R,FALSE
13823359,Delphinium_nuttallianum,8983544,302641,https://crowdcurio-experiment-images.s3.amazonaws.com/Delphinium_nuttallianum/images/Delphinium_nuttallianum.13823359.jpg,0,2,0,FALSE,1,10,A3AL2W0OZSYIY5,20245,5.46,2024/4/16,17:46:14,3UUIU9GZDOP4BWXVY1WY7NUGK6LT5R,FALSE
19991258,Delphinium_nuttallianum,8984380,302777,https://crowdcurio-experiment-images.s3.amazonaws.com/Delphinium_nuttallianum/images/Delphinium_nuttallianum.19991258.jpg,0,11,7,FALSE,1,5,A2XVFL6QU6HY11,19427,62.35,2024/4/16,17:47:59,3UUIU9GZDOP4BWXVY1WY7NUGK6LT5R,FALSE
507721,Delphinium_nuttallianum,8984589,301954,https://crowdcurio-experiment-images.s3.amazonaws.com/Delphinium_nuttallianum/images/Delphinium_nuttallianum.507721.jpg,0,8,0,FALSE,1,9,A1HN1B1YKEKFNY,22340,30.8,2024/4/16,17:48:23,3UUIU9GZDOP4BWXVY1WY7NUGK6LT5R,FALSE
13825205,Delphinium_nuttallianum,8985462,302721,https://crowdcurio-experiment-images.s3.amazonaws.com/Delphinium_nuttallianum/images/Delphinium_nuttallianum.13825205.jpg,0,16,21,FALSE,1,6,A2XVFL6QU6HY11,19427,104.91,2024/4/16,17:49:48,3UUIU9GZDOP4BWXVY1WY7NUGK6LT5R,FALSE
13823346,Delphinium_nuttallianum,8985620,302633,https://crowdcurio-experiment-images.s3.amazonaws.com/Delphinium_nuttallianum/images/Delphinium_nuttallianum.13823346.jpg,2,9,2,FALSE,4,7,ANKMFPLT0IQU2,20365,149.74,2024/4/16,17:50:03,3UUIU9GZDOP4BWXVY1WY7NUGK6LT5R,FALSE
13824631,Delphinium_nuttallianum,8986017,302705,https://crowdcurio-experiment-images.s3.amazonaws.com/Delphinium_nuttallianum/images/Delphinium_nuttallianum.13824631.jpg,1,11,9,TRUE,1,7,A2XVFL6QU6HY11,19427,59.76,2024/4/16,17:50:49,3UUIU9GZDOP4BWXVY1WY7NUGK6LT5R,FALSE
1610578,Delphinium_nuttallianum,8986539,302181,https://crowdcurio-experiment-images.s3.amazonaws.com/Delphinium_nuttallianum/images/Delphinium_nuttallianum.1610578.jpg,12,11,0,TRUE,4,8,ANKMFPLT0IQU2,20365,103.19,2024/4/16,17:51:48,3UUIU9GZDOP4BWXVY1WY7NUGK6LT5R,FALSE
14811829,Delphinium_nuttallianum,8986602,302731,https://crowdcurio-experiment-images.s3.amazonaws.com/Delphinium_nuttallianum/images/Delphinium_nuttallianum.14811829.jpg,2,3,8,FALSE,1,8,A2XVFL6QU6HY11,19427,61.04,2024/4/16,17:51:55,3UUIU9GZDOP4BWXVY1WY7NUGK6LT5R,FALSE
20864580,Delphinium_nuttallianum,8986972,302803,https://crowdcurio-experiment-images.s3.amazonaws.com/Delphinium_nuttallianum/images/Delphinium_nuttallianum.20864580.jpg,1,7,7,FALSE,1,9,A2XVFL6QU6HY11,19427,38.72,2024/4/16,17:52:38,3UUIU9GZDOP4BWXVY1WY7NUGK6LT5R,FALSE
13823360,Delphinium_nuttallianum,8987005,302642,https://crowdcurio-experiment-images.s3.amazonaws.com/Delphinium_nuttallianum/images/Delphinium_nuttallianum.13823360.jpg,0,4,2,FALSE,4,9,ANKMFPLT0IQU2,20365,50.92,2024/4/16,17:52:41,3UUIU9GZDOP4BWXVY1WY7NUGK6LT5R,FALSE
13824989,Delphinium_nuttallianum,8987507,302717,https://crowdcurio-experiment-images.s3.amazonaws.com/Delphinium_nuttallianum/images/Delphinium_nuttallianum.13824989.jpg,1,6,10,FALSE,1,10,A2XVFL6QU6HY11,19427,46.97,2024/4/16,17:53:29,3UUIU9GZDOP4BWXVY1WY7NUGK6LT5R,FALSE
13016496,Delphinium_nuttallianum,8987391,302575,https://crowdcurio-experiment-images.s3.amazonaws.com/Delphinium_nuttallianum/images/Delphinium_nuttallianum.13016496.jpg,0,5,2,FALSE,4,10,ANKMFPLT0IQU2,20365,35.57,2024/4/16,17:53:18,3UUIU9GZDOP4BWXVY1WY7NUGK6LT5R,FALSE
27211448,Delphinium_nuttallianum,8988127,302927,https://crowdcurio-experiment-images.s3.amazonaws.com/Delphinium_nuttallianum/images/Delphinium_nuttallianum.27211448.jpg,5,10,2,FALSE,5,1,ANKMFPLT0IQU2,20365,51.66,2024/4/16,17:54:30,3UUIU9GZDOP4BWXVY1WY7NUGK6LT5R,FALSE
13039996,Delphinium_nuttallianum,8988482,302620,https://crowdcurio-experiment-images.s3.amazonaws.com/Delphinium_nuttallianum/images/Delphinium_nuttallianum.13039996.jpg,4,5,4,FALSE,2,1,A2XVFL6QU6HY11,19427,64.42,2024/4/16,17:55:00,3UUIU9GZDOP4BWXVY1WY7NUGK6LT5R,FALSE
27215555,Delphinium_nuttallianum,8988914,302928,https://crowdcurio-experiment-images.s3.amazonaws.com/Delphinium_nuttallianum/images/Delphinium_nuttallianum.27215555.jpg,8,8,0,FALSE,5,2,ANKMFPLT0IQU2,20365,66.28,2024/4/16,17:55:38,3UUIU9GZDOP4BWXVY1WY7NUGK6LT5R,FALSE
13039802,Delphinium_nuttallianum,8989182,302616,https://crowdcurio-experiment-images.s3.amazonaws.com/Delphinium_nuttallianum/images/Delphinium_nuttallianum.13039802.jpg,0,3,12,FALSE,2,2,A2XVFL6QU6HY11,19427,61.42,2024/4/16,17:56:06,3UUIU9GZDOP4BWXVY1WY7NUGK6LT5R,FALSE
27170255,Delphinium_nuttallianum,8989614,302925,https://crowdcurio-experiment-images.s3.amazonaws.com/Delphinium_nuttallianum/images/Delphinium_nuttallianum.27170255.jpg,0,1,0,FALSE,5,3,ANKMFPLT0IQU2,20365,73.16,2024/4/16,17:56:53,3UUIU9GZDOP4BWXVY1WY7NUGK6LT5R,FALSE
13039835,Delphinium_nuttallianum,8989588,302617,https://crowdcurio-experiment-images.s3.amazonaws.com/Delphinium_nuttallianum/images/Delphinium_nuttallianum.13039835.jpg,0,2,7,FALSE,2,3,A2XVFL6QU6HY11,19427,39.52,2024/4/16,17:56:50,3UUIU9GZDOP4BWXVY1WY7NUGK6LT5R,FALSE
27877306,Delphinium_nuttallianum,8990020,302931,https://crowdcurio-experiment-images.s3.amazonaws.com/Delphinium_nuttallianum/images/Delphinium_nuttallianum.27877306.jpg,0,2,3,FALSE,5,4,ANKMFPLT0IQU2,20365,42.02,2024/4/16,17:57:37,3UUIU9GZDOP4BWXVY1WY7NUGK6LT5R,FALSE
27170013,Delphinium_nuttallianum,8990701,302902,https://crowdcurio-experiment-images.s3.amazonaws.com/Delphinium_nuttallianum/images/Delphinium_nuttallianum.27170013.jpg,0,3,5,FALSE,5,5,ANKMFPLT0IQU2,20365,68.95,2024/4/16,17:58:48,3UUIU9GZDOP4BWXVY1WY7NUGK6LT5R,FALSE
27170012,Delphinium_nuttallianum,8991098,302901,https://crowdcurio-experiment-images.s3.amazonaws.com/Delphinium_nuttallianum/images/Delphinium_nuttallianum.27170012.jpg,0,23,5,FALSE,2,4,A2XVFL6QU6HY11,19427,154.13,2024/4/16,17:59:29,3UUIU9GZDOP4BWXVY1WY7NUGK6LT5R,FALSE
27572403,Delphinium_nuttallianum,8991240,302930,https://crowdcurio-experiment-images.s3.amazonaws.com/Delphinium_nuttallianum/images/Delphinium_nuttallianum.27572403.jpg,0,8,4,FALSE,5,6,ANKMFPLT0IQU2,20365,54.37,2024/4/16,17:59:44,3UUIU9GZDOP4BWXVY1WY7NUGK6LT5R,FALSE
13039835,Delphinium_nuttallianum,8991427,302617,https://crowdcurio-experiment-images.s3.amazonaws.com/Delphinium_nuttallianum/images/Delphinium_nuttallianum.13039835.jpg,0,2,7,TRUE,2,5,A2XVFL6QU6HY11,19427,38.03,2024/4/16,18:00:09,3UUIU9GZDOP4BWXVY1WY7NUGK6LT5R,FALSE
27170195,Delphinium_nuttallianum,8991650,302906,https://crowdcurio-experiment-images.s3.amazonaws.com/Delphinium_nuttallianum/images/Delphinium_nuttallianum.27170195.jpg,2,5,0,FALSE,5,7,ANKMFPLT0IQU2,20365,50,2024/4/16,18:00:36,3UUIU9GZDOP4BWXVY1WY7NUGK6LT5R,FALSE
13039631,Delphinium_nuttallianum,8991735,302614,https://crowdcurio-experiment-images.s3.amazonaws.com/Delphinium_nuttallianum/images/Delphinium_nuttallianum.13039631.jpg,2,4,5,FALSE,2,6,A2XVFL6QU6HY11,19427,32.19,2024/4/16,18:00:46,3UUIU9GZDOP4BWXVY1WY7NUGK6LT5R,FALSE
27170790,Delphinium_nuttallianum,8992219,302926,https://crowdcurio-experiment-images.s3.amazonaws.com/Delphinium_nuttallianum/images/Delphinium_nuttallianum.27170790.jpg,2,9,0,FALSE,5,8,ANKMFPLT0IQU2,20365,63.55,2024/4/16,18:01:41,3UUIU9GZDOP4BWXVY1WY7NUGK6LT5R,FALSE
13288097,Delphinium_nuttallianum,8992322,302625,https://crowdcurio-experiment-images.s3.amazonaws.com/Delphinium_nuttallianum/images/Delphinium_nuttallianum.13288097.jpg,0,13,11,FALSE,2,7,A2XVFL6QU6HY11,19427,63.5,2024/4/16,18:01:54,3UUIU9GZDOP4BWXVY1WY7NUGK6LT5R,FALSE
27170194,Delphinium_nuttallianum,8993901,302905,https://crowdcurio-experiment-images.s3.amazonaws.com/Delphinium_nuttallianum/images/Delphinium_nuttallianum.27170194.jpg,0,9,7,FALSE,5,9,ANKMFPLT0IQU2,20365,204.39,2024/4/16,18:05:07,3UUIU9GZDOP4BWXVY1WY7NUGK6LT5R,FALSE
13039883,Delphinium_nuttallianum,8992556,302618,https://crowdcurio-experiment-images.s3.amazonaws.com/Delphinium_nuttallianum/images/Delphinium_nuttallianum.13039883.jpg,0,3,1,FALSE,2,8,A2XVFL6QU6HY11,19427,21.59,2024/4/16,18:02:20,3UUIU9GZDOP4BWXVY1WY7NUGK6LT5R,FALSE
13039920,Delphinium_nuttallianum,8992877,302619,https://crowdcurio-experiment-images.s3.amazonaws.com/Delphinium_nuttallianum/images/Delphinium_nuttallianum.13039920.jpg,0,6,7,FALSE,2,9,A2XVFL6QU6HY11,19427,37.77,2024/4/16,18:03:02,3UUIU9GZDOP4BWXVY1WY7NUGK6LT5R,FALSE
13040892,Delphinium_nuttallianum,8993132,302622,https://crowdcurio-experiment-images.s3.amazonaws.com/Delphinium_nuttallianum/images/Delphinium_nuttallianum.13040892.jpg,0,3,5,FALSE,2,10,A2XVFL6QU6HY11,19427,29.67,2024/4/16,18:03:36,3UUIU9GZDOP4BWXVY1WY7NUGK6LT5R,FALSE
27211448,Delphinium_nuttallianum,8994674,302927,https://crowdcurio-experiment-images.s3.amazonaws.com/Delphinium_nuttallianum/images/Delphinium_nuttallianum.27211448.jpg,5,9,3,TRUE,5,10,ANKMFPLT0IQU2,20365,91.42,2024/4/16,18:06:40,3UUIU9GZDOP4BWXVY1WY7NUGK6LT5R,FALSE
13036773,Delphinium_nuttallianum,8994656,302589,https://crowdcurio-experiment-images.s3.amazonaws.com/Delphinium_nuttallianum/images/Delphinium_nuttallianum.13036773.jpg,2,11,5,FALSE,3,1,A2XVFL6QU6HY11,19427,159.87,2024/4/16,18:06:38,3UUIU9GZDOP4BWXVY1WY7NUGK6LT5R,FALSE
13039291,Delphinium_nuttallianum,8994886,302611,https://crowdcurio-experiment-images.s3.amazonaws.com/Delphinium_nuttallianum/images/Delphinium_nuttallianum.13039291.jpg,3,5,11,FALSE,1,1,A180TEYI7IA36W,22520,110.16,2024/4/16,18:07:08,3UUIU9GZDOP4BWXVY1WY7NUGK6LT5R,FALSE
13036856,Delphinium_nuttallianum,8995192,302592,https://crowdcurio-experiment-images.s3.amazonaws.com/Delphinium_nuttallianum/images/Delphinium_nuttallianum.13036856.jpg,0,10,5,FALSE,3,2,A2XVFL6QU6HY11,19427,63.77,2024/4/16,18:07:46,3UUIU9GZDOP4BWXVY1WY7NUGK6LT5R,FALSE
13017443,Delphinium_nuttallianum,8995211,302579,https://crowdcurio-experiment-images.s3.amazonaws.com/Delphinium_nuttallianum/images/Delphinium_nuttallianum.13017443.jpg,0,9,2,FALSE,6,1,ANKMFPLT0IQU2,20365,46.84,2024/4/16,18:07:50,3UUIU9GZDOP4BWXVY1WY7NUGK6LT5R,FALSE
13038919,Delphinium_nuttallianum,8995418,302606,https://crowdcurio-experiment-images.s3.amazonaws.com/Delphinium_nuttallianum/images/Delphinium_nuttallianum.13038919.jpg,2,7,1,FALSE,1,2,A180TEYI7IA36W,22520,67.33,2024/4/16,18:08:17,3UUIU9GZDOP4BWXVY1WY7NUGK6LT5R,FALSE
13038308,Delphinium_nuttallianum,8995862,302598,https://crowdcurio-experiment-images.s3.amazonaws.com/Delphinium_nuttallianum/images/Delphinium_nuttallianum.13038308.jpg,1,4,13,FALSE,3,3,A2XVFL6QU6HY11,19427,72.3,2024/4/16,18:09:03,3UUIU9GZDOP4BWXVY1WY7NUGK6LT5R,FALSE
13017806,Delphinium_nuttallianum,8995619,302583,https://crowdcurio-experiment-images.s3.amazonaws.com/Delphinium_nuttallianum/images/Delphinium_nuttallianum.13017806.jpg,0,5,6,FALSE,6,2,ANKMFPLT0IQU2,20365,46.08,2024/4/16,18:08:38,3UUIU9GZDOP4BWXVY1WY7NUGK6LT5R,FALSE
13038881,Delphinium_nuttallianum,8996047,302605,https://crowdcurio-experiment-images.s3.amazonaws.com/Delphinium_nuttallianum/images/Delphinium_nuttallianum.13038881.jpg,0,16,1,FALSE,1,3,A180TEYI7IA36W,22520,70.18,2024/4/16,18:09:29,3UUIU9GZDOP4BWXVY1WY7NUGK6LT5R,FALSE
13020588,Delphinium_nuttallianum,8996131,302586,https://crowdcurio-experiment-images.s3.amazonaws.com/Delphinium_nuttallianum/images/Delphinium_nuttallianum.13020588.jpg,0,8,8,FALSE,6,3,ANKMFPLT0IQU2,20365,57.19,2024/4/16,18:09:37,3UUIU9GZDOP4BWXVY1WY7NUGK6LT5R,FALSE
13038817,Delphinium_nuttallianum,8996353,302603,https://crowdcurio-experiment-images.s3.amazonaws.com/Delphinium_nuttallianum/images/Delphinium_nuttallianum.13038817.jpg,0,9,8,FALSE,3,4,A2XVFL6QU6HY11,19427,50.2,2024/4/16,18:09:58,3UUIU9GZDOP4BWXVY1WY7NUGK6LT5R,FALSE
13038953,Delphinium_nuttallianum,8996724,302607,https://crowdcurio-experiment-images.s3.amazonaws.com/Delphinium_nuttallianum/images/Delphinium_nuttallianum.13038953.jpg,4,14,4,FALSE,1,4,A180TEYI7IA36W,22520,64.81,2024/4/16,18:10:35,3UUIU9GZDOP4BWXVY1WY7NUGK6LT5R,FALSE
13017694,Delphinium_nuttallianum,8996496,302582,https://crowdcurio-experiment-images.s3.amazonaws.com/Delphinium_nuttallianum/images/Delphinium_nuttallianum.13017694.jpg,0,5,2,FALSE,6,4,ANKMFPLT0IQU2,20365,35.35,2024/4/16,18:10:14,3UUIU9GZDOP4BWXVY1WY7NUGK6LT5R,FALSE
13038451,Delphinium_nuttallianum,8996869,302599,https://crowdcurio-experiment-images.s3.amazonaws.com/Delphinium_nuttallianum/images/Delphinium_nuttallianum.13038451.jpg,0,10,5,FALSE,3,5,A2XVFL6QU6HY11,19427,43.94,2024/4/16,18:10:47,3UUIU9GZDOP4BWXVY1WY7NUGK6LT5R,FALSE
13022820,Delphinium_nuttallianum,8997308,302587,https://crowdcurio-experiment-images.s3.amazonaws.com/Delphinium_nuttallianum/images/Delphinium_nuttallianum.13022820.jpg,0,15,1,FALSE,6,5,ANKMFPLT0IQU2,20365,74.47,2024/4/16,18:11:30,3UUIU9GZDOP4BWXVY1WY7NUGK6LT5R,FALSE
13038992,Delphinium_nuttallianum,8997005,302608,https://crowdcurio-experiment-images.s3.amazonaws.com/Delphinium_nuttallianum/images/Delphinium_nuttallianum.13038992.jpg,0,4,0,FALSE,1,5,A180TEYI7IA36W,22520,26.53,2024/4/16,18:11:03,3UUIU9GZDOP4BWXVY1WY7NUGK6LT5R,FALSE
13036792,Delphinium_nuttallianum,8997436,302590,https://crowdcurio-experiment-images.s3.amazonaws.com/Delphinium_nuttallianum/images/Delphinium_nuttallianum.13036792.jpg,0,6,7,FALSE,3,6,A2XVFL6QU6HY11,19427,52.06,2024/4/16,18:11:44,3UUIU9GZDOP4BWXVY1WY7NUGK6LT5R,FALSE
13039311,Delphinium_nuttallianum,8997401,302612,https://crowdcurio-experiment-images.s3.amazonaws.com/Delphinium_nuttallianum/images/Delphinium_nuttallianum.13039311.jpg,2,4,1,FALSE,1,6,A180TEYI7IA36W,22520,35.81,2024/4/16,18:11:40,3UUIU9GZDOP4BWXVY1WY7NUGK6LT5R,FALSE
13020212,Delphinium_nuttallianum,8997950,302585,https://crowdcurio-experiment-images.s3.amazonaws.com/Delphinium_nuttallianum/images/Delphinium_nuttallianum.13020212.jpg,1,17,0,FALSE,6,6,ANKMFPLT0IQU2,20365,59.04,2024/4/16,18:12:31,3UUIU9GZDOP4BWXVY1WY7NUGK6LT5R,FALSE
13039067,Delphinium_nuttallianum,8998008,302609,https://crowdcurio-experiment-images.s3.amazonaws.com/Delphinium_nuttallianum/images/Delphinium_nuttallianum.13039067.jpg,0,10,2,FALSE,1,7,A180TEYI7IA36W,22520,54.65,2024/4/16,18:12:37,3UUIU9GZDOP4BWXVY1WY7NUGK6LT5R,FALSE
13038565,Delphinium_nuttallianum,8998025,302600,https://crowdcurio-experiment-images.s3.amazonaws.com/Delphinium_nuttallianum/images/Delphinium_nuttallianum.13038565.jpg,1,9,4,FALSE,3,7,A2XVFL6QU6HY11,19427,49.38,2024/4/16,18:12:37,3UUIU9GZDOP4BWXVY1WY7NUGK6LT5R,FALSE
13039581,Delphinium_nuttallianum,8998870,302613,https://crowdcurio-experiment-images.s3.amazonaws.com/Delphinium_nuttallianum/images/Delphinium_nuttallianum.13039581.jpg,3,10,13,FALSE,1,8,A180TEYI7IA36W,22520,87.99,2024/4/16,18:14:06,3UUIU9GZDOP4BWXVY1WY7NUGK6LT5R,FALSE
13017522,Delphinium_nuttallianum,8998490,302580,https://crowdcurio-experiment-images.s3.amazonaws.com/Delphinium_nuttallianum/images/Delphinium_nuttallianum.13017522.jpg,0,10,1,FALSE,6,7,ANKMFPLT0IQU2,20365,50.92,2024/4/16,18:13:24,3UUIU9GZDOP4BWXVY1WY7NUGK6LT5R,FALSE
13038451,Delphinium_nuttallianum,8998597,302599,https://crowdcurio-experiment-images.s3.amazonaws.com/Delphinium_nuttallianum/images/Delphinium_nuttallianum.13038451.jpg,0,14,6,TRUE,3,8,A2XVFL6QU6HY11,19427,57.1,2024/4/16,18:13:36,3UUIU9GZDOP4BWXVY1WY7NUGK6LT5R,FALSE
13017550,Delphinium_nuttallianum,8999346,302581,https://crowdcurio-experiment-images.s3.amazonaws.com/Delphinium_nuttallianum/images/Delphinium_nuttallianum.13017550.jpg,3,10,0,FALSE,6,8,ANKMFPLT0IQU2,20365,94.69,2024/4/16,18:15:00,3UUIU9GZDOP4BWXVY1WY7NUGK6LT5R,FALSE
13037663,Delphinium_nuttallianum,8999193,302597,https://crowdcurio-experiment-images.s3.amazonaws.com/Delphinium_nuttallianum/images/Delphinium_nuttallianum.13037663.jpg,1,5,6,FALSE,3,9,A2XVFL6QU6HY11,19427,62.14,2024/4/16,18:14:43,3UUIU9GZDOP4BWXVY1WY7NUGK6LT5R,FALSE
13039137,Delphinium_nuttallianum,8999485,302610,https://crowdcurio-experiment-images.s3.amazonaws.com/Delphinium_nuttallianum/images/Delphinium_nuttallianum.13039137.jpg,1,5,8,FALSE,1,9,A180TEYI7IA36W,22520,69.92,2024/4/16,18:15:17,3UUIU9GZDOP4BWXVY1WY7NUGK6LT5R,FALSE
13038872,Delphinium_nuttallianum,9000014,302604,https://crowdcurio-experiment-images.s3.amazonaws.com/Delphinium_nuttallianum/images/Delphinium_nuttallianum.13038872.jpg,6,25,4,FALSE,3,10,A2XVFL6QU6HY11,19427,88.49,2024/4/16,18:16:15,3UUIU9GZDOP4BWXVY1WY7NUGK6LT5R,FALSE
13020588,Delphinium_nuttallianum,8999903,302586,https://crowdcurio-experiment-images.s3.amazonaws.com/Delphinium_nuttallianum/images/Delphinium_nuttallianum.13020588.jpg,0,8,7,TRUE,6,9,ANKMFPLT0IQU2,20365,61.91,2024/4/16,18:16:03,3UUIU9GZDOP4BWXVY1WY7NUGK6LT5R,FALSE
13038919,Delphinium_nuttallianum,8999778,302606,https://crowdcurio-experiment-images.s3.amazonaws.com/Delphinium_nuttallianum/images/Delphinium_nuttallianum.13038919.jpg,1,7,2,TRUE,1,10,A180TEYI7IA36W,22520,31.66,2024/4/16,18:15:50,3UUIU9GZDOP4BWXVY1WY7NUGK6LT5R,FALSE
13018085,Delphinium_nuttallianum,9000562,302584,https://crowdcurio-experiment-images.s3.amazonaws.com/Delphinium_nuttallianum/images/Delphinium_nuttallianum.13018085.jpg,4,17,0,FALSE,6,10,ANKMFPLT0IQU2,20365,69.91,2024/4/16,18:17:15,3UUIU9GZDOP4BWXVY1WY7NUGK6LT5R,FALSE
4818030,Delphinium_nuttallianum,9001599,302507,https://crowdcurio-experiment-images.s3.amazonaws.com/Delphinium_nuttallianum/images/Delphinium_nuttallianum.4818030.jpg,6,8,0,FALSE,7,1,ANKMFPLT0IQU2,20365,90.53,2024/4/16,18:19:07,3UUIU9GZDOP4BWXVY1WY7NUGK6LT5R,FALSE
6061233,Delphinium_nuttallianum,9001192,302528,https://crowdcurio-experiment-images.s3.amazonaws.com/Delphinium_nuttallianum/images/Delphinium_nuttallianum.6061233.jpg,0,20,2,FALSE,4,1,A2XVFL6QU6HY11,19427,103.68,2024/4/16,18:18:25,3UUIU9GZDOP4BWXVY1WY7NUGK6LT5R,FALSE
6058132,Delphinium_nuttallianum,9001467,302527,https://crowdcurio-experiment-images.s3.amazonaws.com/Delphinium_nuttallianum/images/Delphinium_nuttallianum.6058132.jpg,0,5,4,FALSE,4,2,A2XVFL6QU6HY11,19427,24.43,2024/4/16,18:18:54,3UUIU9GZDOP4BWXVY1WY7NUGK6LT5R,FALSE
6057516,Delphinium_nuttallianum,9001880,302526,https://crowdcurio-experiment-images.s3.amazonaws.com/Delphinium_nuttallianum/images/Delphinium_nuttallianum.6057516.jpg,0,8,5,FALSE,4,3,A2XVFL6QU6HY11,19427,41,2024/4/16,18:19:39,3UUIU9GZDOP4BWXVY1WY7NUGK6LT5R,FALSE
4847942,Delphinium_nuttallianum,9002362,302510,https://crowdcurio-experiment-images.s3.amazonaws.com/Delphinium_nuttallianum/images/Delphinium_nuttallianum.4847942.jpg,0,8,3,FALSE,7,2,ANKMFPLT0IQU2,20365,84.85,2024/4/16,18:20:34,3UUIU9GZDOP4BWXVY1WY7NUGK6LT5R,FALSE
6056311,Delphinium_nuttallianum,9002342,302525,https://crowdcurio-experiment-images.s3.amazonaws.com/Delphinium_nuttallianum/images/Delphinium_nuttallianum.6056311.jpg,0,0,21,FALSE,4,4,A2XVFL6QU6HY11,19427,47.59,2024/4/16,18:20:31,3UUIU9GZDOP4BWXVY1WY7NUGK6LT5R,FALSE
4818030,Delphinium_nuttallianum,9002820,302507,https://crowdcurio-experiment-images.s3.amazonaws.com/Delphinium_nuttallianum/images/Delphinium_nuttallianum.4818030.jpg,3,5,0,TRUE,7,3,ANKMFPLT0IQU2,20365,57.82,2024/4/16,18:21:32,3UUIU9GZDOP4BWXVY1WY7NUGK6LT5R,FALSE
6070172,Delphinium_nuttallianum,9002636,302532,https://crowdcurio-experiment-images.s3.amazonaws.com/Delphinium_nuttallianum/images/Delphinium_nuttallianum.6070172.jpg,0,4,4,FALSE,4,5,A2XVFL6QU6HY11,19427,31.45,2024/4/16,18:21:07,3UUIU9GZDOP4BWXVY1WY7NUGK6LT5R,FALSE
6055701,Delphinium_nuttallianum,9002841,302524,https://crowdcurio-experiment-images.s3.amazonaws.com/Delphinium_nuttallianum/images/Delphinium_nuttallianum.6055701.jpg,1,7,5,FALSE,4,6,A2XVFL6QU6HY11,19427,24.89,2024/4/16,18:21:36,3UUIU9GZDOP4BWXVY1WY7NUGK6LT5R,FALSE
12959199,Delphinium_nuttallianum,9002967,302555,https://crowdcurio-experiment-images.s3.amazonaws.com/Delphinium_nuttallianum/images/Delphinium_nuttallianum.12959199.jpg,0,6,0,FALSE,1,1,A1PSM37VZXC2KB,19020,25.37,2024/4/16,18:21:51,3UUIU9GZDOP4BWXVY1WY7NUGK6LT5R,FALSE
5500117,Delphinium_nuttallianum,9003218,302513,https://crowdcurio-experiment-images.s3.amazonaws.com/Delphinium_nuttallianum/images/Delphinium_nuttallianum.5500117.jpg,0,9,5,FALSE,7,4,ANKMFPLT0IQU2,20365,45.82,2024/4/16,18:22:20,3UUIU9GZDOP4BWXVY1WY7NUGK6LT5R,FALSE
6063869,Delphinium_nuttallianum,9003623,302531,https://crowdcurio-experiment-images.s3.amazonaws.com/Delphinium_nuttallianum/images/Delphinium_nuttallianum.6063869.jpg,0,14,8,FALSE,4,7,A2XVFL6QU6HY11,19427,82.63,2024/4/16,18:23:03,3UUIU9GZDOP4BWXVY1WY7NUGK6LT5R,FALSE
12964404,Delphinium_nuttallianum,9003192,302559,https://crowdcurio-experiment-images.s3.amazonaws.com/Delphinium_nuttallianum/images/Delphinium_nuttallianum.12964404.jpg,0,13,0,FALSE,1,2,A1PSM37VZXC2KB,19020,25.27,2024/4/16,18:22:17,3UUIU9GZDOP4BWXVY1WY7NUGK6LT5R,FALSE
12962871,Delphinium_nuttallianum,9003697,302556,https://crowdcurio-experiment-images.s3.amazonaws.com/Delphinium_nuttallianum/images/Delphinium_nuttallianum.12962871.jpg,0,15,3,FALSE,1,3,A1PSM37VZXC2KB,19020,54.79,2024/4/16,18:23:13,3UUIU9GZDOP4BWXVY1WY7NUGK6LT5R,FALSE
4818029,Delphinium_nuttallianum,9003963,302506,https://crowdcurio-experiment-images.s3.amazonaws.com/Delphinium_nuttallianum/images/Delphinium_nuttallianum.4818029.jpg,3,11,0,FALSE,7,5,ANKMFPLT0IQU2,20365,78.5,2024/4/16,18:23:41,3UUIU9GZDOP4BWXVY1WY7NUGK6LT5R,FALSE
6055701,Delphinium_nuttallianum,9003886,302524,https://crowdcurio-experiment-images.s3.amazonaws.com/Delphinium_nuttallianum/images/Delphinium_nuttallianum.6055701.jpg,1,5,5,TRUE,4,8,A2XVFL6QU6HY11,19427,28.96,2024/4/16,18:23:34,3UUIU9GZDOP4BWXVY1WY7NUGK6LT5R,FALSE
12969578,Delphinium_nuttallianum,9004066,302562,https://crowdcurio-experiment-images.s3.amazonaws.com/Delphinium_nuttallianum/images/Delphinium_nuttallianum.12969578.jpg,0,13,1,FALSE,1,4,A1PSM37VZXC2KB,19020,37.3,2024/4/16,18:23:52,3UUIU9GZDOP4BWXVY1WY7NUGK6LT5R,FALSE
6063642,Delphinium_nuttallianum,9004100,302530,https://crowdcurio-experiment-images.s3.amazonaws.com/Delphinium_nuttallianum/images/Delphinium_nuttallianum.6063642.jpg,0,3,5,FALSE,4,9,A2XVFL6QU6HY11,19427,17.89,2024/4/16,18:23:56,3UUIU9GZDOP4BWXVY1WY7NUGK6LT5R,FALSE
12965285,Delphinium_nuttallianum,9004325,302561,https://crowdcurio-experiment-images.s3.amazonaws.com/Delphinium_nuttallianum/images/Delphinium_nuttallianum.12965285.jpg,0,3,10,FALSE,1,5,A1PSM37VZXC2KB,19020,29.45,2024/4/16,18:24:23,3UUIU9GZDOP4BWXVY1WY7NUGK6LT5R,FALSE
6062431,Delphinium_nuttallianum,9004409,302529,https://crowdcurio-experiment-images.s3.amazonaws.com/Delphinium_nuttallianum/images/Delphinium_nuttallianum.6062431.jpg,0,8,5,FALSE,4,10,A2XVFL6QU6HY11,19427,33.2,2024/4/16,18:24:33,3UUIU9GZDOP4BWXVY1WY7NUGK6LT5R,FALSE
12962917,Delphinium_nuttallianum,9004622,302557,https://crowdcurio-experiment-images.s3.amazonaws.com/Delphinium_nuttallianum/images/Delphinium_nuttallianum.12962917.jpg,0,4,5,FALSE,1,6,A1PSM37VZXC2KB,19020,37.1,2024/4/16,18:25:01,3UUIU9GZDOP4BWXVY1WY7NUGK6LT5R,FALSE
5500155,Delphinium_nuttallianum,9004886,302514,https://crowdcurio-experiment-images.s3.amazonaws.com/Delphinium_nuttallianum/images/Delphinium_nuttallianum.5500155.jpg,4,5,0,FALSE,7,6,ANKMFPLT0IQU2,20365,113.13,2024/4/16,18:25:36,3UUIU9GZDOP4BWXVY1WY7NUGK6LT5R,FALSE
12963764,Delphinium_nuttallianum,9004824,302558,https://crowdcurio-experiment-images.s3.amazonaws.com/Delphinium_nuttallianum/images/Delphinium_nuttallianum.12963764.jpg,0,8,2,FALSE,1,7,A1PSM37VZXC2KB,19020,23.85,2024/4/16,18:25:26,3UUIU9GZDOP4BWXVY1WY7NUGK6LT5R,FALSE
4750556,Delphinium_nuttallianum,9005020,302502,https://crowdcurio-experiment-images.s3.amazonaws.com/Delphinium_nuttallianum/images/Delphinium_nuttallianum.4750556.jpg,0,6,5,FALSE,5,1,A2XVFL6QU6HY11,19427,54.5,2024/4/16,18:25:52,3UUIU9GZDOP4BWXVY1WY7NUGK6LT5R,FALSE
12969885,Delphinium_nuttallianum,9005166,302563,https://crowdcurio-experiment-images.s3.amazonaws.com/Delphinium_nuttallianum/images/Delphinium_nuttallianum.12969885.jpg,3,5,7,FALSE,1,8,A1PSM37VZXC2KB,19020,40.34,2024/4/16,18:26:08,3UUIU9GZDOP4BWXVY1WY7NUGK6LT5R,FALSE
4821931,Delphinium_nuttallianum,9005585,302508,https://crowdcurio-experiment-images.s3.amazonaws.com/Delphinium_nuttallianum/images/Delphinium_nuttallianum.4821931.jpg,2,9,7,FALSE,7,7,ANKMFPLT0IQU2,20365,76.51,2024/4/16,18:26:54,3UUIU9GZDOP4BWXVY1WY7NUGK6LT5R,FALSE
4750283,Delphinium_nuttallianum,9005279,302500,https://crowdcurio-experiment-images.s3.amazonaws.com/Delphinium_nuttallianum/images/Delphinium_nuttallianum.4750283.jpg,0,2,6,FALSE,5,2,A2XVFL6QU6HY11,19427,23.47,2024/4/16,18:26:21,3UUIU9GZDOP4BWXVY1WY7NUGK6LT5R,FALSE
12969578,Delphinium_nuttallianum,9005562,302562,https://crowdcurio-experiment-images.s3.amazonaws.com/Delphinium_nuttallianum/images/Delphinium_nuttallianum.12969578.jpg,0,14,3,TRUE,1,9,A1PSM37VZXC2KB,19020,42.13,2024/4/16,18:26:52,3UUIU9GZDOP4BWXVY1WY7NUGK6LT5R,FALSE
4750179,Delphinium_nuttallianum,9005608,302498,https://crowdcurio-experiment-images.s3.amazonaws.com/Delphinium_nuttallianum/images/Delphinium_nuttallianum.4750179.jpg,0,6,8,FALSE,5,3,A2XVFL6QU6HY11,19427,30.84,2024/4/16,18:26:56,3UUIU9GZDOP4BWXVY1WY7NUGK6LT5R,FALSE
11278043,Delphinium_nuttallianum,9005809,302553,https://crowdcurio-experiment-images.s3.amazonaws.com/Delphinium_nuttallianum/images/Delphinium_nuttallianum.11278043.jpg,0,16,0,FALSE,1,10,A1PSM37VZXC2KB,19020,25.62,2024/4/16,18:27:18,3UUIU9GZDOP4BWXVY1WY7NUGK6LT5R,FALSE
4782138,Delphinium_nuttallianum,9006077,302504,https://crowdcurio-experiment-images.s3.amazonaws.com/Delphinium_nuttallianum/images/Delphinium_nuttallianum.4782138.jpg,0,8,2,FALSE,7,8,ANKMFPLT0IQU2,20365,57.18,2024/4/16,18:27:54,3UUIU9GZDOP4BWXVY1WY7NUGK6LT5R,FALSE
4746770,Delphinium_nuttallianum,9005892,302493,https://crowdcurio-experiment-images.s3.amazonaws.com/Delphinium_nuttallianum/images/Delphinium_nuttallianum.4746770.jpg,0,5,5,FALSE,5,4,A2XVFL6QU6HY11,19427,28.36,2024/4/16,18:27:29,3UUIU9GZDOP4BWXVY1WY7NUGK6LT5R,FALSE
4709378,Delphinium_nuttallianum,9006149,302466,https://crowdcurio-experiment-images.s3.amazonaws.com/Delphinium_nuttallianum/images/Delphinium_nuttallianum.4709378.jpg,0,8,2,FALSE,2,1,A1PSM37VZXC2KB,19020,25.2,2024/4/16,18:28:01,3UUIU9GZDOP4BWXVY1WY7NUGK6LT5R,FALSE
4750492,Delphinium_nuttallianum,9006429,302501,https://crowdcurio-experiment-images.s3.amazonaws.com/Delphinium_nuttallianum/images/Delphinium_nuttallianum.4750492.jpg,0,4,4,FALSE,5,5,A2XVFL6QU6HY11,19427,62.46,2024/4/16,18:28:36,3UUIU9GZDOP4BWXVY1WY7NUGK6LT5R,FALSE
4852146,Delphinium_nuttallianum,9006426,302512,https://crowdcurio-experiment-images.s3.amazonaws.com/Delphinium_nuttallianum/images/Delphinium_nuttallianum.4852146.jpg,0,11,0,FALSE,7,9,ANKMFPLT0IQU2,20365,40.85,2024/4/16,18:28:36,3UUIU9GZDOP4BWXVY1WY7NUGK6LT5R,FALSE
4746216,Delphinium_nuttallianum,9006244,302490,https://crowdcurio-experiment-images.s3.amazonaws.com/Delphinium_nuttallianum/images/Delphinium_nuttallianum.4746216.jpg,0,3,0,FALSE,2,2,A1PSM37VZXC2KB,19020,10.29,2024/4/16,18:28:13,3UUIU9GZDOP4BWXVY1WY7NUGK6LT5R,FALSE
4709663,Delphinium_nuttallianum,9006530,302468,https://crowdcurio-experiment-images.s3.amazonaws.com/Delphinium_nuttallianum/images/Delphinium_nuttallianum.4709663.jpg,0,12,2,FALSE,2,3,A1PSM37VZXC2KB,19020,33.5,2024/4/16,18:28:48,3UUIU9GZDOP4BWXVY1WY7NUGK6LT5R,FALSE
4750675,Delphinium_nuttallianum,9006785,302503,https://crowdcurio-experiment-images.s3.amazonaws.com/Delphinium_nuttallianum/images/Delphinium_nuttallianum.4750675.jpg,0,4,7,FALSE,5,6,A2XVFL6QU6HY11,19427,39.17,2024/4/16,18:29:20,3UUIU9GZDOP4BWXVY1WY7NUGK6LT5R,FALSE
4746216,Delphinium_nuttallianum,9006623,302490,https://crowdcurio-experiment-images.s3.amazonaws.com/Delphinium_nuttallianum/images/Delphinium_nuttallianum.4746216.jpg,0,3,0,TRUE,2,4,A1PSM37VZXC2KB,19020,10.39,2024/4/16,18:29:00,3UUIU9GZDOP4BWXVY1WY7NUGK6LT5R,FALSE
4818028,Delphinium_nuttallianum,9006793,302505,https://crowdcurio-experiment-images.s3.amazonaws.com/Delphinium_nuttallianum/images/Delphinium_nuttallianum.4818028.jpg,0,7,4,FALSE,7,10,ANKMFPLT0IQU2,20365,43.46,2024/4/16,18:29:21,3UUIU9GZDOP4BWXVY1WY7NUGK6LT5R,FALSE
4745955,Delphinium_nuttallianum,9006768,302486,https://crowdcurio-experiment-images.s3.amazonaws.com/Delphinium_nuttallianum/images/Delphinium_nuttallianum.4745955.jpg,0,3,2,FALSE,2,5,A1PSM37VZXC2KB,19020,16.19,2024/4/16,18:29:17,3UUIU9GZDOP4BWXVY1WY7NUGK6LT5R,FALSE
4709486,Delphinium_nuttallianum,9007020,302467,https://crowdcurio-experiment-images.s3.amazonaws.com/Delphinium_nuttallianum/images/Delphinium_nuttallianum.4709486.jpg,0,7,2,FALSE,2,6,A1PSM37VZXC2KB,19020,32.37,2024/4/16,18:29:51,3UUIU9GZDOP4BWXVY1WY7NUGK6LT5R,FALSE
4711238,Delphinium_nuttallianum,9007301,302469,https://crowdcurio-experiment-images.s3.amazonaws.com/Delphinium_nuttallianum/images/Delphinium_nuttallianum.4711238.jpg,0,20,0,FALSE,2,7,A1PSM37VZXC2KB,19020,37.85,2024/4/16,18:30:30,3UUIU9GZDOP4BWXVY1WY7NUGK6LT5R,FALSE
4746470,Delphinium_nuttallianum,9007313,302491,https://crowdcurio-experiment-images.s3.amazonaws.com/Delphinium_nuttallianum/images/Delphinium_nuttallianum.4746470.jpg,0,8,6,FALSE,5,7,A2XVFL6QU6HY11,19427,67.53,2024/4/16,18:30:32,3UUIU9GZDOP4BWXVY1WY7NUGK6LT5R,FALSE
4746086,Delphinium_nuttallianum,9007413,302489,https://crowdcurio-experiment-images.s3.amazonaws.com/Delphinium_nuttallianum/images/Delphinium_nuttallianum.4746086.jpg,0,2,3,FALSE,2,8,A1PSM37VZXC2KB,19020,13.52,2024/4/16,18:30:45,3UUIU9GZDOP4BWXVY1WY7NUGK6LT5R,FALSE
4750556,Delphinium_nuttallianum,9007641,302502,https://crowdcurio-experiment-images.s3.amazonaws.com/Delphinium_nuttallianum/images/Delphinium_nuttallianum.4750556.jpg,0,8,3,TRUE,5,8,A2XVFL6QU6HY11,19427,39.47,2024/4/16,18:31:13,3UUIU9GZDOP4BWXVY1WY7NUGK6LT5R,FALSE
4745956,Delphinium_nuttallianum,9007663,302487,https://crowdcurio-experiment-images.s3.amazonaws.com/Delphinium_nuttallianum/images/Delphinium_nuttallianum.4745956.jpg,0,7,7,FALSE,2,9,A1PSM37VZXC2KB,19020,29.08,2024/4/16,18:31:16,3UUIU9GZDOP4BWXVY1WY7NUGK6LT5R,FALSE
4745985,Delphinium_nuttallianum,9007867,302488,https://crowdcurio-experiment-images.s3.amazonaws.com/Delphinium_nuttallianum/images/Delphinium_nuttallianum.4745985.jpg,0,20,0,FALSE,2,10,A1PSM37VZXC2KB,19020,24.34,2024/4/16,18:31:41,3UUIU9GZDOP4BWXVY1WY7NUGK6LT5R,FALSE
4746656,Delphinium_nuttallianum,9008065,302492,https://crowdcurio-experiment-images.s3.amazonaws.com/Delphinium_nuttallianum/images/Delphinium_nuttallianum.4746656.jpg,0,3,15,FALSE,5,9,A2XVFL6QU6HY11,19427,49.16,2024/4/16,18:32:07,3UUIU9GZDOP4BWXVY1WY7NUGK6LT5R,FALSE
4709308,Delphinium_nuttallianum,9008168,302464,https://crowdcurio-experiment-images.s3.amazonaws.com/Delphinium_nuttallianum/images/Delphinium_nuttallianum.4709308.jpg,0,12,0,FALSE,3,1,A1PSM37VZXC2KB,19020,23.49,2024/4/16,18:32:22,3UUIU9GZDOP4BWXVY1WY7NUGK6LT5R,FALSE
4750254,Delphinium_nuttallianum,9008380,302499,https://crowdcurio-experiment-images.s3.amazonaws.com/Delphinium_nuttallianum/images/Delphinium_nuttallianum.4750254.jpg,0,7,5,FALSE,5,10,A2XVFL6QU6HY11,19427,32.51,2024/4/16,18:32:44,3UUIU9GZDOP4BWXVY1WY7NUGK6LT5R,FALSE
4707170,Delphinium_nuttallianum,9008344,302459,https://crowdcurio-experiment-images.s3.amazonaws.com/Delphinium_nuttallianum/images/Delphinium_nuttallianum.4707170.jpg,0,10,1,FALSE,3,2,A1PSM37VZXC2KB,19020,17.48,2024/4/16,18:32:40,3UUIU9GZDOP4BWXVY1WY7NUGK6LT5R,FALSE
4709170,Delphinium_nuttallianum,9008475,302463,https://crowdcurio-experiment-images.s3.amazonaws.com/Delphinium_nuttallianum/images/Delphinium_nuttallianum.4709170.jpg,0,5,2,FALSE,3,3,A1PSM37VZXC2KB,19020,14.48,2024/4/16,18:32:56,3UUIU9GZDOP4BWXVY1WY7NUGK6LT5R,FALSE
4706221,Delphinium_nuttallianum,9008580,302457,https://crowdcurio-experiment-images.s3.amazonaws.com/Delphinium_nuttallianum/images/Delphinium_nuttallianum.4706221.jpg,0,7,0,FALSE,3,4,A1PSM37VZXC2KB,19020,15.6,2024/4/16,18:33:13,3UUIU9GZDOP4BWXVY1WY7NUGK6LT5R,FALSE
4709309,Delphinium_nuttallianum,9008735,302465,https://crowdcurio-experiment-images.s3.amazonaws.com/Delphinium_nuttallianum/images/Delphinium_nuttallianum.4709309.jpg,0,3,3,FALSE,3,5,A1PSM37VZXC2KB,19020,18.33,2024/4/16,18:33:33,3UUIU9GZDOP4BWXVY1WY7NUGK6LT5R,FALSE
4709308,Delphinium_nuttallianum,9008934,302464,https://crowdcurio-experiment-images.s3.amazonaws.com/Delphinium_nuttallianum/images/Delphinium_nuttallianum.4709308.jpg,0,10,1,TRUE,3,6,A1PSM37VZXC2KB,19020,27.02,2024/4/16,18:34:01,3UUIU9GZDOP4BWXVY1WY7NUGK6LT5R,FALSE
4707384,Delphinium_nuttallianum,9009149,302462,https://crowdcurio-experiment-images.s3.amazonaws.com/Delphinium_nuttallianum/images/Delphinium_nuttallianum.4707384.jpg,0,14,2,FALSE,3,7,A1PSM37VZXC2KB,19020,31.66,2024/4/16,18:34:34,3UUIU9GZDOP4BWXVY1WY7NUGK6LT5R,FALSE
4707118,Delphinium_nuttallianum,9009254,302458,https://crowdcurio-experiment-images.s3.amazonaws.com/Delphinium_nuttallianum/images/Delphinium_nuttallianum.4707118.jpg,0,9,0,FALSE,3,8,A1PSM37VZXC2KB,19020,16.72,2024/4/16,18:34:52,3UUIU9GZDOP4BWXVY1WY7NUGK6LT5R,FALSE
4707195,Delphinium_nuttallianum,9009397,302460,https://crowdcurio-experiment-images.s3.amazonaws.com/Delphinium_nuttallianum/images/Delphinium_nuttallianum.4707195.jpg,0,5,0,FALSE,3,9,A1PSM37VZXC2KB,19020,19.77,2024/4/16,18:35:13,3UUIU9GZDOP4BWXVY1WY7NUGK6LT5R,FALSE
4707329,Delphinium_nuttallianum,9009541,302461,https://crowdcurio-experiment-images.s3.amazonaws.com/Delphinium_nuttallianum/images/Delphinium_nuttallianum.4707329.jpg,0,9,2,FALSE,3,10,A1PSM37VZXC2KB,19020,21.38,2024/4/16,18:35:36,3UUIU9GZDOP4BWXVY1WY7NUGK6LT5R,FALSE
4701181,Delphinium_nuttallianum,9009887,302446,https://crowdcurio-experiment-images.s3.amazonaws.com/Delphinium_nuttallianum/images/Delphinium_nuttallianum.4701181.jpg,0,9,3,FALSE,4,1,A1PSM37VZXC2KB,19020,35.07,2024/4/16,18:36:27,3UUIU9GZDOP4BWXVY1WY7NUGK6LT5R,FALSE
4702348,Delphinium_nuttallianum,9010035,302454,https://crowdcurio-experiment-images.s3.amazonaws.com/Delphinium_nuttallianum/images/Delphinium_nuttallianum.4702348.jpg,0,5,3,FALSE,4,2,A1PSM37VZXC2KB,19020,19.43,2024/4/16,18:36:48,3UUIU9GZDOP4BWXVY1WY7NUGK6LT5R,FALSE
4702078,Delphinium_nuttallianum,9010189,302452,https://crowdcurio-experiment-images.s3.amazonaws.com/Delphinium_nuttallianum/images/Delphinium_nuttallianum.4702078.jpg,0,8,0,FALSE,4,3,A1PSM37VZXC2KB,19020,19.43,2024/4/16,18:37:09,3UUIU9GZDOP4BWXVY1WY7NUGK6LT5R,FALSE
4701181,Delphinium_nuttallianum,9010402,302446,https://crowdcurio-experiment-images.s3.amazonaws.com/Delphinium_nuttallianum/images/Delphinium_nuttallianum.4701181.jpg,0,8,4,TRUE,4,4,A1PSM37VZXC2KB,19020,29.71,2024/4/16,18:37:40,3UUIU9GZDOP4BWXVY1WY7NUGK6LT5R,FALSE
4702008,Delphinium_nuttallianum,9010587,302449,https://crowdcurio-experiment-images.s3.amazonaws.com/Delphinium_nuttallianum/images/Delphinium_nuttallianum.4702008.jpg,0,15,0,FALSE,4,5,A1PSM37VZXC2KB,19020,25.38,2024/4/16,18:38:07,3UUIU9GZDOP4BWXVY1WY7NUGK6LT5R,FALSE
4701213,Delphinium_nuttallianum,9010799,302447,https://crowdcurio-experiment-images.s3.amazonaws.com/Delphinium_nuttallianum/images/Delphinium_nuttallianum.4701213.jpg,0,0,16,FALSE,4,6,A1PSM37VZXC2KB,19020,25.32,2024/4/16,18:38:33,3UUIU9GZDOP4BWXVY1WY7NUGK6LT5R,FALSE
4702616,Delphinium_nuttallianum,9010922,302456,https://crowdcurio-experiment-images.s3.amazonaws.com/Delphinium_nuttallianum/images/Delphinium_nuttallianum.4702616.jpg,0,9,0,FALSE,4,7,A1PSM37VZXC2KB,19020,16.39,2024/4/16,18:38:51,3UUIU9GZDOP4BWXVY1WY7NUGK6LT5R,FALSE
4702429,Delphinium_nuttallianum,9011052,302455,https://crowdcurio-experiment-images.s3.amazonaws.com/Delphinium_nuttallianum/images/Delphinium_nuttallianum.4702429.jpg,0,3,7,FALSE,4,8,A1PSM37VZXC2KB,19020,18.42,2024/4/16,18:39:11,3UUIU9GZDOP4BWXVY1WY7NUGK6LT5R,FALSE
4702074,Delphinium_nuttallianum,9011247,302451,https://crowdcurio-experiment-images.s3.amazonaws.com/Delphinium_nuttallianum/images/Delphinium_nuttallianum.4702074.jpg,0,11,0,FALSE,4,9,A1PSM37VZXC2KB,19020,20.51,2024/4/16,18:39:33,3UUIU9GZDOP4BWXVY1WY7NUGK6LT5R,FALSE
4701712,Delphinium_nuttallianum,9011369,302448,https://crowdcurio-experiment-images.s3.amazonaws.com/Delphinium_nuttallianum/images/Delphinium_nuttallianum.4701712.jpg,0,6,0,FALSE,4,10,A1PSM37VZXC2KB,19020,18.19,2024/4/16,18:39:52,3UUIU9GZDOP4BWXVY1WY7NUGK6LT5R,FALSE
4700469,Delphinium_nuttallianum,9011621,302443,https://crowdcurio-experiment-images.s3.amazonaws.com/Delphinium_nuttallianum/images/Delphinium_nuttallianum.4700469.jpg,0,3,1,FALSE,5,1,A1PSM37VZXC2KB,19020,19.54,2024/4/16,18:40:29,3UUIU9GZDOP4BWXVY1WY7NUGK6LT5R,FALSE
4699018,Delphinium_nuttallianum,9011721,302440,https://crowdcurio-experiment-images.s3.amazonaws.com/Delphinium_nuttallianum/images/Delphinium_nuttallianum.4699018.jpg,0,8,0,FALSE,5,2,A1PSM37VZXC2KB,19020,14.27,2024/4/16,18:40:44,3UUIU9GZDOP4BWXVY1WY7NUGK6LT5R,FALSE
4697836,Delphinium_nuttallianum,9011811,302437,https://crowdcurio-experiment-images.s3.amazonaws.com/Delphinium_nuttallianum/images/Delphinium_nuttallianum.4697836.jpg,0,5,0,FALSE,5,3,A1PSM37VZXC2KB,19020,9.94,2024/4/16,18:40:55,3UUIU9GZDOP4BWXVY1WY7NUGK6LT5R,FALSE
4700432,Delphinium_nuttallianum,9011963,302442,https://crowdcurio-experiment-images.s3.amazonaws.com/Delphinium_nuttallianum/images/Delphinium_nuttallianum.4700432.jpg,0,11,0,FALSE,5,4,A1PSM37VZXC2KB,19020,21.26,2024/4/16,18:41:18,3UUIU9GZDOP4BWXVY1WY7NUGK6LT5R,FALSE
4697574,Delphinium_nuttallianum,9012021,302436,https://crowdcurio-experiment-images.s3.amazonaws.com/Delphinium_nuttallianum/images/Delphinium_nuttallianum.4697574.jpg,0,4,0,FALSE,5,5,A1PSM37VZXC2KB,19020,8.87,2024/4/16,18:41:28,3UUIU9GZDOP4BWXVY1WY7NUGK6LT5R,FALSE
4701117,Delphinium_nuttallianum,9012066,302445,https://crowdcurio-experiment-images.s3.amazonaws.com/Delphinium_nuttallianum/images/Delphinium_nuttallianum.4701117.jpg,0,4,0,FALSE,5,6,A1PSM37VZXC2KB,19020,7.48,2024/4/16,18:41:37,3UUIU9GZDOP4BWXVY1WY7NUGK6LT5R,FALSE
4700272,Delphinium_nuttallianum,9012141,302441,https://crowdcurio-experiment-images.s3.amazonaws.com/Delphinium_nuttallianum/images/Delphinium_nuttallianum.4700272.jpg,0,6,0,FALSE,5,7,A1PSM37VZXC2KB,19020,11.01,2024/4/16,18:41:49,3UUIU9GZDOP4BWXVY1WY7NUGK6LT5R,FALSE
4700877,Delphinium_nuttallianum,9012197,302444,https://crowdcurio-experiment-images.s3.amazonaws.com/Delphinium_nuttallianum/images/Delphinium_nuttallianum.4700877.jpg,0,3,0,FALSE,5,8,A1PSM37VZXC2KB,19020,8.6,2024/4/16,18:41:59,3UUIU9GZDOP4BWXVY1WY7NUGK6LT5R,FALSE
4700432,Delphinium_nuttallianum,9012336,302442,https://crowdcurio-experiment-images.s3.amazonaws.com/Delphinium_nuttallianum/images/Delphinium_nuttallianum.4700432.jpg,0,9,0,TRUE,5,9,A1PSM37VZXC2KB,19020,25.18,2024/4/16,18:42:25,3UUIU9GZDOP4BWXVY1WY7NUGK6LT5R,FALSE
4698584,Delphinium_nuttallianum,9012464,302439,https://crowdcurio-experiment-images.s3.amazonaws.com/Delphinium_nuttallianum/images/Delphinium_nuttallianum.4698584.jpg,0,8,0,FALSE,5,10,A1PSM37VZXC2KB,19020,19.5,2024/4/16,18:42:46,3UUIU9GZDOP4BWXVY1WY7NUGK6LT5R,FALSE
4697036,Delphinium_nuttallianum,9012677,302433,https://crowdcurio-experiment-images.s3.amazonaws.com/Delphinium_nuttallianum/images/Delphinium_nuttallianum.4697036.jpg,0,10,0,FALSE,6,1,A1PSM37VZXC2KB,19020,21.16,2024/4/16,18:43:21,3UUIU9GZDOP4BWXVY1WY7NUGK6LT5R,FALSE
4696863,Delphinium_nuttallianum,9012767,302432,https://crowdcurio-experiment-images.s3.amazonaws.com/Delphinium_nuttallianum/images/Delphinium_nuttallianum.4696863.jpg,0,9,0,FALSE,6,2,A1PSM37VZXC2KB,19020,17.72,2024/4/16,18:43:40,3UUIU9GZDOP4BWXVY1WY7NUGK6LT5R,FALSE
4697155,Delphinium_nuttallianum,9012879,302434,https://crowdcurio-experiment-images.s3.amazonaws.com/Delphinium_nuttallianum/images/Delphinium_nuttallianum.4697155.jpg,0,5,0,FALSE,6,3,A1PSM37VZXC2KB,19020,20.18,2024/4/16,18:44:02,3UUIU9GZDOP4BWXVY1WY7NUGK6LT5R,FALSE
4696537,Delphinium_nuttallianum,9012976,302431,https://crowdcurio-experiment-images.s3.amazonaws.com/Delphinium_nuttallianum/images/Delphinium_nuttallianum.4696537.jpg,0,11,0,FALSE,6,4,A1PSM37VZXC2KB,19020,14.78,2024/4/16,18:44:18,3UUIU9GZDOP4BWXVY1WY7NUGK6LT5R,FALSE
4697190,Delphinium_nuttallianum,9013086,302435,https://crowdcurio-experiment-images.s3.amazonaws.com/Delphinium_nuttallianum/images/Delphinium_nuttallianum.4697190.jpg,0,5,0,FALSE,6,5,A1PSM37VZXC2KB,19020,13.23,2024/4/16,18:44:33,3UUIU9GZDOP4BWXVY1WY7NUGK6LT5R,FALSE
4696015,Delphinium_nuttallianum,9013230,302429,https://crowdcurio-experiment-images.s3.amazonaws.com/Delphinium_nuttallianum/images/Delphinium_nuttallianum.4696015.jpg,0,6,0,FALSE,6,6,A1PSM37VZXC2KB,19020,14.95,2024/4/16,18:44:49,3UUIU9GZDOP4BWXVY1WY7NUGK6LT5R,FALSE
4697190,Delphinium_nuttallianum,9013350,302435,https://crowdcurio-experiment-images.s3.amazonaws.com/Delphinium_nuttallianum/images/Delphinium_nuttallianum.4697190.jpg,0,6,0,TRUE,6,7,A1PSM37VZXC2KB,19020,12.86,2024/4/16,18:45:03,3UUIU9GZDOP4BWXVY1WY7NUGK6LT5R,FALSE
4696041,Delphinium_nuttallianum,9013468,302430,https://crowdcurio-experiment-images.s3.amazonaws.com/Delphinium_nuttallianum/images/Delphinium_nuttallianum.4696041.jpg,0,7,1,FALSE,6,8,A1PSM37VZXC2KB,19020,18.81,2024/4/16,18:45:23,3UUIU9GZDOP4BWXVY1WY7NUGK6LT5R,FALSE
1700068,Delphinium_nuttallianum,9013659,302257,https://crowdcurio-experiment-images.s3.amazonaws.com/Delphinium_nuttallianum/images/Delphinium_nuttallianum.1700068.jpg,0,9,9,FALSE,6,9,A1PSM37VZXC2KB,19020,25.19,2024/4/16,18:45:49,3UUIU9GZDOP4BWXVY1WY7NUGK6LT5R,FALSE
1700109,Delphinium_nuttallianum,9013879,302258,https://crowdcurio-experiment-images.s3.amazonaws.com/Delphinium_nuttallianum/images/Delphinium_nuttallianum.1700109.jpg,0,11,0,FALSE,6,10,A1PSM37VZXC2KB,19020,22.48,2024/4/16,18:46:13,3UUIU9GZDOP4BWXVY1WY7NUGK6LT5R,FALSE
1686201,Delphinium_nuttallianum,9014081,302255,https://crowdcurio-experiment-images.s3.amazonaws.com/Delphinium_nuttallianum/images/Delphinium_nuttallianum.1686201.jpg,0,4,0,FALSE,7,1,A1PSM37VZXC2KB,19020,12.62,2024/4/16,18:46:41,3UUIU9GZDOP4BWXVY1WY7NUGK6LT5R,FALSE
22080389,Delphinium_nuttallianum,9014208,302833,https://crowdcurio-experiment-images.s3.amazonaws.com/Delphinium_nuttallianum/images/Delphinium_nuttallianum.22080389.jpg,0,0,9,FALSE,7,2,A1PSM37VZXC2KB,19020,15.15,2024/4/16,18:46:58,3UUIU9GZDOP4BWXVY1WY7NUGK6LT5R,FALSE
1685897,Delphinium_nuttallianum,9014302,302254,https://crowdcurio-experiment-images.s3.amazonaws.com/Delphinium_nuttallianum/images/Delphinium_nuttallianum.1685897.jpg,0,4,0,FALSE,7,3,A1PSM37VZXC2KB,19020,12.7,2024/4/16,18:47:12,3UUIU9GZDOP4BWXVY1WY7NUGK6LT5R,FALSE
1682194,Delphinium_nuttallianum,9014455,302253,https://crowdcurio-experiment-images.s3.amazonaws.com/Delphinium_nuttallianum/images/Delphinium_nuttallianum.1682194.jpg,0,4,0,FALSE,7,4,A1PSM37VZXC2KB,19020,14.06,2024/4/16,18:47:27,3UUIU9GZDOP4BWXVY1WY7NUGK6LT5R,FALSE
22074265,Delphinium_nuttallianum,9014610,302832,https://crowdcurio-experiment-images.s3.amazonaws.com/Delphinium_nuttallianum/images/Delphinium_nuttallianum.22074265.jpg,0,8,0,FALSE,7,5,A1PSM37VZXC2KB,19020,17.15,2024/4/16,18:47:46,3UUIU9GZDOP4BWXVY1WY7NUGK6LT5R,FALSE
1681827,Delphinium_nuttallianum,9014798,302251,https://crowdcurio-experiment-images.s3.amazonaws.com/Delphinium_nuttallianum/images/Delphinium_nuttallianum.1681827.jpg,0,3,5,FALSE,7,6,A1PSM37VZXC2KB,19020,19.41,2024/4/16,18:48:06,3UUIU9GZDOP4BWXVY1WY7NUGK6LT5R,FALSE
23991972,Delphinium_nuttallianum,9015036,302834,https://crowdcurio-experiment-images.s3.amazonaws.com/Delphinium_nuttallianum/images/Delphinium_nuttallianum.23991972.jpg,0,19,0,FALSE,7,7,A1PSM37VZXC2KB,19020,26.8,2024/4/16,18:48:34,3UUIU9GZDOP4BWXVY1WY7NUGK6LT5R,FALSE
1686436,Delphinium_nuttallianum,9015123,302256,https://crowdcurio-experiment-images.s3.amazonaws.com/Delphinium_nuttallianum/images/Delphinium_nuttallianum.1686436.jpg,0,2,0,FALSE,7,8,A1PSM37VZXC2KB,19020,9.77,2024/4/16,18:48:45,3UUIU9GZDOP4BWXVY1WY7NUGK6LT5R,FALSE
22080389,Delphinium_nuttallianum,9015433,302833,https://crowdcurio-experiment-images.s3.amazonaws.com/Delphinium_nuttallianum/images/Delphinium_nuttallianum.22080389.jpg,0,0,10,TRUE,7,9,A1PSM37VZXC2KB,19020,35.89,2024/4/16,18:49:22,3UUIU9GZDOP4BWXVY1WY7NUGK6LT5R,FALSE
1681898,Delphinium_nuttallianum,9015776,302252,https://crowdcurio-experiment-images.s3.amazonaws.com/Delphinium_nuttallianum/images/Delphinium_nuttallianum.1681898.jpg,2,6,0,FALSE,7,10,A1PSM37VZXC2KB,19020,41.47,2024/4/16,18:50:05,3UUIU9GZDOP4BWXVY1WY7NUGK6LT5R,FALSE
21980455,Delphinium_nuttallianum,9016472,302827,https://crowdcurio-experiment-images.s3.amazonaws.com/Delphinium_nuttallianum/images/Delphinium_nuttallianum.21980455.jpg,0,3,0,FALSE,8,1,A1PSM37VZXC2KB,19020,69.91,2024/4/16,18:51:32,3UUIU9GZDOP4BWXVY1WY7NUGK6LT5R,FALSE
21348924,Delphinium_nuttallianum,9016618,302809,https://crowdcurio-experiment-images.s3.amazonaws.com/Delphinium_nuttallianum/images/Delphinium_nuttallianum.21348924.jpg,2,2,0,FALSE,8,2,A1PSM37VZXC2KB,19020,20.51,2024/4/16,18:51:54,3UUIU9GZDOP4BWXVY1WY7NUGK6LT5R,FALSE
22064603,Delphinium_nuttallianum,9016958,302830,https://crowdcurio-experiment-images.s3.amazonaws.com/Delphinium_nuttallianum/images/Delphinium_nuttallianum.22064603.jpg,2,3,0,FALSE,8,3,A1PSM37VZXC2KB,19020,37.58,2024/4/16,18:52:33,3UUIU9GZDOP4BWXVY1WY7NUGK6LT5R,FALSE
21348910,Delphinium_nuttallianum,9017100,302808,https://crowdcurio-experiment-images.s3.amazonaws.com/Delphinium_nuttallianum/images/Delphinium_nuttallianum.21348910.jpg,1,5,0,FALSE,8,4,A1PSM37VZXC2KB,19020,20.91,2024/4/16,18:52:55,3UUIU9GZDOP4BWXVY1WY7NUGK6LT5R,FALSE
21980455,Delphinium_nuttallianum,9017256,302827,https://crowdcurio-experiment-images.s3.amazonaws.com/Delphinium_nuttallianum/images/Delphinium_nuttallianum.21980455.jpg,0,3,0,TRUE,8,5,A1PSM37VZXC2KB,19020,20.15,2024/4/16,18:53:16,3UUIU9GZDOP4BWXVY1WY7NUGK6LT5R,FALSE
21348925,Delphinium_nuttallianum,9017681,302810,https://crowdcurio-experiment-images.s3.amazonaws.com/Delphinium_nuttallianum/images/Delphinium_nuttallianum.21348925.jpg,2,18,0,FALSE,8,6,A1PSM37VZXC2KB,19020,45.86,2024/4/16,18:54:04,3UUIU9GZDOP4BWXVY1WY7NUGK6LT5R,FALSE
21348927,Delphinium_nuttallianum,9017964,302811,https://crowdcurio-experiment-images.s3.amazonaws.com/Delphinium_nuttallianum/images/Delphinium_nuttallianum.21348927.jpg,1,6,0,FALSE,8,7,A1PSM37VZXC2KB,19020,30.7,2024/4/16,18:54:36,3UUIU9GZDOP4BWXVY1WY7NUGK6LT5R,FALSE
22073191,Delphinium_nuttallianum,9018165,302831,https://crowdcurio-experiment-images.s3.amazonaws.com/Delphinium_nuttallianum/images/Delphinium_nuttallianum.22073191.jpg,0,8,0,FALSE,8,8,A1PSM37VZXC2KB,19020,19.61,2024/4/16,18:54:57,3UUIU9GZDOP4BWXVY1WY7NUGK6LT5R,FALSE
21348929,Delphinium_nuttallianum,9018437,302812,https://crowdcurio-experiment-images.s3.amazonaws.com/Delphinium_nuttallianum/images/Delphinium_nuttallianum.21348929.jpg,2,11,0,FALSE,8,9,A1PSM37VZXC2KB,19020,27.21,2024/4/16,18:55:25,3UUIU9GZDOP4BWXVY1WY7NUGK6LT5R,FALSE
22045070,Delphinium_nuttallianum,9018672,302829,https://crowdcurio-experiment-images.s3.amazonaws.com/Delphinium_nuttallianum/images/Delphinium_nuttallianum.22045070.jpg,0,5,0,FALSE,8,10,A1PSM37VZXC2KB,19020,21.12,2024/4/16,18:55:48,3UUIU9GZDOP4BWXVY1WY7NUGK6LT5R,FALSE
19826063,Delphinium_nuttallianum,9048592,302771,https://crowdcurio-experiment-images.s3.amazonaws.com/Delphinium_nuttallianum/images/Delphinium_nuttallianum.19826063.jpg,0,5,0,FALSE,1,1,A7J6KLUP8ZRU9,19619,46.72,2024/4/16,19:58:41,3UUIU9GZDOP4BWXVY1WY7NUGK6LT5R,FALSE
16924953,Delphinium_nuttallianum,9049104,302763,https://crowdcurio-experiment-images.s3.amazonaws.com/Delphinium_nuttallianum/images/Delphinium_nuttallianum.16924953.jpg,0,10,4,FALSE,1,2,A7J6KLUP8ZRU9,19619,70.53,2024/4/16,20:00:58,3UUIU9GZDOP4BWXVY1WY7NUGK6LT5R,FALSE
19988651,Delphinium_nuttallianum,9049176,302775,https://crowdcurio-experiment-images.s3.amazonaws.com/Delphinium_nuttallianum/images/Delphinium_nuttallianum.19988651.jpg,0,10,2,FALSE,1,3,A7J6KLUP8ZRU9,19619,20.15,2024/4/16,20:02:03,3UUIU9GZDOP4BWXVY1WY7NUGK6LT5R,FALSE
19826061,Delphinium_nuttallianum,9049336,302770,https://crowdcurio-experiment-images.s3.amazonaws.com/Delphinium_nuttallianum/images/Delphinium_nuttallianum.19826061.jpg,0,5,4,FALSE,1,4,A7J6KLUP8ZRU9,19619,33.06,2024/4/16,20:02:45,3UUIU9GZDOP4BWXVY1WY7NUGK6LT5R,FALSE
19803363,Delphinium_nuttallianum,9049455,302768,https://crowdcurio-experiment-images.s3.amazonaws.com/Delphinium_nuttallianum/images/Delphinium_nuttallianum.19803363.jpg,0,11,2,FALSE,1,5,A7J6KLUP8ZRU9,19619,20.41,2024/4/16,20:03:10,3UUIU9GZDOP4BWXVY1WY7NUGK6LT5R,FALSE
16906638,Delphinium_nuttallianum,9049878,302762,https://crowdcurio-experiment-images.s3.amazonaws.com/Delphinium_nuttallianum/images/Delphinium_nuttallianum.16906638.jpg,0,11,10,FALSE,1,6,A7J6KLUP8ZRU9,19619,86.38,2024/4/16,20:04:42,3UUIU9GZDOP4BWXVY1WY7NUGK6LT5R,FALSE
19804022,Delphinium_nuttallianum,9050080,302769,https://crowdcurio-experiment-images.s3.amazonaws.com/Delphinium_nuttallianum/images/Delphinium_nuttallianum.19804022.jpg,0,9,5,FALSE,1,7,A7J6KLUP8ZRU9,19619,25.72,2024/4/16,20:05:18,3UUIU9GZDOP4BWXVY1WY7NUGK6LT5R,FALSE
19987655,Delphinium_nuttallianum,9050258,302773,https://crowdcurio-experiment-images.s3.amazonaws.com/Delphinium_nuttallianum/images/Delphinium_nuttallianum.19987655.jpg,0,8,0,FALSE,1,8,A7J6KLUP8ZRU9,19619,22.42,2024/4/16,20:05:46,3UUIU9GZDOP4BWXVY1WY7NUGK6LT5R,FALSE
16924953,Delphinium_nuttallianum,9050435,302763,https://crowdcurio-experiment-images.s3.amazonaws.com/Delphinium_nuttallianum/images/Delphinium_nuttallianum.16924953.jpg,0,15,6,TRUE,1,9,A7J6KLUP8ZRU9,19619,30.79,2024/4/16,20:06:19,3UUIU9GZDOP4BWXVY1WY7NUGK6LT5R,FALSE
19988289,Delphinium_nuttallianum,9050584,302774,https://crowdcurio-experiment-images.s3.amazonaws.com/Delphinium_nuttallianum/images/Delphinium_nuttallianum.19988289.jpg,0,11,0,FALSE,1,10,A7J6KLUP8ZRU9,19619,20.04,2024/4/16,20:06:59,3UUIU9GZDOP4BWXVY1WY7NUGK6LT5R,FALSE
13825248,Delphinium_nuttallianum,9052448,302723,https://crowdcurio-experiment-images.s3.amazonaws.com/Delphinium_nuttallianum/images/Delphinium_nuttallianum.13825248.jpg,0,15,4,FALSE,1,1,A31UH0A9NEL2XF,20842,54.22,2024/4/16,20:15:54,3UUIU9GZDOP4BWXVY1WY7NUGK6LT5R,FALSE
14678438,Delphinium_nuttallianum,9052537,302725,https://crowdcurio-experiment-images.s3.amazonaws.com/Delphinium_nuttallianum/images/Delphinium_nuttallianum.14678438.jpg,0,7,0,FALSE,1,2,A31UH0A9NEL2XF,20842,21.92,2024/4/16,20:16:17,3UUIU9GZDOP4BWXVY1WY7NUGK6LT5R,FALSE
14723437,Delphinium_nuttallianum,9052591,302727,https://crowdcurio-experiment-images.s3.amazonaws.com/Delphinium_nuttallianum/images/Delphinium_nuttallianum.14723437.jpg,0,7,0,FALSE,1,3,A31UH0A9NEL2XF,20842,14.5,2024/4/16,20:16:33,3UUIU9GZDOP4BWXVY1WY7NUGK6LT5R,FALSE
13825172,Delphinium_nuttallianum,9052671,302720,https://crowdcurio-experiment-images.s3.amazonaws.com/Delphinium_nuttallianum/images/Delphinium_nuttallianum.13825172.jpg,0,14,0,FALSE,1,4,A31UH0A9NEL2XF,20842,17.69,2024/4/16,20:16:53,3UUIU9GZDOP4BWXVY1WY7NUGK6LT5R,FALSE
13825216,Delphinium_nuttallianum,9052745,302722,https://crowdcurio-experiment-images.s3.amazonaws.com/Delphinium_nuttallianum/images/Delphinium_nuttallianum.13825216.jpg,0,10,0,FALSE,1,5,A31UH0A9NEL2XF,20842,16.51,2024/4/16,20:17:12,3UUIU9GZDOP4BWXVY1WY7NUGK6LT5R,FALSE
14800632,Delphinium_nuttallianum,9052811,302729,https://crowdcurio-experiment-images.s3.amazonaws.com/Delphinium_nuttallianum/images/Delphinium_nuttallianum.14800632.jpg,0,5,0,FALSE,1,6,A31UH0A9NEL2XF,20842,12.02,2024/4/16,20:17:29,3UUIU9GZDOP4BWXVY1WY7NUGK6LT5R,FALSE
14722509,Delphinium_nuttallianum,9052931,302726,https://crowdcurio-experiment-images.s3.amazonaws.com/Delphinium_nuttallianum/images/Delphinium_nuttallianum.14722509.jpg,0,5,0,FALSE,1,7,A31UH0A9NEL2XF,20842,25.15,2024/4/16,20:17:56,3UUIU9GZDOP4BWXVY1WY7NUGK6LT5R,FALSE
14723437,Delphinium_nuttallianum,9052989,302727,https://crowdcurio-experiment-images.s3.amazonaws.com/Delphinium_nuttallianum/images/Delphinium_nuttallianum.14723437.jpg,0,4,0,TRUE,1,8,A31UH0A9NEL2XF,20842,12.37,2024/4/16,20:18:09,3UUIU9GZDOP4BWXVY1WY7NUGK6LT5R,FALSE
14730990,Delphinium_nuttallianum,9053045,302728,https://crowdcurio-experiment-images.s3.amazonaws.com/Delphinium_nuttallianum/images/Delphinium_nuttallianum.14730990.jpg,0,5,0,FALSE,1,9,A31UH0A9NEL2XF,20842,10.7,2024/4/16,20:18:22,3UUIU9GZDOP4BWXVY1WY7NUGK6LT5R,FALSE
14291964,Delphinium_nuttallianum,9053137,302724,https://crowdcurio-experiment-images.s3.amazonaws.com/Delphinium_nuttallianum/images/Delphinium_nuttallianum.14291964.jpg,0,10,0,FALSE,1,10,A31UH0A9NEL2XF,20842,16.64,2024/4/16,20:18:41,3UUIU9GZDOP4BWXVY1WY7NUGK6LT5R,FALSE
13824795,Delphinium_nuttallianum,,302710,https://crowdcurio-experiment-images.s3.amazonaws.com/Delphinium_nuttallianum/images/Delphinium_nuttallianum.13824795.jpg,0,1,0,FALSE,1,5,A1B593GKOGRVYK,21829,0,,,,FALSE
1675462,Delphinium_nuttallianum,9065319,302248,https://crowdcurio-experiment-images.s3.amazonaws.com/Delphinium_nuttallianum/images/Delphinium_nuttallianum.1675462.jpg,0,40,0,FALSE,1,1,AS89H43OYXL5B,19101,37.91,2024/4/16,21:04:56,3UUIU9GZDOP4BWXVY1WY7NUGK6LT5R,FALSE
13823426,Delphinium_nuttallianum,9065483,302687,https://crowdcurio-experiment-images.s3.amazonaws.com/Delphinium_nuttallianum/images/Delphinium_nuttallianum.13823426.jpg,0,2,13,FALSE,1,2,AS89H43OYXL5B,19101,33.6,2024/4/16,21:05:34,3UUIU9GZDOP4BWXVY1WY7NUGK6LT5R,FALSE
1665790,Delphinium_nuttallianum,9065713,302243,https://crowdcurio-experiment-images.s3.amazonaws.com/Delphinium_nuttallianum/images/Delphinium_nuttallianum.1665790.jpg,0,10,1,FALSE,1,3,AS89H43OYXL5B,19101,46.7,2024/4/16,21:06:26,3UUIU9GZDOP4BWXVY1WY7NUGK6LT5R,FALSE
13823427,Delphinium_nuttallianum,9066153,302688,https://crowdcurio-experiment-images.s3.amazonaws.com/Delphinium_nuttallianum/images/Delphinium_nuttallianum.13823427.jpg,0,35,0,FALSE,1,4,AS89H43OYXL5B,19101,81.18,2024/4/16,21:07:54,3UUIU9GZDOP4BWXVY1WY7NUGK6LT5R,FALSE
1665790,Delphinium_nuttallianum,9066317,302243,https://crowdcurio-experiment-images.s3.amazonaws.com/Delphinium_nuttallianum/images/Delphinium_nuttallianum.1665790.jpg,0,12,1,TRUE,1,5,AS89H43OYXL5B,19101,25.12,2024/4/16,21:08:21,3UUIU9GZDOP4BWXVY1WY7NUGK6LT5R,FALSE
1670896,Delphinium_nuttallianum,9066710,302245,https://crowdcurio-experiment-images.s3.amazonaws.com/Delphinium_nuttallianum/images/Delphinium_nuttallianum.1670896.jpg,0,17,0,FALSE,1,6,AS89H43OYXL5B,19101,79.61,2024/4/16,21:09:50,3UUIU9GZDOP4BWXVY1WY7NUGK6LT5R,FALSE
1668474,Delphinium_nuttallianum,9066837,302244,https://crowdcurio-experiment-images.s3.amazonaws.com/Delphinium_nuttallianum/images/Delphinium_nuttallianum.1668474.jpg,0,15,0,FALSE,1,7,AS89H43OYXL5B,19101,25.79,2024/4/16,21:10:21,3UUIU9GZDOP4BWXVY1WY7NUGK6LT5R,FALSE
1674043,Delphinium_nuttallianum,9066960,302246,https://crowdcurio-experiment-images.s3.amazonaws.com/Delphinium_nuttallianum/images/Delphinium_nuttallianum.1674043.jpg,0,19,0,FALSE,1,8,AS89H43OYXL5B,19101,20.73,2024/4/16,21:10:52,3UUIU9GZDOP4BWXVY1WY7NUGK6LT5R,FALSE
13823428,Delphinium_nuttallianum,9067142,302689,https://crowdcurio-experiment-images.s3.amazonaws.com/Delphinium_nuttallianum/images/Delphinium_nuttallianum.13823428.jpg,3,13,0,FALSE,1,9,AS89H43OYXL5B,19101,26.68,2024/4/16,21:11:24,3UUIU9GZDOP4BWXVY1WY7NUGK6LT5R,FALSE
1675425,Delphinium_nuttallianum,9067470,302247,https://crowdcurio-experiment-images.s3.amazonaws.com/Delphinium_nuttallianum/images/Delphinium_nuttallianum.1675425.jpg,0,23,0,FALSE,1,10,AS89H43OYXL5B,19101,43.28,2024/4/16,21:12:17,3UUIU9GZDOP4BWXVY1WY7NUGK6LT5R,FALSE
1665158,Delphinium_nuttallianum,9069956,302242,https://crowdcurio-experiment-images.s3.amazonaws.com/Delphinium_nuttallianum/images/Delphinium_nuttallianum.1665158.jpg,2,22,2,FALSE,1,5,AU4PTX44URN8D,22692,29.46,2024/4/16,21:27:37,3UUIU9GZDOP4BWXVY1WY7NUGK6LT5R,FALSE
1663751,Delphinium_nuttallianum,9069659,302241,https://crowdcurio-experiment-images.s3.amazonaws.com/Delphinium_nuttallianum/images/Delphinium_nuttallianum.1663751.jpg,0,8,2,FALSE,1,1,AU4PTX44URN8D,22692,19.73,2024/4/16,21:26:33,3UUIU9GZDOP4BWXVY1WY7NUGK6LT5R,FALSE
1661222,Delphinium_nuttallianum,9069804,302240,https://crowdcurio-experiment-images.s3.amazonaws.com/Delphinium_nuttallianum/images/Delphinium_nuttallianum.1661222.jpg,0,0,5,FALSE,1,2,AU4PTX44URN8D,22692,31.66,2024/4/16,21:27:06,3UUIU9GZDOP4BWXVY1WY7NUGK6LT5R,FALSE
1661120,Delphinium_nuttallianum,9070078,302239,https://crowdcurio-experiment-images.s3.amazonaws.com/Delphinium_nuttallianum/images/Delphinium_nuttallianum.1661120.jpg,0,8,2,FALSE,1,4,AU4PTX44URN8D,22692,31.07,2024/4/16,21:28:10,3UUIU9GZDOP4BWXVY1WY7NUGK6LT5R,FALSE
1633352,Delphinium_nuttallianum,9070146,302217,https://crowdcurio-experiment-images.s3.amazonaws.com/Delphinium_nuttallianum/images/Delphinium_nuttallianum.1633352.jpg,0,5,3,FALSE,1,5,AU4PTX44URN8D,22692,18.15,2024/4/16,21:28:30,3UUIU9GZDOP4BWXVY1WY7NUGK6LT5R,FALSE
1631419,Delphinium_nuttallianum,9070299,302216,https://crowdcurio-experiment-images.s3.amazonaws.com/Delphinium_nuttallianum/images/Delphinium_nuttallianum.1631419.jpg,0,11,10,FALSE,1,6,AU4PTX44URN8D,22692,33.44,2024/4/16,21:29:04,3UUIU9GZDOP4BWXVY1WY7NUGK6LT5R,FALSE
1641162,Delphinium_nuttallianum,9070395,302219,https://crowdcurio-experiment-images.s3.amazonaws.com/Delphinium_nuttallianum/images/Delphinium_nuttallianum.1641162.jpg,0,11,2,FALSE,1,7,AU4PTX44URN8D,22692,26.87,2024/4/16,21:29:32,3UUIU9GZDOP4BWXVY1WY7NUGK6LT5R,FALSE
1661120,Delphinium_nuttallianum,9070914,302239,https://crowdcurio-experiment-images.s3.amazonaws.com/Delphinium_nuttallianum/images/Delphinium_nuttallianum.1661120.jpg,0,9,2,TRUE,1,8,AU4PTX44URN8D,22692,124.97,2024/4/16,21:31:38,3UUIU9GZDOP4BWXVY1WY7NUGK6LT5R,FALSE
1638273,Delphinium_nuttallianum,9071614,302218,https://crowdcurio-experiment-images.s3.amazonaws.com/Delphinium_nuttallianum/images/Delphinium_nuttallianum.1638273.jpg,6,0,0,FALSE,1,9,AU4PTX44URN8D,22692,141.48,2024/4/16,21:34:01,3UUIU9GZDOP4BWXVY1WY7NUGK6LT5R,FALSE
1660593,Delphinium_nuttallianum,9071688,302238,https://crowdcurio-experiment-images.s3.amazonaws.com/Delphinium_nuttallianum/images/Delphinium_nuttallianum.1660593.jpg,0,10,0,FALSE,1,10,AU4PTX44URN8D,22692,17.35,2024/4/16,21:34:19,3UUIU9GZDOP4BWXVY1WY7NUGK6LT5R,FALSE
1609272,Delphinium_nuttallianum,9074102,302172,https://crowdcurio-experiment-images.s3.amazonaws.com/Delphinium_nuttallianum/images/Delphinium_nuttallianum.1609272.jpg,0,7,1,FALSE,1,1,AONSG5WOC3OX0,17609,136.17,2024/4/16,21:45:01,3UUIU9GZDOP4BWXVY1WY7NUGK6LT5R,FALSE
1617332,Delphinium_nuttallianum,9074294,302199,https://crowdcurio-experiment-images.s3.amazonaws.com/Delphinium_nuttallianum/images/Delphinium_nuttallianum.1617332.jpg,1,21,0,FALSE,1,2,AONSG5WOC3OX0,17609,47.38,2024/4/16,21:45:50,3UUIU9GZDOP4BWXVY1WY7NUGK6LT5R,FALSE
1617190,Delphinium_nuttallianum,9074531,302196,https://crowdcurio-experiment-images.s3.amazonaws.com/Delphinium_nuttallianum/images/Delphinium_nuttallianum.1617190.jpg,0,22,0,FALSE,1,3,AONSG5WOC3OX0,17609,55.57,2024/4/16,21:46:46,3UUIU9GZDOP4BWXVY1WY7NUGK6LT5R,FALSE
1609325,Delphinium_nuttallianum,9074711,302173,https://crowdcurio-experiment-images.s3.amazonaws.com/Delphinium_nuttallianum/images/Delphinium_nuttallianum.1609325.jpg,0,8,2,FALSE,1,4,AONSG5WOC3OX0,17609,42,2024/4/16,21:47:30,3UUIU9GZDOP4BWXVY1WY7NUGK6LT5R,FALSE
1617277,Delphinium_nuttallianum,9074861,302198,https://crowdcurio-experiment-images.s3.amazonaws.com/Delphinium_nuttallianum/images/Delphinium_nuttallianum.1617277.jpg,9,9,0,FALSE,1,5,AONSG5WOC3OX0,17609,39.64,2024/4/16,21:48:11,3UUIU9GZDOP4BWXVY1WY7NUGK6LT5R,FALSE
1617688,Delphinium_nuttallianum,9075060,302200,https://crowdcurio-experiment-images.s3.amazonaws.com/Delphinium_nuttallianum/images/Delphinium_nuttallianum.1617688.jpg,9,7,0,FALSE,1,6,AONSG5WOC3OX0,17609,51.74,2024/4/16,21:49:03,3UUIU9GZDOP4BWXVY1WY7NUGK6LT5R,FALSE
1609146,Delphinium_nuttallianum,9075198,302170,https://crowdcurio-experiment-images.s3.amazonaws.com/Delphinium_nuttallianum/images/Delphinium_nuttallianum.1609146.jpg,1,7,1,FALSE,1,7,AONSG5WOC3OX0,17609,40.6,2024/4/16,21:49:46,3UUIU9GZDOP4BWXVY1WY7NUGK6LT5R,FALSE
1617124,Delphinium_nuttallianum,9075271,302195,https://crowdcurio-experiment-images.s3.amazonaws.com/Delphinium_nuttallianum/images/Delphinium_nuttallianum.1617124.jpg,3,4,0,FALSE,1,8,AONSG5WOC3OX0,17609,22.59,2024/4/16,21:50:10,3UUIU9GZDOP4BWXVY1WY7NUGK6LT5R,FALSE
1617190,Delphinium_nuttallianum,9075464,302196,https://crowdcurio-experiment-images.s3.amazonaws.com/Delphinium_nuttallianum/images/Delphinium_nuttallianum.1617190.jpg,3,20,0,TRUE,1,9,AONSG5WOC3OX0,17609,48.27,2024/4/16,21:51:03,3UUIU9GZDOP4BWXVY1WY7NUGK6LT5R,FALSE
1609206,Delphinium_nuttallianum,9075632,302171,https://crowdcurio-experiment-images.s3.amazonaws.com/Delphinium_nuttallianum/images/Delphinium_nuttallianum.1609206.jpg,2,3,8,FALSE,1,10,AONSG5WOC3OX0,17609,45.24,2024/4/16,21:51:49,3UUIU9GZDOP4BWXVY1WY7NUGK6LT5R,FALSE
1605462,Delphinium_nuttallianum,9076292,302165,https://crowdcurio-experiment-images.s3.amazonaws.com/Delphinium_nuttallianum/images/Delphinium_nuttallianum.1605462.jpg,2,8,3,FALSE,2,1,AONSG5WOC3OX0,17609,155.33,2024/4/16,21:54:43,3UUIU9GZDOP4BWXVY1WY7NUGK6LT5R,FALSE
1539821,Delphinium_nuttallianum,9076479,302138,https://crowdcurio-experiment-images.s3.amazonaws.com/Delphinium_nuttallianum/images/Delphinium_nuttallianum.1539821.jpg,2,11,1,FALSE,2,2,AONSG5WOC3OX0,17609,45.56,2024/4/16,21:55:30,3UUIU9GZDOP4BWXVY1WY7NUGK6LT5R,FALSE
1557027,Delphinium_nuttallianum,9076695,302140,https://crowdcurio-experiment-images.s3.amazonaws.com/Delphinium_nuttallianum/images/Delphinium_nuttallianum.1557027.jpg,0,11,6,FALSE,2,3,AONSG5WOC3OX0,17609,54.7,2024/4/16,21:56:26,3UUIU9GZDOP4BWXVY1WY7NUGK6LT5R,FALSE
1609076,Delphinium_nuttallianum,9076799,302169,https://crowdcurio-experiment-images.s3.amazonaws.com/Delphinium_nuttallianum/images/Delphinium_nuttallianum.1609076.jpg,0,6,2,FALSE,2,4,AONSG5WOC3OX0,17609,26.28,2024/4/16,21:56:53,3UUIU9GZDOP4BWXVY1WY7NUGK6LT5R,FALSE
1605754,Delphinium_nuttallianum,9077009,302166,https://crowdcurio-experiment-images.s3.amazonaws.com/Delphinium_nuttallianum/images/Delphinium_nuttallianum.1605754.jpg,0,19,2,FALSE,2,5,AONSG5WOC3OX0,17609,62.8,2024/4/16,21:57:57,3UUIU9GZDOP4BWXVY1WY7NUGK6LT5R,FALSE
1608705,Delphinium_nuttallianum,9077081,302167,https://crowdcurio-experiment-images.s3.amazonaws.com/Delphinium_nuttallianum/images/Delphinium_nuttallianum.1608705.jpg,1,6,0,FALSE,2,6,AONSG5WOC3OX0,17609,18.18,2024/4/16,21:58:17,3UUIU9GZDOP4BWXVY1WY7NUGK6LT5R,FALSE
1608935,Delphinium_nuttallianum,9077191,302168,https://crowdcurio-experiment-images.s3.amazonaws.com/Delphinium_nuttallianum/images/Delphinium_nuttallianum.1608935.jpg,0,6,2,FALSE,2,7,AONSG5WOC3OX0,17609,25.71,2024/4/16,21:58:43,3UUIU9GZDOP4BWXVY1WY7NUGK6LT5R,FALSE
1557330,Delphinium_nuttallianum,9077305,302141,https://crowdcurio-experiment-images.s3.amazonaws.com/Delphinium_nuttallianum/images/Delphinium_nuttallianum.1557330.jpg,0,4,4,FALSE,2,8,AONSG5WOC3OX0,17609,26.97,2024/4/16,21:59:16,3UUIU9GZDOP4BWXVY1WY7NUGK6LT5R,FALSE
1546017,Delphinium_nuttallianum,9077495,302139,https://crowdcurio-experiment-images.s3.amazonaws.com/Delphinium_nuttallianum/images/Delphinium_nuttallianum.1546017.jpg,4,7,5,FALSE,2,9,AONSG5WOC3OX0,17609,47.36,2024/4/16,22:00:07,3UUIU9GZDOP4BWXVY1WY7NUGK6LT5R,FALSE
1608705,Delphinium_nuttallianum,9077603,302167,https://crowdcurio-experiment-images.s3.amazonaws.com/Delphinium_nuttallianum/images/Delphinium_nuttallianum.1608705.jpg,1,6,0,TRUE,2,10,AONSG5WOC3OX0,17609,24.11,2024/4/16,22:00:34,3UUIU9GZDOP4BWXVY1WY7NUGK6LT5R,FALSE
1338026,Delphinium_nuttallianum,9102592,302099,https://crowdcurio-experiment-images.s3.amazonaws.com/Delphinium_nuttallianum/images/Delphinium_nuttallianum.1338026.jpg,0,9,1,FALSE,1,1,A3FJ63E3IYRWMS,20410,230.46,2024/4/16,23:22:22,3UUIU9GZDOP4BWXVY1WY7NUGK6LT5R,FALSE
3231385,Delphinium_nuttallianum,9102885,302403,https://crowdcurio-experiment-images.s3.amazonaws.com/Delphinium_nuttallianum/images/Delphinium_nuttallianum.3231385.jpg,4,21,0,FALSE,1,2,A3FJ63E3IYRWMS,20410,60.14,2024/4/16,23:23:24,3UUIU9GZDOP4BWXVY1WY7NUGK6LT5R,FALSE
1338998,Delphinium_nuttallianum,9103023,302100,https://crowdcurio-experiment-images.s3.amazonaws.com/Delphinium_nuttallianum/images/Delphinium_nuttallianum.1338998.jpg,0,8,7,FALSE,1,3,A3FJ63E3IYRWMS,20410,43.08,2024/4/16,23:24:08,3UUIU9GZDOP4BWXVY1WY7NUGK6LT5R,FALSE
1336971,Delphinium_nuttallianum,9103166,302097,https://crowdcurio-experiment-images.s3.amazonaws.com/Delphinium_nuttallianum/images/Delphinium_nuttallianum.1336971.jpg,0,6,2,FALSE,1,4,A3FJ63E3IYRWMS,20410,40.19,2024/4/16,23:24:50,3UUIU9GZDOP4BWXVY1WY7NUGK6LT5R,FALSE
1337128,Delphinium_nuttallianum,9103259,302098,https://crowdcurio-experiment-images.s3.amazonaws.com/Delphinium_nuttallianum/images/Delphinium_nuttallianum.1337128.jpg,0,4,2,FALSE,1,5,A3FJ63E3IYRWMS,20410,24.24,2024/4/16,23:25:23,3UUIU9GZDOP4BWXVY1WY7NUGK6LT5R,FALSE
3231383,Delphinium_nuttallianum,9103712,302401,https://crowdcurio-experiment-images.s3.amazonaws.com/Delphinium_nuttallianum/images/Delphinium_nuttallianum.3231383.jpg,1,15,0,FALSE,1,6,A3FJ63E3IYRWMS,20410,125.3,2024/4/16,23:27:30,3UUIU9GZDOP4BWXVY1WY7NUGK6LT5R,FALSE
1402455,Delphinium_nuttallianum,9103840,302119,https://crowdcurio-experiment-images.s3.amazonaws.com/Delphinium_nuttallianum/images/Delphinium_nuttallianum.1402455.jpg,6,7,0,FALSE,1,7,A3FJ63E3IYRWMS,20410,48.87,2024/4/16,23:28:20,3UUIU9GZDOP4BWXVY1WY7NUGK6LT5R,FALSE
1336971,Delphinium_nuttallianum,9103934,302097,https://crowdcurio-experiment-images.s3.amazonaws.com/Delphinium_nuttallianum/images/Delphinium_nuttallianum.1336971.jpg,0,3,2,TRUE,1,8,A3FJ63E3IYRWMS,20410,39.18,2024/4/16,23:29:00,3UUIU9GZDOP4BWXVY1WY7NUGK6LT5R,FALSE
3231384,Delphinium_nuttallianum,9104071,302402,https://crowdcurio-experiment-images.s3.amazonaws.com/Delphinium_nuttallianum/images/Delphinium_nuttallianum.3231384.jpg,0,10,0,FALSE,1,9,A3FJ63E3IYRWMS,20410,48.84,2024/4/16,23:29:51,3UUIU9GZDOP4BWXVY1WY7NUGK6LT5R,FALSE
3231382,Delphinium_nuttallianum,9104593,302400,https://crowdcurio-experiment-images.s3.amazonaws.com/Delphinium_nuttallianum/images/Delphinium_nuttallianum.3231382.jpg,0,11,12,FALSE,1,10,A3FJ63E3IYRWMS,20410,119.5,2024/4/16,23:31:51,3UUIU9GZDOP4BWXVY1WY7NUGK6LT5R,FALSE
3226451,Delphinium_nuttallianum,9108256,302397,https://crowdcurio-experiment-images.s3.amazonaws.com/Delphinium_nuttallianum/images/Delphinium_nuttallianum.3226451.jpg,5,12,0,FALSE,1,1,AWBIFOUGSSLYA,19725,53.16,2024/4/16,23:48:16,3UUIU9GZDOP4BWXVY1WY7NUGK6LT5R,FALSE
3103501,Delphinium_nuttallianum,9116525,302390,https://crowdcurio-experiment-images.s3.amazonaws.com/Delphinium_nuttallianum/images/Delphinium_nuttallianum.3103501.jpg,3,11,3,FALSE,1,1,A1PLBQ3LANDLOE,20640,29.51,2024/4/17,0:27:55,3UUIU9GZDOP4BWXVY1WY7NUGK6LT5R,FALSE
3047682,Delphinium_nuttallianum,9116691,302375,https://crowdcurio-experiment-images.s3.amazonaws.com/Delphinium_nuttallianum/images/Delphinium_nuttallianum.3047682.jpg,0,19,0,FALSE,1,2,A1PLBQ3LANDLOE,20640,31.11,2024/4/17,0:28:30,3UUIU9GZDOP4BWXVY1WY7NUGK6LT5R,FALSE
3037283,Delphinium_nuttallianum,9125227,302344,https://crowdcurio-experiment-images.s3.amazonaws.com/Delphinium_nuttallianum/images/Delphinium_nuttallianum.3037283.jpg,0,9,0,FALSE,1,1,A20H0LCW0XQ7MP,22798,25.04,2024/4/17,0:58:56,3UUIU9GZDOP4BWXVY1WY7NUGK6LT5R,FALSE
3043104,Delphinium_nuttallianum,9125330,302349,https://crowdcurio-experiment-images.s3.amazonaws.com/Delphinium_nuttallianum/images/Delphinium_nuttallianum.3043104.jpg,0,13,0,FALSE,1,2,A20H0LCW0XQ7MP,22798,23.27,2024/4/17,0:59:21,3UUIU9GZDOP4BWXVY1WY7NUGK6LT5R,FALSE
3039081,Delphinium_nuttallianum,9125382,302347,https://crowdcurio-experiment-images.s3.amazonaws.com/Delphinium_nuttallianum/images/Delphinium_nuttallianum.3039081.jpg,1,6,0,FALSE,1,3,A20H0LCW0XQ7MP,22798,15.79,2024/4/17,0:59:39,3UUIU9GZDOP4BWXVY1WY7NUGK6LT5R,FALSE
3043823,Delphinium_nuttallianum,9125452,302350,https://crowdcurio-experiment-images.s3.amazonaws.com/Delphinium_nuttallianum/images/Delphinium_nuttallianum.3043823.jpg,0,8,10,FALSE,1,4,A20H0LCW0XQ7MP,22798,18.14,2024/4/17,1:00:02,3UUIU9GZDOP4BWXVY1WY7NUGK6LT5R,FALSE
3043824,Delphinium_nuttallianum,9125496,302351,https://crowdcurio-experiment-images.s3.amazonaws.com/Delphinium_nuttallianum/images/Delphinium_nuttallianum.3043824.jpg,0,6,0,FALSE,1,5,A20H0LCW0XQ7MP,22798,10.43,2024/4/17,1:00:14,3UUIU9GZDOP4BWXVY1WY7NUGK6LT5R,FALSE
3037311,Delphinium_nuttallianum,9125537,302345,https://crowdcurio-experiment-images.s3.amazonaws.com/Delphinium_nuttallianum/images/Delphinium_nuttallianum.3037311.jpg,0,7,0,FALSE,1,6,A20H0LCW0XQ7MP,22798,10.59,2024/4/17,1:00:27,3UUIU9GZDOP4BWXVY1WY7NUGK6LT5R,FALSE
3037283,Delphinium_nuttallianum,9125585,302344,https://crowdcurio-experiment-images.s3.amazonaws.com/Delphinium_nuttallianum/images/Delphinium_nuttallianum.3037283.jpg,0,13,0,TRUE,1,7,A20H0LCW0XQ7MP,22798,16.52,2024/4/17,1:00:44,3UUIU9GZDOP4BWXVY1WY7NUGK6LT5R,FALSE
3038678,Delphinium_nuttallianum,9125660,302346,https://crowdcurio-experiment-images.s3.amazonaws.com/Delphinium_nuttallianum/images/Delphinium_nuttallianum.3038678.jpg,12,4,0,FALSE,1,8,A20H0LCW0XQ7MP,22798,18.69,2024/4/17,1:01:05,3UUIU9GZDOP4BWXVY1WY7NUGK6LT5R,FALSE
3040427,Delphinium_nuttallianum,9125724,302348,https://crowdcurio-experiment-images.s3.amazonaws.com/Delphinium_nuttallianum/images/Delphinium_nuttallianum.3040427.jpg,0,14,0,FALSE,1,9,A20H0LCW0XQ7MP,22798,14.52,2024/4/17,1:01:21,3UUIU9GZDOP4BWXVY1WY7NUGK6LT5R,FALSE
3030331,Delphinium_nuttallianum,9125757,302343,https://crowdcurio-experiment-images.s3.amazonaws.com/Delphinium_nuttallianum/images/Delphinium_nuttallianum.3030331.jpg,0,3,0,FALSE,1,10,A20H0LCW0XQ7MP,22798,7.11,2024/4/17,1:01:30,3UUIU9GZDOP4BWXVY1WY7NUGK6LT5R,FALSE
2818245,Delphinium_nuttallianum,9152417,302299,https://crowdcurio-experiment-images.s3.amazonaws.com/Delphinium_nuttallianum/images/Delphinium_nuttallianum.2818245.jpg,13,20,0,FALSE,1,1,A8YFSTWD17EBR,19214,83.36,2024/4/17,2:59:11,3UUIU9GZDOP4BWXVY1WY7NUGK6LT5R,FALSE
2815398,Delphinium_nuttallianum,9152505,302295,https://crowdcurio-experiment-images.s3.amazonaws.com/Delphinium_nuttallianum/images/Delphinium_nuttallianum.2815398.jpg,0,9,3,FALSE,1,2,A8YFSTWD17EBR,19214,29.07,2024/4/17,2:59:42,3UUIU9GZDOP4BWXVY1WY7NUGK6LT5R,FALSE
2815153,Delphinium_nuttallianum,9152643,302293,https://crowdcurio-experiment-images.s3.amazonaws.com/Delphinium_nuttallianum/images/Delphinium_nuttallianum.2815153.jpg,11,13,0,FALSE,1,3,A8YFSTWD17EBR,19214,38.94,2024/4/17,3:00:23,3UUIU9GZDOP4BWXVY1WY7NUGK6LT5R,FALSE
2815154,Delphinium_nuttallianum,9152718,302294,https://crowdcurio-experiment-images.s3.amazonaws.com/Delphinium_nuttallianum/images/Delphinium_nuttallianum.2815154.jpg,1,15,0,FALSE,1,4,A8YFSTWD17EBR,19214,19.69,2024/4/17,3:00:47,3UUIU9GZDOP4BWXVY1WY7NUGK6LT5R,FALSE
2815420,Delphinium_nuttallianum,9152788,302296,https://crowdcurio-experiment-images.s3.amazonaws.com/Delphinium_nuttallianum/images/Delphinium_nuttallianum.2815420.jpg,2,2,1,FALSE,1,5,A8YFSTWD17EBR,19214,16.24,2024/4/17,3:01:05,3UUIU9GZDOP4BWXVY1WY7NUGK6LT5R,FALSE
2815546,Delphinium_nuttallianum,9152905,302298,https://crowdcurio-experiment-images.s3.amazonaws.com/Delphinium_nuttallianum/images/Delphinium_nuttallianum.2815546.jpg,4,16,0,FALSE,1,6,A8YFSTWD17EBR,19214,38.92,2024/4/17,3:01:46,3UUIU9GZDOP4BWXVY1WY7NUGK6LT5R,FALSE
2815501,Delphinium_nuttallianum,9153029,302297,https://crowdcurio-experiment-images.s3.amazonaws.com/Delphinium_nuttallianum/images/Delphinium_nuttallianum.2815501.jpg,0,9,9,FALSE,1,7,A8YFSTWD17EBR,19214,26.32,2024/4/17,3:02:14,3UUIU9GZDOP4BWXVY1WY7NUGK6LT5R,FALSE
2815153,Delphinium_nuttallianum,9153220,302293,https://crowdcurio-experiment-images.s3.amazonaws.com/Delphinium_nuttallianum/images/Delphinium_nuttallianum.2815153.jpg,14,15,0,TRUE,1,8,A8YFSTWD17EBR,19214,44.23,2024/4/17,3:02:59,3UUIU9GZDOP4BWXVY1WY7NUGK6LT5R,FALSE
2814861,Delphinium_nuttallianum,9153481,302292,https://crowdcurio-experiment-images.s3.amazonaws.com/Delphinium_nuttallianum/images/Delphinium_nuttallianum.2814861.jpg,18,42,2,FALSE,1,9,A8YFSTWD17EBR,19214,68.3,2024/4/17,3:04:10,3UUIU9GZDOP4BWXVY1WY7NUGK6LT5R,FALSE
2818247,Delphinium_nuttallianum,9153566,302300,https://crowdcurio-experiment-images.s3.amazonaws.com/Delphinium_nuttallianum/images/Delphinium_nuttallianum.2818247.jpg,2,11,4,FALSE,1,10,A8YFSTWD17EBR,19214,25.99,2024/4/17,3:04:39,3UUIU9GZDOP4BWXVY1WY7NUGK6LT5R,FALSE
2813616,Delphinium_nuttallianum,9154881,302283,https://crowdcurio-experiment-images.s3.amazonaws.com/Delphinium_nuttallianum/images/Delphinium_nuttallianum.2813616.jpg,0,13,0,FALSE,1,1,A3E2MG579BYBLA,22651,58.41,2024/4/17,3:11:43,3UUIU9GZDOP4BWXVY1WY7NUGK6LT5R,FALSE
2813879,Delphinium_nuttallianum,9155092,302284,https://crowdcurio-experiment-images.s3.amazonaws.com/Delphinium_nuttallianum/images/Delphinium_nuttallianum.2813879.jpg,0,9,2,FALSE,1,2,A3E2MG579BYBLA,22651,52.19,2024/4/17,3:12:36,3UUIU9GZDOP4BWXVY1WY7NUGK6LT5R,FALSE
2814418,Delphinium_nuttallianum,9155370,302286,https://crowdcurio-experiment-images.s3.amazonaws.com/Delphinium_nuttallianum/images/Delphinium_nuttallianum.2814418.jpg,0,13,8,FALSE,1,3,A3E2MG579BYBLA,22651,97.18,2024/4/17,3:14:15,3UUIU9GZDOP4BWXVY1WY7NUGK6LT5R,FALSE
2814673,Delphinium_nuttallianum,9155678,302289,https://crowdcurio-experiment-images.s3.amazonaws.com/Delphinium_nuttallianum/images/Delphinium_nuttallianum.2814673.jpg,0,21,3,FALSE,1,4,A3E2MG579BYBLA,22651,93.09,2024/4/17,3:15:49,3UUIU9GZDOP4BWXVY1WY7NUGK6LT5R,FALSE
2811490,Delphinium_nuttallianum,9155798,302281,https://crowdcurio-experiment-images.s3.amazonaws.com/Delphinium_nuttallianum/images/Delphinium_nuttallianum.2811490.jpg,0,6,0,FALSE,1,5,A3E2MG579BYBLA,22651,29.07,2024/4/17,3:16:19,3UUIU9GZDOP4BWXVY1WY7NUGK6LT5R,FALSE
2813879,Delphinium_nuttallianum,9155970,302284,https://crowdcurio-experiment-images.s3.amazonaws.com/Delphinium_nuttallianum/images/Delphinium_nuttallianum.2813879.jpg,0,10,0,TRUE,1,6,A3E2MG579BYBLA,22651,50.13,2024/4/17,3:17:11,3UUIU9GZDOP4BWXVY1WY7NUGK6LT5R,FALSE
2813510,Delphinium_nuttallianum,9156383,302282,https://crowdcurio-experiment-images.s3.amazonaws.com/Delphinium_nuttallianum/images/Delphinium_nuttallianum.2813510.jpg,0,14,21,FALSE,1,7,A3E2MG579BYBLA,22651,119.38,2024/4/17,3:19:12,3UUIU9GZDOP4BWXVY1WY7NUGK6LT5R,FALSE
2814417,Delphinium_nuttallianum,9156506,302285,https://crowdcurio-experiment-images.s3.amazonaws.com/Delphinium_nuttallianum/images/Delphinium_nuttallianum.2814417.jpg,0,5,2,FALSE,1,8,A3E2MG579BYBLA,22651,48,2024/4/17,3:20:01,3UUIU9GZDOP4BWXVY1WY7NUGK6LT5R,FALSE
2814833,Delphinium_nuttallianum,9156631,302291,https://crowdcurio-experiment-images.s3.amazonaws.com/Delphinium_nuttallianum/images/Delphinium_nuttallianum.2814833.jpg,0,8,2,FALSE,1,9,A3E2MG579BYBLA,22651,31.2,2024/4/17,3:20:34,3UUIU9GZDOP4BWXVY1WY7NUGK6LT5R,FALSE
2814677,Delphinium_nuttallianum,9156832,302290,https://crowdcurio-experiment-images.s3.amazonaws.com/Delphinium_nuttallianum/images/Delphinium_nuttallianum.2814677.jpg,0,10,0,FALSE,1,10,A3E2MG579BYBLA,22651,42.31,2024/4/17,3:21:17,3UUIU9GZDOP4BWXVY1WY7NUGK6LT5R,FALSE
530454,Delphinium_nuttallianum,9168358,302019,https://crowdcurio-experiment-images.s3.amazonaws.com/Delphinium_nuttallianum/images/Delphinium_nuttallianum.530454.jpg,0,10,2,FALSE,1,1,A26K9G49Q287W,19140,37.43,2024/4/17,4:03:31,3UUIU9GZDOP4BWXVY1WY7NUGK6LT5R,FALSE
524799,Delphinium_nuttallianum,9168434,302013,https://crowdcurio-experiment-images.s3.amazonaws.com/Delphinium_nuttallianum/images/Delphinium_nuttallianum.524799.jpg,0,9,0,FALSE,1,2,A26K9G49Q287W,19140,13.41,2024/4/17,4:03:46,3UUIU9GZDOP4BWXVY1WY7NUGK6LT5R,FALSE
1129690,Delphinium_nuttallianum,9168530,302021,https://crowdcurio-experiment-images.s3.amazonaws.com/Delphinium_nuttallianum/images/Delphinium_nuttallianum.1129690.jpg,0,7,4,FALSE,1,3,A26K9G49Q287W,19140,19.17,2024/4/17,4:04:07,3UUIU9GZDOP4BWXVY1WY7NUGK6LT5R,FALSE
525212,Delphinium_nuttallianum,9168611,302015,https://crowdcurio-experiment-images.s3.amazonaws.com/Delphinium_nuttallianum/images/Delphinium_nuttallianum.525212.jpg,0,5,1,FALSE,1,4,A26K9G49Q287W,19140,19.95,2024/4/17,4:04:28,3UUIU9GZDOP4BWXVY1WY7NUGK6LT5R,FALSE
529696,Delphinium_nuttallianum,9168679,302017,https://crowdcurio-experiment-images.s3.amazonaws.com/Delphinium_nuttallianum/images/Delphinium_nuttallianum.529696.jpg,0,7,2,FALSE,1,5,A26K9G49Q287W,19140,15.52,2024/4/17,4:04:45,3UUIU9GZDOP4BWXVY1WY7NUGK6LT5R,FALSE
524895,Delphinium_nuttallianum,9168882,302014,https://crowdcurio-experiment-images.s3.amazonaws.com/Delphinium_nuttallianum/images/Delphinium_nuttallianum.524895.jpg,0,21,14,FALSE,1,6,A26K9G49Q287W,19140,37.69,2024/4/17,4:05:25,3UUIU9GZDOP4BWXVY1WY7NUGK6LT5R,FALSE
525212,Delphinium_nuttallianum,9168950,302015,https://crowdcurio-experiment-images.s3.amazonaws.com/Delphinium_nuttallianum/images/Delphinium_nuttallianum.525212.jpg,0,6,1,TRUE,1,7,A26K9G49Q287W,19140,14.33,2024/4/17,4:05:41,3UUIU9GZDOP4BWXVY1WY7NUGK6LT5R,FALSE
523511,Delphinium_nuttallianum,9169139,302012,https://crowdcurio-experiment-images.s3.amazonaws.com/Delphinium_nuttallianum/images/Delphinium_nuttallianum.523511.jpg,0,0,22,FALSE,1,8,A26K9G49Q287W,19140,39.11,2024/4/17,4:06:22,3UUIU9GZDOP4BWXVY1WY7NUGK6LT5R,FALSE
531236,Delphinium_nuttallianum,9169202,302020,https://crowdcurio-experiment-images.s3.amazonaws.com/Delphinium_nuttallianum/images/Delphinium_nuttallianum.531236.jpg,0,5,1,FALSE,1,9,A26K9G49Q287W,19140,14.15,2024/4/17,4:06:38,3UUIU9GZDOP4BWXVY1WY7NUGK6LT5R,FALSE
527832,Delphinium_nuttallianum,9169284,302016,https://crowdcurio-experiment-images.s3.amazonaws.com/Delphinium_nuttallianum/images/Delphinium_nuttallianum.527832.jpg,0,4,3,FALSE,1,10,A26K9G49Q287W,19140,17.88,2024/4/17,4:06:58,3UUIU9GZDOP4BWXVY1WY7NUGK6LT5R,FALSE
520245,Delphinium_nuttallianum,9169513,302002,https://crowdcurio-experiment-images.s3.amazonaws.com/Delphinium_nuttallianum/images/Delphinium_nuttallianum.520245.jpg,1,9,1,FALSE,2,1,A26K9G49Q287W,19140,39.47,2024/4/17,4:07:54,3UUIU9GZDOP4BWXVY1WY7NUGK6LT5R,FALSE
520735,Delphinium_nuttallianum,9169747,302007,https://crowdcurio-experiment-images.s3.amazonaws.com/Delphinium_nuttallianum/images/Delphinium_nuttallianum.520735.jpg,0,15,0,FALSE,2,2,A26K9G49Q287W,19140,46.68,2024/4/17,4:08:43,3UUIU9GZDOP4BWXVY1WY7NUGK6LT5R,FALSE
520669,Delphinium_nuttallianum,9170644,302006,https://crowdcurio-experiment-images.s3.amazonaws.com/Delphinium_nuttallianum/images/Delphinium_nuttallianum.520669.jpg,0,6,3,FALSE,2,3,A26K9G49Q287W,19140,202.74,2024/4/17,4:12:07,3UUIU9GZDOP4BWXVY1WY7NUGK6LT5R,FALSE
520418,Delphinium_nuttallianum,9170848,302005,https://crowdcurio-experiment-images.s3.amazonaws.com/Delphinium_nuttallianum/images/Delphinium_nuttallianum.520418.jpg,0,6,0,FALSE,2,4,A26K9G49Q287W,19140,36.95,2024/4/17,4:12:47,3UUIU9GZDOP4BWXVY1WY7NUGK6LT5R,FALSE
519999,Delphinium_nuttallianum,9170946,301999,https://crowdcurio-experiment-images.s3.amazonaws.com/Delphinium_nuttallianum/images/Delphinium_nuttallianum.519999.jpg,0,6,2,FALSE,2,5,A26K9G49Q287W,19140,15.46,2024/4/17,4:13:07,3UUIU9GZDOP4BWXVY1WY7NUGK6LT5R,FALSE
520250,Delphinium_nuttallianum,9171051,302004,https://crowdcurio-experiment-images.s3.amazonaws.com/Delphinium_nuttallianum/images/Delphinium_nuttallianum.520250.jpg,0,10,0,FALSE,2,6,A26K9G49Q287W,19140,12.85,2024/4/17,4:13:26,3UUIU9GZDOP4BWXVY1WY7NUGK6LT5R,FALSE
520739,Delphinium_nuttallianum,9171184,302008,https://crowdcurio-experiment-images.s3.amazonaws.com/Delphinium_nuttallianum/images/Delphinium_nuttallianum.520739.jpg,0,8,8,FALSE,2,7,A26K9G49Q287W,19140,18.86,2024/4/17,4:13:48,3UUIU9GZDOP4BWXVY1WY7NUGK6LT5R,FALSE
522459,Delphinium_nuttallianum,9171376,302010,https://crowdcurio-experiment-images.s3.amazonaws.com/Delphinium_nuttallianum/images/Delphinium_nuttallianum.522459.jpg,0,15,0,FALSE,2,8,A26K9G49Q287W,19140,38.36,2024/4/17,4:14:28,3UUIU9GZDOP4BWXVY1WY7NUGK6LT5R,FALSE
520131,Delphinium_nuttallianum,9171486,302001,https://crowdcurio-experiment-images.s3.amazonaws.com/Delphinium_nuttallianum/images/Delphinium_nuttallianum.520131.jpg,0,5,1,FALSE,2,9,A26K9G49Q287W,19140,15.78,2024/4/17,4:14:52,3UUIU9GZDOP4BWXVY1WY7NUGK6LT5R,FALSE
520739,Delphinium_nuttallianum,9171611,302008,https://crowdcurio-experiment-images.s3.amazonaws.com/Delphinium_nuttallianum/images/Delphinium_nuttallianum.520739.jpg,0,12,7,TRUE,2,10,A26K9G49Q287W,19140,21.92,2024/4/17,4:15:15,3UUIU9GZDOP4BWXVY1WY7NUGK6LT5R,FALSE
517386,Delphinium_nuttallianum,9171841,301995,https://crowdcurio-experiment-images.s3.amazonaws.com/Delphinium_nuttallianum/images/Delphinium_nuttallianum.517386.jpg,7,8,0,FALSE,3,1,A26K9G49Q287W,19140,25.75,2024/4/17,4:15:59,3UUIU9GZDOP4BWXVY1WY7NUGK6LT5R,FALSE
519574,Delphinium_nuttallianum,9171918,301998,https://crowdcurio-experiment-images.s3.amazonaws.com/Delphinium_nuttallianum/images/Delphinium_nuttallianum.519574.jpg,0,5,0,FALSE,3,2,A26K9G49Q287W,19140,9.51,2024/4/17,4:16:11,3UUIU9GZDOP4BWXVY1WY7NUGK6LT5R,FALSE
507793,Delphinium_nuttallianum,9172161,301990,https://crowdcurio-experiment-images.s3.amazonaws.com/Delphinium_nuttallianum/images/Delphinium_nuttallianum.507793.jpg,6,19,1,FALSE,3,3,A26K9G49Q287W,19140,39.27,2024/4/17,4:16:52,3UUIU9GZDOP4BWXVY1WY7NUGK6LT5R,FALSE
517312,Delphinium_nuttallianum,9172303,301994,https://crowdcurio-experiment-images.s3.amazonaws.com/Delphinium_nuttallianum/images/Delphinium_nuttallianum.517312.jpg,0,7,10,FALSE,3,4,A26K9G49Q287W,19140,24.63,2024/4/17,4:17:25,3UUIU9GZDOP4BWXVY1WY7NUGK6LT5R,FALSE
519294,Delphinium_nuttallianum,9172385,301996,https://crowdcurio-experiment-images.s3.amazonaws.com/Delphinium_nuttallianum/images/Delphinium_nuttallianum.519294.jpg,0,6,0,FALSE,3,5,A26K9G49Q287W,19140,10.96,2024/4/17,4:17:38,3UUIU9GZDOP4BWXVY1WY7NUGK6LT5R,FALSE
519574,Delphinium_nuttallianum,9172454,301998,https://crowdcurio-experiment-images.s3.amazonaws.com/Delphinium_nuttallianum/images/Delphinium_nuttallianum.519574.jpg,0,6,0,TRUE,3,6,A26K9G49Q287W,19140,10.61,2024/4/17,4:17:51,3UUIU9GZDOP4BWXVY1WY7NUGK6LT5R,FALSE
519389,Delphinium_nuttallianum,9172541,301997,https://crowdcurio-experiment-images.s3.amazonaws.com/Delphinium_nuttallianum/images/Delphinium_nuttallianum.519389.jpg,0,11,1,FALSE,3,7,A26K9G49Q287W,19140,16.09,2024/4/17,4:18:09,3UUIU9GZDOP4BWXVY1WY7NUGK6LT5R,FALSE
516183,Delphinium_nuttallianum,9172612,301992,https://crowdcurio-experiment-images.s3.amazonaws.com/Delphinium_nuttallianum/images/Delphinium_nuttallianum.516183.jpg,0,5,0,FALSE,3,8,A26K9G49Q287W,19140,12.92,2024/4/17,4:18:24,3UUIU9GZDOP4BWXVY1WY7NUGK6LT5R,FALSE
507789,Delphinium_nuttallianum,9172837,301988,https://crowdcurio-experiment-images.s3.amazonaws.com/Delphinium_nuttallianum/images/Delphinium_nuttallianum.507789.jpg,10,19,0,FALSE,3,9,A26K9G49Q287W,19140,49.25,2024/4/17,4:19:15,3UUIU9GZDOP4BWXVY1WY7NUGK6LT5R,FALSE
507795,Delphinium_nuttallianum,9173070,301991,https://crowdcurio-experiment-images.s3.amazonaws.com/Delphinium_nuttallianum/images/Delphinium_nuttallianum.507795.jpg,5,30,1,FALSE,3,10,A26K9G49Q287W,19140,60.52,2024/4/17,4:20:17,3UUIU9GZDOP4BWXVY1WY7NUGK6LT5R,FALSE
507748,Delphinium_nuttallianum,9173318,301972,https://crowdcurio-experiment-images.s3.amazonaws.com/Delphinium_nuttallianum/images/Delphinium_nuttallianum.507748.jpg,1,8,0,FALSE,4,1,A26K9G49Q287W,19140,33.26,2024/4/17,4:21:14,3UUIU9GZDOP4BWXVY1WY7NUGK6LT5R,FALSE
507783,Delphinium_nuttallianum,9173561,301985,https://crowdcurio-experiment-images.s3.amazonaws.com/Delphinium_nuttallianum/images/Delphinium_nuttallianum.507783.jpg,0,16,7,FALSE,4,2,A26K9G49Q287W,19140,49.55,2024/4/17,4:22:06,3UUIU9GZDOP4BWXVY1WY7NUGK6LT5R,FALSE
507742,Delphinium_nuttallianum,9173757,301968,https://crowdcurio-experiment-images.s3.amazonaws.com/Delphinium_nuttallianum/images/Delphinium_nuttallianum.507742.jpg,8,22,0,FALSE,4,3,A26K9G49Q287W,19140,41.44,2024/4/17,4:22:49,3UUIU9GZDOP4BWXVY1WY7NUGK6LT5R,FALSE
507788,Delphinium_nuttallianum,9173874,301987,https://crowdcurio-experiment-images.s3.amazonaws.com/Delphinium_nuttallianum/images/Delphinium_nuttallianum.507788.jpg,0,17,9,FALSE,4,4,A26K9G49Q287W,19140,29.06,2024/4/17,4:23:21,3UUIU9GZDOP4BWXVY1WY7NUGK6LT5R,FALSE
507746,Delphinium_nuttallianum,9174020,301970,https://crowdcurio-experiment-images.s3.amazonaws.com/Delphinium_nuttallianum/images/Delphinium_nuttallianum.507746.jpg,0,12,6,FALSE,4,5,A26K9G49Q287W,19140,30.22,2024/4/17,4:23:53,3UUIU9GZDOP4BWXVY1WY7NUGK6LT5R,FALSE
507749,Delphinium_nuttallianum,9174145,301973,https://crowdcurio-experiment-images.s3.amazonaws.com/Delphinium_nuttallianum/images/Delphinium_nuttallianum.507749.jpg,0,21,0,FALSE,4,6,A26K9G49Q287W,19140,23.25,2024/4/17,4:24:20,3UUIU9GZDOP4BWXVY1WY7NUGK6LT5R,FALSE
507747,Delphinium_nuttallianum,9174254,301971,https://crowdcurio-experiment-images.s3.amazonaws.com/Delphinium_nuttallianum/images/Delphinium_nuttallianum.507747.jpg,0,4,1,FALSE,4,7,A26K9G49Q287W,19140,13.93,2024/4/17,4:24:36,3UUIU9GZDOP4BWXVY1WY7NUGK6LT5R,FALSE
507746,Delphinium_nuttallianum,9174445,301970,https://crowdcurio-experiment-images.s3.amazonaws.com/Delphinium_nuttallianum/images/Delphinium_nuttallianum.507746.jpg,0,11,3,TRUE,4,8,A26K9G49Q287W,19140,30.59,2024/4/17,4:25:08,3UUIU9GZDOP4BWXVY1WY7NUGK6LT5R,FALSE
507745,Delphinium_nuttallianum,9174802,301969,https://crowdcurio-experiment-images.s3.amazonaws.com/Delphinium_nuttallianum/images/Delphinium_nuttallianum.507745.jpg,5,25,0,FALSE,4,9,A26K9G49Q287W,19140,67.34,2024/4/17,4:26:18,3UUIU9GZDOP4BWXVY1WY7NUGK6LT5R,FALSE
507786,Delphinium_nuttallianum,9175053,301986,https://crowdcurio-experiment-images.s3.amazonaws.com/Delphinium_nuttallianum/images/Delphinium_nuttallianum.507786.jpg,0,11,2,FALSE,4,10,A26K9G49Q287W,19140,35.54,2024/4/17,4:26:56,3UUIU9GZDOP4BWXVY1WY7NUGK6LT5R,FALSE
507709,Delphinium_nuttallianum,9175499,301949,https://crowdcurio-experiment-images.s3.amazonaws.com/Delphinium_nuttallianum/images/Delphinium_nuttallianum.507709.jpg,7,25,0,FALSE,5,1,A26K9G49Q287W,19140,50.3,2024/4/17,4:28:11,3UUIU9GZDOP4BWXVY1WY7NUGK6LT5R,FALSE
507720,Delphinium_nuttallianum,9175686,301953,https://crowdcurio-experiment-images.s3.amazonaws.com/Delphinium_nuttallianum/images/Delphinium_nuttallianum.507720.jpg,0,5,6,FALSE,5,2,A26K9G49Q287W,19140,26.79,2024/4/17,4:28:40,3UUIU9GZDOP4BWXVY1WY7NUGK6LT5R,FALSE
507705,Delphinium_nuttallianum,9176009,301948,https://crowdcurio-experiment-images.s3.amazonaws.com/Delphinium_nuttallianum/images/Delphinium_nuttallianum.507705.jpg,4,21,0,FALSE,5,3,A26K9G49Q287W,19140,36.35,2024/4/17,4:29:19,3UUIU9GZDOP4BWXVY1WY7NUGK6LT5R,FALSE
507722,Delphinium_nuttallianum,9176075,301955,https://crowdcurio-experiment-images.s3.amazonaws.com/Delphinium_nuttallianum/images/Delphinium_nuttallianum.507722.jpg,0,6,0,FALSE,5,4,A26K9G49Q287W,19140,11.86,2024/4/17,4:29:33,3UUIU9GZDOP4BWXVY1WY7NUGK6LT5R,FALSE
507712,Delphinium_nuttallianum,9176260,301951,https://crowdcurio-experiment-images.s3.amazonaws.com/Delphinium_nuttallianum/images/Delphinium_nuttallianum.507712.jpg,3,8,0,FALSE,5,5,A26K9G49Q287W,19140,21.61,2024/4/17,4:29:57,3UUIU9GZDOP4BWXVY1WY7NUGK6LT5R,FALSE
507711,Delphinium_nuttallianum,9176402,301950,https://crowdcurio-experiment-images.s3.amazonaws.com/Delphinium_nuttallianum/images/Delphinium_nuttallianum.507711.jpg,0,8,1,FALSE,5,6,A26K9G49Q287W,19140,18.55,2024/4/17,4:30:17,3UUIU9GZDOP4BWXVY1WY7NUGK6LT5R,FALSE
507705,Delphinium_nuttallianum,9176649,301948,https://crowdcurio-experiment-images.s3.amazonaws.com/Delphinium_nuttallianum/images/Delphinium_nuttallianum.507705.jpg,4,19,0,TRUE,5,7,A26K9G49Q287W,19140,30.27,2024/4/17,4:30:49,3UUIU9GZDOP4BWXVY1WY7NUGK6LT5R,FALSE
507721,Delphinium_nuttallianum,9176820,301954,https://crowdcurio-experiment-images.s3.amazonaws.com/Delphinium_nuttallianum/images/Delphinium_nuttallianum.507721.jpg,0,7,0,FALSE,5,8,A26K9G49Q287W,19140,18.75,2024/4/17,4:31:10,3UUIU9GZDOP4BWXVY1WY7NUGK6LT5R,FALSE
507715,Delphinium_nuttallianum,9176918,301952,https://crowdcurio-experiment-images.s3.amazonaws.com/Delphinium_nuttallianum/images/Delphinium_nuttallianum.507715.jpg,0,9,0,FALSE,5,9,A26K9G49Q287W,19140,13.57,2024/4/17,4:31:29,3UUIU9GZDOP4BWXVY1WY7NUGK6LT5R,FALSE
507724,Delphinium_nuttallianum,9177112,301956,https://crowdcurio-experiment-images.s3.amazonaws.com/Delphinium_nuttallianum/images/Delphinium_nuttallianum.507724.jpg,0,6,0,FALSE,5,10,A26K9G49Q287W,19140,19.31,2024/4/17,4:31:52,3UUIU9GZDOP4BWXVY1WY7NUGK6LT5R,FALSE
1674043,Delphinium_nuttallianum,9178038,302246,https://crowdcurio-experiment-images.s3.amazonaws.com/Delphinium_nuttallianum/images/Delphinium_nuttallianum.1674043.jpg,0,13,0,FALSE,6,1,A26K9G49Q287W,19140,87.4,2024/4/17,4:33:42,3UUIU9GZDOP4BWXVY1WY7NUGK6LT5R,FALSE
1618027,Delphinium_nuttallianum,9178379,302205,https://crowdcurio-experiment-images.s3.amazonaws.com/Delphinium_nuttallianum/images/Delphinium_nuttallianum.1618027.jpg,0,9,5,FALSE,6,2,A26K9G49Q287W,19140,33.97,2024/4/17,4:34:19,3UUIU9GZDOP4BWXVY1WY7NUGK6LT5R,FALSE
507731,Delphinium_nuttallianum,9181482,301963,https://crowdcurio-experiment-images.s3.amazonaws.com/Delphinium_nuttallianum/images/Delphinium_nuttallianum.507731.jpg,0,12,2,FALSE,1,9,A2PO7ZSJ9S60PX,21052,17.3,2024/4/17,4:40:57,3UUIU9GZDOP4BWXVY1WY7NUGK6LT5R,FALSE
1418121,Delphinium_nuttallianum,9178507,302122,https://crowdcurio-experiment-images.s3.amazonaws.com/Delphinium_nuttallianum/images/Delphinium_nuttallianum.1418121.jpg,0,11,9,FALSE,1,1,ALVZZ451YC17N,22873,40.85,2024/4/17,4:34:34,3UUIU9GZDOP4BWXVY1WY7NUGK6LT5R,FALSE
1675425,Delphinium_nuttallianum,9178681,302247,https://crowdcurio-experiment-images.s3.amazonaws.com/Delphinium_nuttallianum/images/Delphinium_nuttallianum.1675425.jpg,2,12,0,FALSE,6,3,A26K9G49Q287W,19140,31.99,2024/4/17,4:34:53,3UUIU9GZDOP4BWXVY1WY7NUGK6LT5R,FALSE
1478589,Delphinium_nuttallianum,9178775,302133,https://crowdcurio-experiment-images.s3.amazonaws.com/Delphinium_nuttallianum/images/Delphinium_nuttallianum.1478589.jpg,0,13,0,FALSE,1,2,ALVZZ451YC17N,22873,31.12,2024/4/17,4:35:07,3UUIU9GZDOP4BWXVY1WY7NUGK6LT5R,FALSE
1418393,Delphinium_nuttallianum,9179068,302123,https://crowdcurio-experiment-images.s3.amazonaws.com/Delphinium_nuttallianum/images/Delphinium_nuttallianum.1418393.jpg,0,7,5,FALSE,1,3,ALVZZ451YC17N,22873,25.64,2024/4/17,4:35:35,3UUIU9GZDOP4BWXVY1WY7NUGK6LT5R,FALSE
28899791,Delphinium_nuttallianum,9179164,302943,https://crowdcurio-experiment-images.s3.amazonaws.com/Delphinium_nuttallianum/images/Delphinium_nuttallianum.28899791.jpg,0,14,5,FALSE,6,4,A26K9G49Q287W,19140,47.62,2024/4/17,4:35:43,3UUIU9GZDOP4BWXVY1WY7NUGK6LT5R,FALSE
3103501,Delphinium_nuttallianum,9179542,302390,https://crowdcurio-experiment-images.s3.amazonaws.com/Delphinium_nuttallianum/images/Delphinium_nuttallianum.3103501.jpg,0,8,6,FALSE,1,4,ALVZZ451YC17N,22873,44.42,2024/4/17,4:36:21,3UUIU9GZDOP4BWXVY1WY7NUGK6LT5R,FALSE
2834590,Delphinium_nuttallianum,9180040,302311,https://crowdcurio-experiment-images.s3.amazonaws.com/Delphinium_nuttallianum/images/Delphinium_nuttallianum.2834590.jpg,0,9,6,FALSE,6,5,A26K9G49Q287W,19140,98.65,2024/4/17,4:37:25,3UUIU9GZDOP4BWXVY1WY7NUGK6LT5R,FALSE
1491547,Delphinium_nuttallianum,9179826,302134,https://crowdcurio-experiment-images.s3.amazonaws.com/Delphinium_nuttallianum/images/Delphinium_nuttallianum.1491547.jpg,0,18,2,FALSE,1,5,ALVZZ451YC17N,22873,30.7,2024/4/17,4:36:53,3UUIU9GZDOP4BWXVY1WY7NUGK6LT5R,FALSE
1531773,Delphinium_nuttallianum,9180102,302137,https://crowdcurio-experiment-images.s3.amazonaws.com/Delphinium_nuttallianum/images/Delphinium_nuttallianum.1531773.jpg,0,8,4,FALSE,1,6,ALVZZ451YC17N,22873,39.38,2024/4/17,4:37:35,3UUIU9GZDOP4BWXVY1WY7NUGK6LT5R,FALSE
28899788,Delphinium_nuttallianum,9180233,302940,https://crowdcurio-experiment-images.s3.amazonaws.com/Delphinium_nuttallianum/images/Delphinium_nuttallianum.28899788.jpg,0,13,1,FALSE,6,6,A26K9G49Q287W,19140,22.89,2024/4/17,4:37:52,3UUIU9GZDOP4BWXVY1WY7NUGK6LT5R,FALSE
183103,Delphinium_nuttallianum,9180459,301947,https://crowdcurio-experiment-images.s3.amazonaws.com/Delphinium_nuttallianum/images/Delphinium_nuttallianum.183103.jpg,0,11,9,FALSE,1,7,ALVZZ451YC17N,22873,49.77,2024/4/17,4:38:27,3UUIU9GZDOP4BWXVY1WY7NUGK6LT5R,FALSE
1417795,Delphinium_nuttallianum,9180435,302121,https://crowdcurio-experiment-images.s3.amazonaws.com/Delphinium_nuttallianum/images/Delphinium_nuttallianum.1417795.jpg,5,13,0,FALSE,6,7,A26K9G49Q287W,19140,28.17,2024/4/17,4:38:23,3UUIU9GZDOP4BWXVY1WY7NUGK6LT5R,FALSE
1674043,Delphinium_nuttallianum,9180647,302246,https://crowdcurio-experiment-images.s3.amazonaws.com/Delphinium_nuttallianum/images/Delphinium_nuttallianum.1674043.jpg,0,19,0,TRUE,6,8,A26K9G49Q287W,19140,27.32,2024/4/17,4:38:52,3UUIU9GZDOP4BWXVY1WY7NUGK6LT5R,FALSE
2834205,Delphinium_nuttallianum,9180590,302310,https://crowdcurio-experiment-images.s3.amazonaws.com/Delphinium_nuttallianum/images/Delphinium_nuttallianum.2834205.jpg,0,5,1,FALSE,1,8,ALVZZ451YC17N,22873,15.49,2024/4/17,4:38:45,3UUIU9GZDOP4BWXVY1WY7NUGK6LT5R,FALSE
1527041,Delphinium_nuttallianum,9180858,302136,https://crowdcurio-experiment-images.s3.amazonaws.com/Delphinium_nuttallianum/images/Delphinium_nuttallianum.1527041.jpg,0,9,13,FALSE,1,9,ALVZZ451YC17N,22873,36.38,2024/4/17,4:39:24,3UUIU9GZDOP4BWXVY1WY7NUGK6LT5R,FALSE
1675462,Delphinium_nuttallianum,9180916,302248,https://crowdcurio-experiment-images.s3.amazonaws.com/Delphinium_nuttallianum/images/Delphinium_nuttallianum.1675462.jpg,7,29,0,FALSE,6,9,A26K9G49Q287W,19140,37.27,2024/4/17,4:39:31,3UUIU9GZDOP4BWXVY1WY7NUGK6LT5R,FALSE
2834205,Delphinium_nuttallianum,9180993,302310,https://crowdcurio-experiment-images.s3.amazonaws.com/Delphinium_nuttallianum/images/Delphinium_nuttallianum.2834205.jpg,0,4,1,TRUE,1,10,ALVZZ451YC17N,22873,16.93,2024/4/17,4:39:42,3UUIU9GZDOP4BWXVY1WY7NUGK6LT5R,FALSE
13823427,Delphinium_nuttallianum,9181319,302688,https://crowdcurio-experiment-images.s3.amazonaws.com/Delphinium_nuttallianum/images/Delphinium_nuttallianum.13823427.jpg,10,25,1,FALSE,6,10,A26K9G49Q287W,19140,54.18,2024/4/17,4:40:28,3UUIU9GZDOP4BWXVY1WY7NUGK6LT5R,FALSE
507727,Delphinium_nuttallianum,9182163,301959,https://crowdcurio-experiment-images.s3.amazonaws.com/Delphinium_nuttallianum/images/Delphinium_nuttallianum.507727.jpg,2,9,11,FALSE,1,2,A2PO7ZSJ9S60PX,21052,76.48,2024/4/17,4:42:18,3UUIU9GZDOP4BWXVY1WY7NUGK6LT5R,FALSE
2841554,Delphinium_nuttallianum,9189701,302315,https://crowdcurio-experiment-images.s3.amazonaws.com/Delphinium_nuttallianum/images/Delphinium_nuttallianum.2841554.jpg,0,26,4,FALSE,2,3,ALVZZ451YC17N,22873,26.64,2024/4/17,5:07:36,3UUIU9GZDOP4BWXVY1WY7NUGK6LT5R,FALSE
507728,Delphinium_nuttallianum,9182471,301960,https://crowdcurio-experiment-images.s3.amazonaws.com/Delphinium_nuttallianum/images/Delphinium_nuttallianum.507728.jpg,3,9,0,FALSE,1,3,A2PO7ZSJ9S60PX,21052,34.42,2024/4/17,4:42:54,3UUIU9GZDOP4BWXVY1WY7NUGK6LT5R,FALSE
507729,Delphinium_nuttallianum,9182832,301961,https://crowdcurio-experiment-images.s3.amazonaws.com/Delphinium_nuttallianum/images/Delphinium_nuttallianum.507729.jpg,0,8,10,FALSE,1,4,A2PO7ZSJ9S60PX,21052,42.07,2024/4/17,4:43:38,3UUIU9GZDOP4BWXVY1WY7NUGK6LT5R,FALSE
507726,Delphinium_nuttallianum,9183342,301958,https://crowdcurio-experiment-images.s3.amazonaws.com/Delphinium_nuttallianum/images/Delphinium_nuttallianum.507726.jpg,4,25,0,FALSE,1,5,A2PO7ZSJ9S60PX,21052,58.14,2024/4/17,4:44:39,3UUIU9GZDOP4BWXVY1WY7NUGK6LT5R,FALSE
507725,Delphinium_nuttallianum,9183626,301957,https://crowdcurio-experiment-images.s3.amazonaws.com/Delphinium_nuttallianum/images/Delphinium_nuttallianum.507725.jpg,0,13,10,FALSE,1,6,A2PO7ZSJ9S60PX,21052,42.15,2024/4/17,4:45:22,3UUIU9GZDOP4BWXVY1WY7NUGK6LT5R,FALSE
507732,Delphinium_nuttallianum,9183741,301964,https://crowdcurio-experiment-images.s3.amazonaws.com/Delphinium_nuttallianum/images/Delphinium_nuttallianum.507732.jpg,0,8,0,FALSE,1,7,A2PO7ZSJ9S60PX,21052,22.85,2024/4/17,4:45:46,3UUIU9GZDOP4BWXVY1WY7NUGK6LT5R,FALSE
507727,Delphinium_nuttallianum,9184007,301959,https://crowdcurio-experiment-images.s3.amazonaws.com/Delphinium_nuttallianum/images/Delphinium_nuttallianum.507727.jpg,0,6,11,TRUE,1,8,A2PO7ZSJ9S60PX,21052,37.49,2024/4/17,4:46:24,3UUIU9GZDOP4BWXVY1WY7NUGK6LT5R,FALSE
507735,Delphinium_nuttallianum,9184142,301966,https://crowdcurio-experiment-images.s3.amazonaws.com/Delphinium_nuttallianum/images/Delphinium_nuttallianum.507735.jpg,0,11,3,FALSE,1,9,A2PO7ZSJ9S60PX,21052,25.28,2024/4/17,4:46:50,3UUIU9GZDOP4BWXVY1WY7NUGK6LT5R,FALSE
507740,Delphinium_nuttallianum,9184217,301967,https://crowdcurio-experiment-images.s3.amazonaws.com/Delphinium_nuttallianum/images/Delphinium_nuttallianum.507740.jpg,0,4,0,FALSE,1,10,A2PO7ZSJ9S60PX,21052,15.55,2024/4/17,4:47:07,3UUIU9GZDOP4BWXVY1WY7NUGK6LT5R,FALSE
13085465,Delphinium_nuttallianum,9186775,302624,https://crowdcurio-experiment-images.s3.amazonaws.com/Delphinium_nuttallianum/images/Delphinium_nuttallianum.13085465.jpg,0,27,0,FALSE,7,6,A26K9G49Q287W,19140,35.56,2024/4/17,4:56:56,3UUIU9GZDOP4BWXVY1WY7NUGK6LT5R,FALSE
4698554,Delphinium_nuttallianum,,302438,https://crowdcurio-experiment-images.s3.amazonaws.com/Delphinium_nuttallianum/images/Delphinium_nuttallianum.4698554.jpg,0,7,0,FALSE,2,1,A2PO7ZSJ9S60PX,21052,0,,,,FALSE
13040257,Delphinium_nuttallianum,9185798,302621,https://crowdcurio-experiment-images.s3.amazonaws.com/Delphinium_nuttallianum/images/Delphinium_nuttallianum.13040257.jpg,1,4,12,FALSE,1,1,A26K9G49Q287W,19140,82.62,2024/4/17,4:53:20,3UUIU9GZDOP4BWXVY1WY7NUGK6LT5R,FALSE
13823380,Delphinium_nuttallianum,9186009,302659,https://crowdcurio-experiment-images.s3.amazonaws.com/Delphinium_nuttallianum/images/Delphinium_nuttallianum.13823380.jpg,8,14,0,FALSE,1,2,A26K9G49Q287W,19140,57.4,2024/4/17,4:54:20,3UUIU9GZDOP4BWXVY1WY7NUGK6LT5R,FALSE
3814747,Delphinium_nuttallianum,9186290,302416,https://crowdcurio-experiment-images.s3.amazonaws.com/Delphinium_nuttallianum/images/Delphinium_nuttallianum.3814747.jpg,6,13,4,FALSE,1,3,A26K9G49Q287W,19140,48.73,2024/4/17,4:55:10,3UUIU9GZDOP4BWXVY1WY7NUGK6LT5R,FALSE
507764,Delphinium_nuttallianum,9186554,301978,https://crowdcurio-experiment-images.s3.amazonaws.com/Delphinium_nuttallianum/images/Delphinium_nuttallianum.507764.jpg,6,20,5,FALSE,1,4,A26K9G49Q287W,19140,50.69,2024/4/17,4:56:02,3UUIU9GZDOP4BWXVY1WY7NUGK6LT5R,FALSE
13038650,Delphinium_nuttallianum,9186634,302602,https://crowdcurio-experiment-images.s3.amazonaws.com/Delphinium_nuttallianum/images/Delphinium_nuttallianum.13038650.jpg,0,14,0,FALSE,1,5,A26K9G49Q287W,19140,15.88,2024/4/17,4:56:19,3UUIU9GZDOP4BWXVY1WY7NUGK6LT5R,FALSE
25109019,Delphinium_nuttallianum,9186843,302868,https://crowdcurio-experiment-images.s3.amazonaws.com/Delphinium_nuttallianum/images/Delphinium_nuttallianum.25109019.jpg,3,4,0,FALSE,1,7,A26K9G49Q287W,19140,12.46,2024/4/17,4:57:11,3UUIU9GZDOP4BWXVY1WY7NUGK6LT5R,FALSE
516581,Delphinium_nuttallianum,9187014,301993,https://crowdcurio-experiment-images.s3.amazonaws.com/Delphinium_nuttallianum/images/Delphinium_nuttallianum.516581.jpg,4,16,3,FALSE,1,8,A26K9G49Q287W,19140,36.86,2024/4/17,4:57:50,3UUIU9GZDOP4BWXVY1WY7NUGK6LT5R,FALSE
13085465,Delphinium_nuttallianum,9187125,302624,https://crowdcurio-experiment-images.s3.amazonaws.com/Delphinium_nuttallianum/images/Delphinium_nuttallianum.13085465.jpg,0,14,0,TRUE,1,9,A26K9G49Q287W,19140,20.75,2024/4/17,4:58:12,3UUIU9GZDOP4BWXVY1WY7NUGK6LT5R,FALSE
21992462,Delphinium_nuttallianum,9187369,302828,https://crowdcurio-experiment-images.s3.amazonaws.com/Delphinium_nuttallianum/images/Delphinium_nuttallianum.21992462.jpg,10,21,0,FALSE,1,10,A26K9G49Q287W,19140,49.89,2024/4/17,4:59:03,3UUIU9GZDOP4BWXVY1WY7NUGK6LT5R,FALSE
12959151,Delphinium_nuttallianum,9187662,302554,https://crowdcurio-experiment-images.s3.amazonaws.com/Delphinium_nuttallianum/images/Delphinium_nuttallianum.12959151.jpg,0,8,4,FALSE,2,1,A26K9G49Q287W,19140,39.2,2024/4/17,5:00:09,3UUIU9GZDOP4BWXVY1WY7NUGK6LT5R,FALSE
13823337,Delphinium_nuttallianum,9187800,302627,https://crowdcurio-experiment-images.s3.amazonaws.com/Delphinium_nuttallianum/images/Delphinium_nuttallianum.13823337.jpg,0,19,7,FALSE,2,2,A26K9G49Q287W,19140,34.07,2024/4/17,5:00:45,3UUIU9GZDOP4BWXVY1WY7NUGK6LT5R,FALSE
3044986,Delphinium_nuttallianum,9189568,302361,https://crowdcurio-experiment-images.s3.amazonaws.com/Delphinium_nuttallianum/images/Delphinium_nuttallianum.3044986.jpg,0,34,11,FALSE,1,1,ALVZZ451YC17N,22873,39.71,2024/4/17,5:07:08,3UUIU9GZDOP4BWXVY1WY7NUGK6LT5R,FALSE
27170192,Delphinium_nuttallianum,9187945,302904,https://crowdcurio-experiment-images.s3.amazonaws.com/Delphinium_nuttallianum/images/Delphinium_nuttallianum.27170192.jpg,1,14,2,FALSE,2,3,A26K9G49Q287W,19140,23.87,2024/4/17,5:01:15,3UUIU9GZDOP4BWXVY1WY7NUGK6LT5R,FALSE
12964743,Delphinium_nuttallianum,9188149,302560,https://crowdcurio-experiment-images.s3.amazonaws.com/Delphinium_nuttallianum/images/Delphinium_nuttallianum.12964743.jpg,0,17,8,FALSE,2,4,A26K9G49Q287W,19140,35.46,2024/4/17,5:01:53,3UUIU9GZDOP4BWXVY1WY7NUGK6LT5R,FALSE
13084892,Delphinium_nuttallianum,9188201,302623,https://crowdcurio-experiment-images.s3.amazonaws.com/Delphinium_nuttallianum/images/Delphinium_nuttallianum.13084892.jpg,0,3,0,FALSE,2,5,A26K9G49Q287W,19140,8.44,2024/4/17,5:02:04,3UUIU9GZDOP4BWXVY1WY7NUGK6LT5R,FALSE
4851565,Delphinium_nuttallianum,9188277,302511,https://crowdcurio-experiment-images.s3.amazonaws.com/Delphinium_nuttallianum/images/Delphinium_nuttallianum.4851565.jpg,0,8,0,FALSE,2,6,A26K9G49Q287W,19140,14.69,2024/4/17,5:02:21,3UUIU9GZDOP4BWXVY1WY7NUGK6LT5R,FALSE
27170192,Delphinium_nuttallianum,9188403,302904,https://crowdcurio-experiment-images.s3.amazonaws.com/Delphinium_nuttallianum/images/Delphinium_nuttallianum.27170192.jpg,1,14,2,TRUE,2,7,A26K9G49Q287W,19140,23.88,2024/4/17,5:02:46,3UUIU9GZDOP4BWXVY1WY7NUGK6LT5R,FALSE
30331917,Delphinium_nuttallianum,9188546,302950,https://crowdcurio-experiment-images.s3.amazonaws.com/Delphinium_nuttallianum/images/Delphinium_nuttallianum.30331917.jpg,2,17,2,FALSE,2,8,A26K9G49Q287W,19140,32.62,2024/4/17,5:03:22,3UUIU9GZDOP4BWXVY1WY7NUGK6LT5R,FALSE
27170014,Delphinium_nuttallianum,9188809,302903,https://crowdcurio-experiment-images.s3.amazonaws.com/Delphinium_nuttallianum/images/Delphinium_nuttallianum.27170014.jpg,7,16,0,FALSE,2,9,A26K9G49Q287W,19140,60.88,2024/4/17,5:04:27,3UUIU9GZDOP4BWXVY1WY7NUGK6LT5R,FALSE
13038619,Delphinium_nuttallianum,9188834,302601,https://crowdcurio-experiment-images.s3.amazonaws.com/Delphinium_nuttallianum/images/Delphinium_nuttallianum.13038619.jpg,0,10,5,FALSE,1,1,ALVZZ451YC17N,22873,45.39,2024/4/17,5:04:31,3UUIU9GZDOP4BWXVY1WY7NUGK6LT5R,FALSE
30367716,Delphinium_nuttallianum,9188883,302951,https://crowdcurio-experiment-images.s3.amazonaws.com/Delphinium_nuttallianum/images/Delphinium_nuttallianum.30367716.jpg,0,4,0,FALSE,2,10,A26K9G49Q287W,19140,12.14,2024/4/17,5:04:41,3UUIU9GZDOP4BWXVY1WY7NUGK6LT5R,FALSE
27169935,Delphinium_nuttallianum,9188968,302890,https://crowdcurio-experiment-images.s3.amazonaws.com/Delphinium_nuttallianum/images/Delphinium_nuttallianum.27169935.jpg,0,13,0,FALSE,1,2,ALVZZ451YC17N,22873,29.36,2024/4/17,5:05:02,3UUIU9GZDOP4BWXVY1WY7NUGK6LT5R,FALSE
27170212,Delphinium_nuttallianum,9189117,302913,https://crowdcurio-experiment-images.s3.amazonaws.com/Delphinium_nuttallianum/images/Delphinium_nuttallianum.27170212.jpg,0,12,0,FALSE,1,3,ALVZZ451YC17N,22873,36.44,2024/4/17,5:05:40,3UUIU9GZDOP4BWXVY1WY7NUGK6LT5R,FALSE
28899789,Delphinium_nuttallianum,9189081,302941,https://crowdcurio-experiment-images.s3.amazonaws.com/Delphinium_nuttallianum/images/Delphinium_nuttallianum.28899789.jpg,3,7,0,FALSE,3,1,A26K9G49Q287W,19140,24.61,2024/4/17,5:05:31,3UUIU9GZDOP4BWXVY1WY7NUGK6LT5R,FALSE
28899790,Delphinium_nuttallianum,9189162,302942,https://crowdcurio-experiment-images.s3.amazonaws.com/Delphinium_nuttallianum/images/Delphinium_nuttallianum.28899790.jpg,1,8,0,FALSE,3,2,A26K9G49Q287W,19140,13.72,2024/4/17,5:05:48,3UUIU9GZDOP4BWXVY1WY7NUGK6LT5R,FALSE
13039690,Delphinium_nuttallianum,9189284,302615,https://crowdcurio-experiment-images.s3.amazonaws.com/Delphinium_nuttallianum/images/Delphinium_nuttallianum.13039690.jpg,0,8,8,FALSE,1,4,ALVZZ451YC17N,22873,31.35,2024/4/17,5:06:13,3UUIU9GZDOP4BWXVY1WY7NUGK6LT5R,FALSE
29437198,Delphinium_nuttallianum,9189347,302946,https://crowdcurio-experiment-images.s3.amazonaws.com/Delphinium_nuttallianum/images/Delphinium_nuttallianum.29437198.jpg,0,10,2,FALSE,3,3,A26K9G49Q287W,19140,34.87,2024/4/17,5:06:25,3UUIU9GZDOP4BWXVY1WY7NUGK6LT5R,FALSE
20864599,Delphinium_nuttallianum,9189356,302804,https://crowdcurio-experiment-images.s3.amazonaws.com/Delphinium_nuttallianum/images/Delphinium_nuttallianum.20864599.jpg,0,6,0,FALSE,1,5,ALVZZ451YC17N,22873,13.72,2024/4/17,5:06:27,3UUIU9GZDOP4BWXVY1WY7NUGK6LT5R,FALSE
30331526,Delphinium_nuttallianum,9189407,302949,https://crowdcurio-experiment-images.s3.amazonaws.com/Delphinium_nuttallianum/images/Delphinium_nuttallianum.30331526.jpg,0,5,0,FALSE,3,4,A26K9G49Q287W,19140,10.11,2024/4/17,5:06:38,3UUIU9GZDOP4BWXVY1WY7NUGK6LT5R,FALSE
30331465,Delphinium_nuttallianum,9189581,302948,https://crowdcurio-experiment-images.s3.amazonaws.com/Delphinium_nuttallianum/images/Delphinium_nuttallianum.30331465.jpg,0,9,14,FALSE,3,5,A26K9G49Q287W,19140,31.06,2024/4/17,5:07:11,3UUIU9GZDOP4BWXVY1WY7NUGK6LT5R,FALSE
30130334,Delphinium_nuttallianum,9189756,302947,https://crowdcurio-experiment-images.s3.amazonaws.com/Delphinium_nuttallianum/images/Delphinium_nuttallianum.30130334.jpg,0,16,5,FALSE,3,6,A26K9G49Q287W,19140,31.88,2024/4/17,5:07:45,3UUIU9GZDOP4BWXVY1WY7NUGK6LT5R,FALSE
13038619,Delphinium_nuttallianum,9190050,302601,https://crowdcurio-experiment-images.s3.amazonaws.com/Delphinium_nuttallianum/images/Delphinium_nuttallianum.13038619.jpg,3,12,5,TRUE,1,8,ALVZZ451YC17N,22873,56.13,2024/4/17,5:08:33,3UUIU9GZDOP4BWXVY1WY7NUGK6LT5R,FALSE
30331465,Delphinium_nuttallianum,9190017,302948,https://crowdcurio-experiment-images.s3.amazonaws.com/Delphinium_nuttallianum/images/Delphinium_nuttallianum.30331465.jpg,0,4,9,TRUE,3,7,A26K9G49Q287W,19140,40.27,2024/4/17,5:08:27,3UUIU9GZDOP4BWXVY1WY7NUGK6LT5R,FALSE
29017971,Delphinium_nuttallianum,9190123,302945,https://crowdcurio-experiment-images.s3.amazonaws.com/Delphinium_nuttallianum/images/Delphinium_nuttallianum.29017971.jpg,0,8,0,FALSE,3,8,A26K9G49Q287W,19140,18.71,2024/4/17,5:08:47,3UUIU9GZDOP4BWXVY1WY7NUGK6LT5R,FALSE
28934053,Delphinium_nuttallianum,9190242,302944,https://crowdcurio-experiment-images.s3.amazonaws.com/Delphinium_nuttallianum/images/Delphinium_nuttallianum.28934053.jpg,0,10,3,FALSE,3,9,A26K9G49Q287W,19140,17.28,2024/4/17,5:09:08,3UUIU9GZDOP4BWXVY1WY7NUGK6LT5R,FALSE
28899787,Delphinium_nuttallianum,9190346,302939,https://crowdcurio-experiment-images.s3.amazonaws.com/Delphinium_nuttallianum/images/Delphinium_nuttallianum.28899787.jpg,0,13,2,FALSE,3,10,A26K9G49Q287W,19140,17.63,2024/4/17,5:09:27,3UUIU9GZDOP4BWXVY1WY7NUGK6LT5R,FALSE
20864546,Delphinium_nuttallianum,9190719,302802,https://crowdcurio-experiment-images.s3.amazonaws.com/Delphinium_nuttallianum/images/Delphinium_nuttallianum.20864546.jpg,0,10,3,FALSE,1,9,ALVZZ451YC17N,22873,124.8,2024/4/17,5:10:40,3UUIU9GZDOP4BWXVY1WY7NUGK6LT5R,FALSE
13036799,Delphinium_nuttallianum,9190871,302591,https://crowdcurio-experiment-images.s3.amazonaws.com/Delphinium_nuttallianum/images/Delphinium_nuttallianum.13036799.jpg,0,11,1,FALSE,1,10,ALVZZ451YC17N,22873,30.27,2024/4/17,5:11:12,3UUIU9GZDOP4BWXVY1WY7NUGK6LT5R,FALSE
28899632,Delphinium_nuttallianum,9193094,302937,https://crowdcurio-experiment-images.s3.amazonaws.com/Delphinium_nuttallianum/images/Delphinium_nuttallianum.28899632.jpg,0,3,29,FALSE,1,1,A3JRTM431HWDYK,22876,74.27,2024/4/17,5:18:00,3UUIU9GZDOP4BWXVY1WY7NUGK6LT5R,FALSE
28440540,Delphinium_nuttallianum,9193252,302935,https://crowdcurio-experiment-images.s3.amazonaws.com/Delphinium_nuttallianum/images/Delphinium_nuttallianum.28440540.jpg,0,8,1,FALSE,1,2,A3JRTM431HWDYK,22876,23.74,2024/4/17,5:18:25,3UUIU9GZDOP4BWXVY1WY7NUGK6LT5R,FALSE
28163363,Delphinium_nuttallianum,9193412,302933,https://crowdcurio-experiment-images.s3.amazonaws.com/Delphinium_nuttallianum/images/Delphinium_nuttallianum.28163363.jpg,17,3,0,FALSE,1,3,A3JRTM431HWDYK,22876,25.65,2024/4/17,5:18:53,3UUIU9GZDOP4BWXVY1WY7NUGK6LT5R,FALSE
27170242,Delphinium_nuttallianum,9193591,302922,https://crowdcurio-experiment-images.s3.amazonaws.com/Delphinium_nuttallianum/images/Delphinium_nuttallianum.27170242.jpg,0,9,4,FALSE,1,4,A3JRTM431HWDYK,22876,25.82,2024/4/17,5:19:21,3UUIU9GZDOP4BWXVY1WY7NUGK6LT5R,FALSE
28899296,Delphinium_nuttallianum,9193803,302936,https://crowdcurio-experiment-images.s3.amazonaws.com/Delphinium_nuttallianum/images/Delphinium_nuttallianum.28899296.jpg,0,28,3,FALSE,1,5,A3JRTM431HWDYK,22876,41.26,2024/4/17,5:20:04,3UUIU9GZDOP4BWXVY1WY7NUGK6LT5R,FALSE
27170246,Delphinium_nuttallianum,9193973,302924,https://crowdcurio-experiment-images.s3.amazonaws.com/Delphinium_nuttallianum/images/Delphinium_nuttallianum.27170246.jpg,0,10,2,FALSE,1,6,A3JRTM431HWDYK,22876,31.88,2024/4/17,5:20:37,3UUIU9GZDOP4BWXVY1WY7NUGK6LT5R,FALSE
27170244,Delphinium_nuttallianum,9194113,302923,https://crowdcurio-experiment-images.s3.amazonaws.com/Delphinium_nuttallianum/images/Delphinium_nuttallianum.27170244.jpg,0,10,0,FALSE,1,7,A3JRTM431HWDYK,22876,17.68,2024/4/17,5:20:57,3UUIU9GZDOP4BWXVY1WY7NUGK6LT5R,FALSE
28223589,Delphinium_nuttallianum,9194371,302934,https://crowdcurio-experiment-images.s3.amazonaws.com/Delphinium_nuttallianum/images/Delphinium_nuttallianum.28223589.jpg,1,9,3,FALSE,1,8,A3JRTM431HWDYK,22876,37.05,2024/4/17,5:21:37,3UUIU9GZDOP4BWXVY1WY7NUGK6LT5R,FALSE
28899654,Delphinium_nuttallianum,9194600,302938,https://crowdcurio-experiment-images.s3.amazonaws.com/Delphinium_nuttallianum/images/Delphinium_nuttallianum.28899654.jpg,0,7,1,FALSE,1,9,A3JRTM431HWDYK,22876,43.76,2024/4/17,5:22:22,3UUIU9GZDOP4BWXVY1WY7NUGK6LT5R,FALSE
28163363,Delphinium_nuttallianum,9195321,302933,https://crowdcurio-experiment-images.s3.amazonaws.com/Delphinium_nuttallianum/images/Delphinium_nuttallianum.28163363.jpg,19,3,0,TRUE,1,10,A3JRTM431HWDYK,22876,130.29,2024/4/17,5:24:33,3UUIU9GZDOP4BWXVY1WY7NUGK6LT5R,FALSE
27170007,Delphinium_nuttallianum,9195383,302898,https://crowdcurio-experiment-images.s3.amazonaws.com/Delphinium_nuttallianum/images/Delphinium_nuttallianum.27170007.jpg,0,1,0,FALSE,1,1,A1WYHR1KCZRVAD,22892,17.49,2024/4/17,5:24:47,3UUIU9GZDOP4BWXVY1WY7NUGK6LT5R,FALSE
27170009,Delphinium_nuttallianum,9195438,302899,https://crowdcurio-experiment-images.s3.amazonaws.com/Delphinium_nuttallianum/images/Delphinium_nuttallianum.27170009.jpg,0,1,0,FALSE,1,2,A1WYHR1KCZRVAD,22892,6.79,2024/4/17,5:24:55,3UUIU9GZDOP4BWXVY1WY7NUGK6LT5R,FALSE
27169903,Delphinium_nuttallianum,9195579,302889,https://crowdcurio-experiment-images.s3.amazonaws.com/Delphinium_nuttallianum/images/Delphinium_nuttallianum.27169903.jpg,4,11,0,FALSE,2,1,A3JRTM431HWDYK,22876,27.79,2024/4/17,5:25:21,3UUIU9GZDOP4BWXVY1WY7NUGK6LT5R,FALSE
27169996,Delphinium_nuttallianum,9195505,302897,https://crowdcurio-experiment-images.s3.amazonaws.com/Delphinium_nuttallianum/images/Delphinium_nuttallianum.27169996.jpg,0,1,0,FALSE,1,3,A1WYHR1KCZRVAD,22892,10.57,2024/4/17,5:25:08,3UUIU9GZDOP4BWXVY1WY7NUGK6LT5R,FALSE
27169947,Delphinium_nuttallianum,9195558,302895,https://crowdcurio-experiment-images.s3.amazonaws.com/Delphinium_nuttallianum/images/Delphinium_nuttallianum.27169947.jpg,0,1,0,FALSE,1,4,A1WYHR1KCZRVAD,22892,8.67,2024/4/17,5:25:18,3UUIU9GZDOP4BWXVY1WY7NUGK6LT5R,FALSE
27170011,Delphinium_nuttallianum,9195608,302900,https://crowdcurio-experiment-images.s3.amazonaws.com/Delphinium_nuttallianum/images/Delphinium_nuttallianum.27170011.jpg,0,2,0,FALSE,1,5,A1WYHR1KCZRVAD,22892,7.22,2024/4/17,5:25:27,3UUIU9GZDOP4BWXVY1WY7NUGK6LT5R,FALSE
27170202,Delphinium_nuttallianum,9195655,302909,https://crowdcurio-experiment-images.s3.amazonaws.com/Delphinium_nuttallianum/images/Delphinium_nuttallianum.27170202.jpg,0,2,0,FALSE,1,6,A1WYHR1KCZRVAD,22892,7.37,2024/4/17,5:25:36,3UUIU9GZDOP4BWXVY1WY7NUGK6LT5R,FALSE
27170203,Delphinium_nuttallianum,9195697,302910,https://crowdcurio-experiment-images.s3.amazonaws.com/Delphinium_nuttallianum/images/Delphinium_nuttallianum.27170203.jpg,0,2,0,FALSE,1,7,A1WYHR1KCZRVAD,22892,6.11,2024/4/17,5:25:45,3UUIU9GZDOP4BWXVY1WY7NUGK6LT5R,FALSE
27169974,Delphinium_nuttallianum,9195739,302896,https://crowdcurio-experiment-images.s3.amazonaws.com/Delphinium_nuttallianum/images/Delphinium_nuttallianum.27169974.jpg,0,2,0,FALSE,1,8,A1WYHR1KCZRVAD,22892,5.25,2024/4/17,5:25:52,3UUIU9GZDOP4BWXVY1WY7NUGK6LT5R,FALSE
27170208,Delphinium_nuttallianum,9195782,302911,https://crowdcurio-experiment-images.s3.amazonaws.com/Delphinium_nuttallianum/images/Delphinium_nuttallianum.27170208.jpg,0,0,2,FALSE,1,9,A1WYHR1KCZRVAD,22892,9.13,2024/4/17,5:26:02,3UUIU9GZDOP4BWXVY1WY7NUGK6LT5R,FALSE
27169974,Delphinium_nuttallianum,9195880,302896,https://crowdcurio-experiment-images.s3.amazonaws.com/Delphinium_nuttallianum/images/Delphinium_nuttallianum.27169974.jpg,0,2,0,TRUE,1,10,A1WYHR1KCZRVAD,22892,20.94,2024/4/17,5:26:24,3UUIU9GZDOP4BWXVY1WY7NUGK6LT5R,FALSE
27169936,Delphinium_nuttallianum,9196171,302891,https://crowdcurio-experiment-images.s3.amazonaws.com/Delphinium_nuttallianum/images/Delphinium_nuttallianum.27169936.jpg,0,16,12,FALSE,2,2,A3JRTM431HWDYK,22876,119.26,2024/4/17,5:27:22,3UUIU9GZDOP4BWXVY1WY7NUGK6LT5R,FALSE
13823341,Delphinium_nuttallianum,9196458,302629,https://crowdcurio-experiment-images.s3.amazonaws.com/Delphinium_nuttallianum/images/Delphinium_nuttallianum.13823341.jpg,7,29,0,FALSE,2,3,A3JRTM431HWDYK,22876,47.69,2024/4/17,5:28:11,3UUIU9GZDOP4BWXVY1WY7NUGK6LT5R,FALSE
13288114,Delphinium_nuttallianum,9197293,302626,https://crowdcurio-experiment-images.s3.amazonaws.com/Delphinium_nuttallianum/images/Delphinium_nuttallianum.13288114.jpg,0,3,0,FALSE,2,4,A1WYHR1KCZRVAD,22892,6.58,2024/4/17,5:30:39,3UUIU9GZDOP4BWXVY1WY7NUGK6LT5R,FALSE
27169937,Delphinium_nuttallianum,9196548,302892,https://crowdcurio-experiment-images.s3.amazonaws.com/Delphinium_nuttallianum/images/Delphinium_nuttallianum.27169937.jpg,5,5,0,FALSE,2,4,A3JRTM431HWDYK,22876,18.85,2024/4/17,5:28:32,3UUIU9GZDOP4BWXVY1WY7NUGK6LT5R,FALSE
13823343,Delphinium_nuttallianum,9196620,302631,https://crowdcurio-experiment-images.s3.amazonaws.com/Delphinium_nuttallianum/images/Delphinium_nuttallianum.13823343.jpg,1,6,0,FALSE,2,5,A3JRTM431HWDYK,22876,13.1,2024/4/17,5:28:47,3UUIU9GZDOP4BWXVY1WY7NUGK6LT5R,FALSE
27169940,Delphinium_nuttallianum,9196997,302893,https://crowdcurio-experiment-images.s3.amazonaws.com/Delphinium_nuttallianum/images/Delphinium_nuttallianum.27169940.jpg,1,16,10,FALSE,2,6,A3JRTM431HWDYK,22876,69.39,2024/4/17,5:29:59,3UUIU9GZDOP4BWXVY1WY7NUGK6LT5R,FALSE
13823344,Delphinium_nuttallianum,9197272,302632,https://crowdcurio-experiment-images.s3.amazonaws.com/Delphinium_nuttallianum/images/Delphinium_nuttallianum.13823344.jpg,4,17,0,FALSE,2,7,A3JRTM431HWDYK,22876,35.17,2024/4/17,5:30:35,3UUIU9GZDOP4BWXVY1WY7NUGK6LT5R,FALSE
13017415,Delphinium_nuttallianum,9197080,302578,https://crowdcurio-experiment-images.s3.amazonaws.com/Delphinium_nuttallianum/images/Delphinium_nuttallianum.13017415.jpg,0,2,0,FALSE,1,1,A1WYHR1KCZRVAD,22892,5.91,2024/4/17,5:30:08,3UUIU9GZDOP4BWXVY1WY7NUGK6LT5R,FALSE
1665790,Delphinium_nuttallianum,9197115,302243,https://crowdcurio-experiment-images.s3.amazonaws.com/Delphinium_nuttallianum/images/Delphinium_nuttallianum.1665790.jpg,0,2,0,FALSE,1,2,A1WYHR1KCZRVAD,22892,5.28,2024/4/17,5:30:15,3UUIU9GZDOP4BWXVY1WY7NUGK6LT5R,FALSE
1668474,Delphinium_nuttallianum,9197172,302244,https://crowdcurio-experiment-images.s3.amazonaws.com/Delphinium_nuttallianum/images/Delphinium_nuttallianum.1668474.jpg,0,4,0,FALSE,1,3,A1WYHR1KCZRVAD,22892,7.23,2024/4/17,5:30:23,3UUIU9GZDOP4BWXVY1WY7NUGK6LT5R,FALSE
13017181,Delphinium_nuttallianum,9197243,302576,https://crowdcurio-experiment-images.s3.amazonaws.com/Delphinium_nuttallianum/images/Delphinium_nuttallianum.13017181.jpg,0,2,0,FALSE,1,4,A1WYHR1KCZRVAD,22892,7.26,2024/4/17,5:30:31,3UUIU9GZDOP4BWXVY1WY7NUGK6LT5R,FALSE
13823342,Delphinium_nuttallianum,9197636,302630,https://crowdcurio-experiment-images.s3.amazonaws.com/Delphinium_nuttallianum/images/Delphinium_nuttallianum.13823342.jpg,28,20,0,FALSE,2,8,A3JRTM431HWDYK,22876,62.76,2024/4/17,5:31:40,3UUIU9GZDOP4BWXVY1WY7NUGK6LT5R,FALSE
13823340,Delphinium_nuttallianum,9197342,302628,https://crowdcurio-experiment-images.s3.amazonaws.com/Delphinium_nuttallianum/images/Delphinium_nuttallianum.13823340.jpg,0,0,2,FALSE,1,6,A1WYHR1KCZRVAD,22892,7.82,2024/4/17,5:30:48,3UUIU9GZDOP4BWXVY1WY7NUGK6LT5R,FALSE
1668474,Delphinium_nuttallianum,9197393,302244,https://crowdcurio-experiment-images.s3.amazonaws.com/Delphinium_nuttallianum/images/Delphinium_nuttallianum.1668474.jpg,0,4,0,TRUE,1,7,A1WYHR1KCZRVAD,22892,6.92,2024/4/17,5:30:56,3UUIU9GZDOP4BWXVY1WY7NUGK6LT5R,FALSE
13017342,Delphinium_nuttallianum,9197449,302577,https://crowdcurio-experiment-images.s3.amazonaws.com/Delphinium_nuttallianum/images/Delphinium_nuttallianum.13017342.jpg,0,0,4,FALSE,1,8,A1WYHR1KCZRVAD,22892,7.69,2024/4/17,5:31:05,3UUIU9GZDOP4BWXVY1WY7NUGK6LT5R,FALSE
1670896,Delphinium_nuttallianum,9197500,302245,https://crowdcurio-experiment-images.s3.amazonaws.com/Delphinium_nuttallianum/images/Delphinium_nuttallianum.1670896.jpg,0,4,0,FALSE,1,9,A1WYHR1KCZRVAD,22892,6.79,2024/4/17,5:31:14,3UUIU9GZDOP4BWXVY1WY7NUGK6LT5R,FALSE
13006404,Delphinium_nuttallianum,9197540,302569,https://crowdcurio-experiment-images.s3.amazonaws.com/Delphinium_nuttallianum/images/Delphinium_nuttallianum.13006404.jpg,0,3,0,FALSE,1,10,A1WYHR1KCZRVAD,22892,5.6,2024/4/17,5:31:21,3UUIU9GZDOP4BWXVY1WY7NUGK6LT5R,FALSE
20605796,Delphinium_nuttallianum,9197625,302797,https://crowdcurio-experiment-images.s3.amazonaws.com/Delphinium_nuttallianum/images/Delphinium_nuttallianum.20605796.jpg,0,3,0,FALSE,2,1,A1WYHR1KCZRVAD,22892,6.68,2024/4/17,5:31:38,3UUIU9GZDOP4BWXVY1WY7NUGK6LT5R,FALSE
20008352,Delphinium_nuttallianum,9197665,302793,https://crowdcurio-experiment-images.s3.amazonaws.com/Delphinium_nuttallianum/images/Delphinium_nuttallianum.20008352.jpg,0,3,0,FALSE,2,2,A1WYHR1KCZRVAD,22892,6.76,2024/4/17,5:31:46,3UUIU9GZDOP4BWXVY1WY7NUGK6LT5R,FALSE
27169943,Delphinium_nuttallianum,9197892,302894,https://crowdcurio-experiment-images.s3.amazonaws.com/Delphinium_nuttallianum/images/Delphinium_nuttallianum.27169943.jpg,2,10,11,FALSE,2,9,A3JRTM431HWDYK,22876,37.03,2024/4/17,5:32:18,3UUIU9GZDOP4BWXVY1WY7NUGK6LT5R,FALSE
20606170,Delphinium_nuttallianum,9197717,302798,https://crowdcurio-experiment-images.s3.amazonaws.com/Delphinium_nuttallianum/images/Delphinium_nuttallianum.20606170.jpg,0,4,0,FALSE,2,3,A1WYHR1KCZRVAD,22892,5.77,2024/4/17,5:31:55,3UUIU9GZDOP4BWXVY1WY7NUGK6LT5R,FALSE
20864525,Delphinium_nuttallianum,9197789,302800,https://crowdcurio-experiment-images.s3.amazonaws.com/Delphinium_nuttallianum/images/Delphinium_nuttallianum.20864525.jpg,0,3,0,FALSE,2,4,A1WYHR1KCZRVAD,22892,8.64,2024/4/17,5:32:05,3UUIU9GZDOP4BWXVY1WY7NUGK6LT5R,FALSE
20007747,Delphinium_nuttallianum,9197849,302792,https://crowdcurio-experiment-images.s3.amazonaws.com/Delphinium_nuttallianum/images/Delphinium_nuttallianum.20007747.jpg,0,2,0,FALSE,2,5,A1WYHR1KCZRVAD,22892,5.54,2024/4/17,5:32:12,3UUIU9GZDOP4BWXVY1WY7NUGK6LT5R,FALSE
20316651,Delphinium_nuttallianum,9197905,302794,https://crowdcurio-experiment-images.s3.amazonaws.com/Delphinium_nuttallianum/images/Delphinium_nuttallianum.20316651.jpg,0,3,0,FALSE,2,6,A1WYHR1KCZRVAD,22892,6.63,2024/4/17,5:32:21,3UUIU9GZDOP4BWXVY1WY7NUGK6LT5R,FALSE
20327894,Delphinium_nuttallianum,9197974,302795,https://crowdcurio-experiment-images.s3.amazonaws.com/Delphinium_nuttallianum/images/Delphinium_nuttallianum.20327894.jpg,0,3,0,FALSE,2,7,A1WYHR1KCZRVAD,22892,7.65,2024/4/17,5:32:30,3UUIU9GZDOP4BWXVY1WY7NUGK6LT5R,FALSE
20607240,Delphinium_nuttallianum,9198055,302799,https://crowdcurio-experiment-images.s3.amazonaws.com/Delphinium_nuttallianum/images/Delphinium_nuttallianum.20607240.jpg,0,3,0,FALSE,2,8,A1WYHR1KCZRVAD,22892,7,2024/4/17,5:32:39,3UUIU9GZDOP4BWXVY1WY7NUGK6LT5R,FALSE
20327917,Delphinium_nuttallianum,9198143,302796,https://crowdcurio-experiment-images.s3.amazonaws.com/Delphinium_nuttallianum/images/Delphinium_nuttallianum.20327917.jpg,0,4,0,FALSE,2,9,A1WYHR1KCZRVAD,22892,7.22,2024/4/17,5:32:48,3UUIU9GZDOP4BWXVY1WY7NUGK6LT5R,FALSE
20607240,Delphinium_nuttallianum,9198244,302799,https://crowdcurio-experiment-images.s3.amazonaws.com/Delphinium_nuttallianum/images/Delphinium_nuttallianum.20607240.jpg,0,2,2,TRUE,2,10,A1WYHR1KCZRVAD,22892,11.38,2024/4/17,5:33:01,3UUIU9GZDOP4BWXVY1WY7NUGK6LT5R,FALSE
27169937,Delphinium_nuttallianum,9198483,302892,https://crowdcurio-experiment-images.s3.amazonaws.com/Delphinium_nuttallianum/images/Delphinium_nuttallianum.27169937.jpg,5,5,0,TRUE,2,10,A3JRTM431HWDYK,22876,76.74,2024/4/17,5:33:36,3UUIU9GZDOP4BWXVY1WY7NUGK6LT5R,FALSE
20006259,Delphinium_nuttallianum,9198977,302787,https://crowdcurio-experiment-images.s3.amazonaws.com/Delphinium_nuttallianum/images/Delphinium_nuttallianum.20006259.jpg,3,16,1,FALSE,3,1,A3JRTM431HWDYK,22876,60.34,2024/4/17,5:35:09,3UUIU9GZDOP4BWXVY1WY7NUGK6LT5R,FALSE
19996556,Delphinium_nuttallianum,9199098,302783,https://crowdcurio-experiment-images.s3.amazonaws.com/Delphinium_nuttallianum/images/Delphinium_nuttallianum.19996556.jpg,2,7,0,FALSE,3,2,A3JRTM431HWDYK,22876,18.27,2024/4/17,5:35:29,3UUIU9GZDOP4BWXVY1WY7NUGK6LT5R,FALSE
20006259,Delphinium_nuttallianum,9199369,302787,https://crowdcurio-experiment-images.s3.amazonaws.com/Delphinium_nuttallianum/images/Delphinium_nuttallianum.20006259.jpg,3,17,0,TRUE,3,3,A3JRTM431HWDYK,22876,35.53,2024/4/17,5:36:06,3UUIU9GZDOP4BWXVY1WY7NUGK6LT5R,FALSE
19997218,Delphinium_nuttallianum,9199739,302785,https://crowdcurio-experiment-images.s3.amazonaws.com/Delphinium_nuttallianum/images/Delphinium_nuttallianum.19997218.jpg,5,13,0,FALSE,3,4,A3JRTM431HWDYK,22876,53.85,2024/4/17,5:37:01,3UUIU9GZDOP4BWXVY1WY7NUGK6LT5R,FALSE
20864745,Delphinium_nuttallianum,9201487,302805,https://crowdcurio-experiment-images.s3.amazonaws.com/Delphinium_nuttallianum/images/Delphinium_nuttallianum.20864745.jpg,0,1,15,FALSE,1,1,A7C7M5G894YHW,20634,88.56,2024/4/17,5:41:29,3UUIU9GZDOP4BWXVY1WY7NUGK6LT5R,FALSE
19997977,Delphinium_nuttallianum,9200195,302786,https://crowdcurio-experiment-images.s3.amazonaws.com/Delphinium_nuttallianum/images/Delphinium_nuttallianum.19997977.jpg,6,12,11,FALSE,3,5,A3JRTM431HWDYK,22876,61.16,2024/4/17,5:38:04,3UUIU9GZDOP4BWXVY1WY7NUGK6LT5R,FALSE
19996619,Delphinium_nuttallianum,9200330,302784,https://crowdcurio-experiment-images.s3.amazonaws.com/Delphinium_nuttallianum/images/Delphinium_nuttallianum.19996619.jpg,1,4,1,FALSE,3,6,A3JRTM431HWDYK,22876,19.54,2024/4/17,5:38:25,3UUIU9GZDOP4BWXVY1WY7NUGK6LT5R,FALSE
12971311,Delphinium_nuttallianum,9200729,302565,https://crowdcurio-experiment-images.s3.amazonaws.com/Delphinium_nuttallianum/images/Delphinium_nuttallianum.12971311.jpg,4,9,11,FALSE,1,1,A7C7M5G894YHW,20634,121.33,2024/4/17,5:39:32,3UUIU9GZDOP4BWXVY1WY7NUGK6LT5R,FALSE
20006527,Delphinium_nuttallianum,9200541,302788,https://crowdcurio-experiment-images.s3.amazonaws.com/Delphinium_nuttallianum/images/Delphinium_nuttallianum.20006527.jpg,0,5,2,FALSE,3,7,A3JRTM431HWDYK,22876,34.91,2024/4/17,5:39:02,3UUIU9GZDOP4BWXVY1WY7NUGK6LT5R,FALSE
20006564,Delphinium_nuttallianum,9200733,302790,https://crowdcurio-experiment-images.s3.amazonaws.com/Delphinium_nuttallianum/images/Delphinium_nuttallianum.20006564.jpg,3,11,0,FALSE,3,8,A3JRTM431HWDYK,22876,28.74,2024/4/17,5:39:32,3UUIU9GZDOP4BWXVY1WY7NUGK6LT5R,FALSE
20006554,Delphinium_nuttallianum,9200982,302789,https://crowdcurio-experiment-images.s3.amazonaws.com/Delphinium_nuttallianum/images/Delphinium_nuttallianum.20006554.jpg,2,12,0,FALSE,3,9,A3JRTM431HWDYK,22876,30.81,2024/4/17,5:40:04,3UUIU9GZDOP4BWXVY1WY7NUGK6LT5R,FALSE
12980277,Delphinium_nuttallianum,9200863,302567,https://crowdcurio-experiment-images.s3.amazonaws.com/Delphinium_nuttallianum/images/Delphinium_nuttallianum.12980277.jpg,0,5,0,FALSE,1,2,A7C7M5G894YHW,20634,13.34,2024/4/17,5:39:48,3UUIU9GZDOP4BWXVY1WY7NUGK6LT5R,FALSE
12970199,Delphinium_nuttallianum,9200947,302564,https://crowdcurio-experiment-images.s3.amazonaws.com/Delphinium_nuttallianum/images/Delphinium_nuttallianum.12970199.jpg,0,2,0,FALSE,1,3,A7C7M5G894YHW,20634,7.29,2024/4/17,5:39:59,3UUIU9GZDOP4BWXVY1WY7NUGK6LT5R,FALSE
20006682,Delphinium_nuttallianum,9201264,302791,https://crowdcurio-experiment-images.s3.amazonaws.com/Delphinium_nuttallianum/images/Delphinium_nuttallianum.20006682.jpg,3,16,1,FALSE,3,10,A3JRTM431HWDYK,22876,44.79,2024/4/17,5:40:51,3UUIU9GZDOP4BWXVY1WY7NUGK6LT5R,FALSE
19989263,Delphinium_nuttallianum,9201711,302776,https://crowdcurio-experiment-images.s3.amazonaws.com/Delphinium_nuttallianum/images/Delphinium_nuttallianum.19989263.jpg,0,28,0,FALSE,4,1,A3JRTM431HWDYK,22876,62.27,2024/4/17,5:42:15,3UUIU9GZDOP4BWXVY1WY7NUGK6LT5R,FALSE
20864533,Delphinium_nuttallianum,9201551,302801,https://crowdcurio-experiment-images.s3.amazonaws.com/Delphinium_nuttallianum/images/Delphinium_nuttallianum.20864533.jpg,0,2,0,FALSE,1,5,A7C7M5G894YHW,20634,6.48,2024/4/17,5:41:38,3UUIU9GZDOP4BWXVY1WY7NUGK6LT5R,FALSE
20864745,Delphinium_nuttallianum,9201592,302805,https://crowdcurio-experiment-images.s3.amazonaws.com/Delphinium_nuttallianum/images/Delphinium_nuttallianum.20864745.jpg,0,3,0,TRUE,1,6,A7C7M5G894YHW,20634,7.39,2024/4/17,5:41:47,3UUIU9GZDOP4BWXVY1WY7NUGK6LT5R,FALSE
20991145,Delphinium_nuttallianum,9201634,302806,https://crowdcurio-experiment-images.s3.amazonaws.com/Delphinium_nuttallianum/images/Delphinium_nuttallianum.20991145.jpg,0,0,2,FALSE,1,7,A7C7M5G894YHW,20634,5.1,2024/4/17,5:41:57,3UUIU9GZDOP4BWXVY1WY7NUGK6LT5R,FALSE
13006361,Delphinium_nuttallianum,9201687,302568,https://crowdcurio-experiment-images.s3.amazonaws.com/Delphinium_nuttallianum/images/Delphinium_nuttallianum.13006361.jpg,0,3,0,FALSE,1,8,A7C7M5G894YHW,20634,6.14,2024/4/17,5:42:08,3UUIU9GZDOP4BWXVY1WY7NUGK6LT5R,FALSE
21177517,Delphinium_nuttallianum,9201730,302807,https://crowdcurio-experiment-images.s3.amazonaws.com/Delphinium_nuttallianum/images/Delphinium_nuttallianum.21177517.jpg,0,2,0,FALSE,1,9,A7C7M5G894YHW,20634,8.16,2024/4/17,5:42:20,3UUIU9GZDOP4BWXVY1WY7NUGK6LT5R,FALSE
19992051,Delphinium_nuttallianum,9201797,302778,https://crowdcurio-experiment-images.s3.amazonaws.com/Delphinium_nuttallianum/images/Delphinium_nuttallianum.19992051.jpg,0,3,0,FALSE,4,2,A3JRTM431HWDYK,22876,21.14,2024/4/17,5:42:37,3UUIU9GZDOP4BWXVY1WY7NUGK6LT5R,FALSE
12980122,Delphinium_nuttallianum,9201777,302566,https://crowdcurio-experiment-images.s3.amazonaws.com/Delphinium_nuttallianum/images/Delphinium_nuttallianum.12980122.jpg,0,2,0,FALSE,1,10,A7C7M5G894YHW,20634,7.16,2024/4/17,5:42:32,3UUIU9GZDOP4BWXVY1WY7NUGK6LT5R,FALSE
19994343,Delphinium_nuttallianum,9202110,302782,https://crowdcurio-experiment-images.s3.amazonaws.com/Delphinium_nuttallianum/images/Delphinium_nuttallianum.19994343.jpg,17,4,0,FALSE,4,3,A3JRTM431HWDYK,22876,58.34,2024/4/17,5:43:38,3UUIU9GZDOP4BWXVY1WY7NUGK6LT5R,FALSE
16503490,Delphinium_nuttallianum,9202302,302760,https://crowdcurio-experiment-images.s3.amazonaws.com/Delphinium_nuttallianum/images/Delphinium_nuttallianum.16503490.jpg,0,10,4,FALSE,4,4,A3JRTM431HWDYK,22876,31.99,2024/4/17,5:44:12,3UUIU9GZDOP4BWXVY1WY7NUGK6LT5R,FALSE
15811200,Delphinium_nuttallianum,9202429,302758,https://crowdcurio-experiment-images.s3.amazonaws.com/Delphinium_nuttallianum/images/Delphinium_nuttallianum.15811200.jpg,0,14,3,FALSE,4,5,A3JRTM431HWDYK,22876,30.88,2024/4/17,5:44:44,3UUIU9GZDOP4BWXVY1WY7NUGK6LT5R,FALSE
19992483,Delphinium_nuttallianum,9202670,302779,https://crowdcurio-experiment-images.s3.amazonaws.com/Delphinium_nuttallianum/images/Delphinium_nuttallianum.19992483.jpg,21,8,0,FALSE,4,6,A3JRTM431HWDYK,22876,33.37,2024/4/17,5:45:20,3UUIU9GZDOP4BWXVY1WY7NUGK6LT5R,FALSE
16899104,Delphinium_nuttallianum,9202768,302761,https://crowdcurio-experiment-images.s3.amazonaws.com/Delphinium_nuttallianum/images/Delphinium_nuttallianum.16899104.jpg,3,1,0,FALSE,4,7,A3JRTM431HWDYK,22876,16.27,2024/4/17,5:45:38,3UUIU9GZDOP4BWXVY1WY7NUGK6LT5R,FALSE
1716684,Delphinium_nuttallianum,9202889,302263,https://crowdcurio-experiment-images.s3.amazonaws.com/Delphinium_nuttallianum/images/Delphinium_nuttallianum.1716684.jpg,3,11,1,FALSE,4,8,A3JRTM431HWDYK,22876,20.31,2024/4/17,5:46:00,3UUIU9GZDOP4BWXVY1WY7NUGK6LT5R,FALSE
19993255,Delphinium_nuttallianum,9203165,302781,https://crowdcurio-experiment-images.s3.amazonaws.com/Delphinium_nuttallianum/images/Delphinium_nuttallianum.19993255.jpg,2,15,3,FALSE,4,9,A3JRTM431HWDYK,22876,34.81,2024/4/17,5:46:36,3UUIU9GZDOP4BWXVY1WY7NUGK6LT5R,FALSE
1716684,Delphinium_nuttallianum,9203305,302263,https://crowdcurio-experiment-images.s3.amazonaws.com/Delphinium_nuttallianum/images/Delphinium_nuttallianum.1716684.jpg,3,11,2,TRUE,4,10,A3JRTM431HWDYK,22876,20.93,2024/4/17,5:46:58,3UUIU9GZDOP4BWXVY1WY7NUGK6LT5R,FALSE
13825106,Delphinium_nuttallianum,9203739,302719,https://crowdcurio-experiment-images.s3.amazonaws.com/Delphinium_nuttallianum/images/Delphinium_nuttallianum.13825106.jpg,0,10,18,FALSE,5,1,A3JRTM431HWDYK,22876,43.71,2024/4/17,5:48:03,3UUIU9GZDOP4BWXVY1WY7NUGK6LT5R,FALSE
15225507,Delphinium_nuttallianum,9204070,302752,https://crowdcurio-experiment-images.s3.amazonaws.com/Delphinium_nuttallianum/images/Delphinium_nuttallianum.15225507.jpg,0,13,8,FALSE,5,2,A3JRTM431HWDYK,22876,38.04,2024/4/17,5:48:43,3UUIU9GZDOP4BWXVY1WY7NUGK6LT5R,FALSE
13824958,Delphinium_nuttallianum,9204261,302715,https://crowdcurio-experiment-images.s3.amazonaws.com/Delphinium_nuttallianum/images/Delphinium_nuttallianum.13824958.jpg,0,13,0,FALSE,5,3,A3JRTM431HWDYK,22876,26.9,2024/4/17,5:49:11,3UUIU9GZDOP4BWXVY1WY7NUGK6LT5R,FALSE
14801189,Delphinium_nuttallianum,9204466,302730,https://crowdcurio-experiment-images.s3.amazonaws.com/Delphinium_nuttallianum/images/Delphinium_nuttallianum.14801189.jpg,2,10,0,FALSE,5,4,A3JRTM431HWDYK,22876,26.07,2024/4/17,5:49:39,3UUIU9GZDOP4BWXVY1WY7NUGK6LT5R,FALSE
15222951,Delphinium_nuttallianum,9204528,302750,https://crowdcurio-experiment-images.s3.amazonaws.com/Delphinium_nuttallianum/images/Delphinium_nuttallianum.15222951.jpg,0,3,1,FALSE,5,5,A3JRTM431HWDYK,22876,11.39,2024/4/17,5:49:55,3UUIU9GZDOP4BWXVY1WY7NUGK6LT5R,FALSE
15371866,Delphinium_nuttallianum,9204831,302754,https://crowdcurio-experiment-images.s3.amazonaws.com/Delphinium_nuttallianum/images/Delphinium_nuttallianum.15371866.jpg,13,5,1,FALSE,5,6,A3JRTM431HWDYK,22876,29.07,2024/4/17,5:50:28,3UUIU9GZDOP4BWXVY1WY7NUGK6LT5R,FALSE
14812740,Delphinium_nuttallianum,9205038,302732,https://crowdcurio-experiment-images.s3.amazonaws.com/Delphinium_nuttallianum/images/Delphinium_nuttallianum.14812740.jpg,1,14,1,FALSE,5,7,A3JRTM431HWDYK,22876,23.69,2024/4/17,5:50:54,3UUIU9GZDOP4BWXVY1WY7NUGK6LT5R,FALSE
13824976,Delphinium_nuttallianum,9205189,302716,https://crowdcurio-experiment-images.s3.amazonaws.com/Delphinium_nuttallianum/images/Delphinium_nuttallianum.13824976.jpg,0,5,1,FALSE,5,8,A3JRTM431HWDYK,22876,19.13,2024/4/17,5:51:14,3UUIU9GZDOP4BWXVY1WY7NUGK6LT5R,FALSE
14812740,Delphinium_nuttallianum,9205366,302732,https://crowdcurio-experiment-images.s3.amazonaws.com/Delphinium_nuttallianum/images/Delphinium_nuttallianum.14812740.jpg,1,13,1,TRUE,5,9,A3JRTM431HWDYK,22876,22.97,2024/4/17,5:51:38,3UUIU9GZDOP4BWXVY1WY7NUGK6LT5R,FALSE
15225903,Delphinium_nuttallianum,9205606,302753,https://crowdcurio-experiment-images.s3.amazonaws.com/Delphinium_nuttallianum/images/Delphinium_nuttallianum.15225903.jpg,0,11,3,FALSE,5,10,A3JRTM431HWDYK,22876,28.34,2024/4/17,5:52:09,3UUIU9GZDOP4BWXVY1WY7NUGK6LT5R,FALSE
13824868,Delphinium_nuttallianum,9211907,302713,https://crowdcurio-experiment-images.s3.amazonaws.com/Delphinium_nuttallianum/images/Delphinium_nuttallianum.13824868.jpg,3,41,0,FALSE,6,5,A3JRTM431HWDYK,22876,41.92,2024/4/17,6:07:31,3UUIU9GZDOP4BWXVY1WY7NUGK6LT5R,FALSE
13824689,Delphinium_nuttallianum,9209205,302708,https://crowdcurio-experiment-images.s3.amazonaws.com/Delphinium_nuttallianum/images/Delphinium_nuttallianum.13824689.jpg,0,22,9,FALSE,1,1,A3JRTM431HWDYK,22876,47.81,2024/4/17,6:00:52,3UUIU9GZDOP4BWXVY1WY7NUGK6LT5R,FALSE
13824726,Delphinium_nuttallianum,9211197,302709,https://crowdcurio-experiment-images.s3.amazonaws.com/Delphinium_nuttallianum/images/Delphinium_nuttallianum.13824726.jpg,9,1,0,FALSE,1,2,A3JRTM431HWDYK,22876,297.12,2024/4/17,6:05:54,3UUIU9GZDOP4BWXVY1WY7NUGK6LT5R,FALSE
13824614,Delphinium_nuttallianum,9211358,302703,https://crowdcurio-experiment-images.s3.amazonaws.com/Delphinium_nuttallianum/images/Delphinium_nuttallianum.13824614.jpg,0,6,1,FALSE,1,3,A3JRTM431HWDYK,22876,25.59,2024/4/17,6:06:20,3UUIU9GZDOP4BWXVY1WY7NUGK6LT5R,FALSE
13824646,Delphinium_nuttallianum,9211574,302706,https://crowdcurio-experiment-images.s3.amazonaws.com/Delphinium_nuttallianum/images/Delphinium_nuttallianum.13824646.jpg,2,9,6,FALSE,1,4,A3JRTM431HWDYK,22876,27.06,2024/4/17,6:06:48,3UUIU9GZDOP4BWXVY1WY7NUGK6LT5R,FALSE
13824795,Delphinium_nuttallianum,9212037,302710,https://crowdcurio-experiment-images.s3.amazonaws.com/Delphinium_nuttallianum/images/Delphinium_nuttallianum.13824795.jpg,0,4,4,FALSE,1,6,A3JRTM431HWDYK,22876,16.84,2024/4/17,6:07:49,3UUIU9GZDOP4BWXVY1WY7NUGK6LT5R,FALSE
13824808,Delphinium_nuttallianum,9212158,302711,https://crowdcurio-experiment-images.s3.amazonaws.com/Delphinium_nuttallianum/images/Delphinium_nuttallianum.13824808.jpg,1,5,0,FALSE,1,7,A3JRTM431HWDYK,22876,12.71,2024/4/17,6:08:04,3UUIU9GZDOP4BWXVY1WY7NUGK6LT5R,FALSE
13824831,Delphinium_nuttallianum,9212354,302712,https://crowdcurio-experiment-images.s3.amazonaws.com/Delphinium_nuttallianum/images/Delphinium_nuttallianum.13824831.jpg,0,10,3,FALSE,1,8,A3JRTM431HWDYK,22876,27.39,2024/4/17,6:08:33,3UUIU9GZDOP4BWXVY1WY7NUGK6LT5R,FALSE
13824646,Delphinium_nuttallianum,9212695,302706,https://crowdcurio-experiment-images.s3.amazonaws.com/Delphinium_nuttallianum/images/Delphinium_nuttallianum.13824646.jpg,2,9,6,TRUE,1,9,A3JRTM431HWDYK,22876,47.25,2024/4/17,6:09:22,3UUIU9GZDOP4BWXVY1WY7NUGK6LT5R,FALSE
13824678,Delphinium_nuttallianum,9212926,302707,https://crowdcurio-experiment-images.s3.amazonaws.com/Delphinium_nuttallianum/images/Delphinium_nuttallianum.13824678.jpg,0,9,8,FALSE,1,10,A3JRTM431HWDYK,22876,26.42,2024/4/17,6:09:50,3UUIU9GZDOP4BWXVY1WY7NUGK6LT5R,FALSE
1617971,Delphinium_nuttallianum,9225260,302204,https://crowdcurio-experiment-images.s3.amazonaws.com/Delphinium_nuttallianum/images/Delphinium_nuttallianum.1617971.jpg,7,16,0,FALSE,2,8,A3JRTM431HWDYK,22876,26.05,2024/4/17,6:41:59,3UUIU9GZDOP4BWXVY1WY7NUGK6LT5R,FALSE
1502377,Delphinium_nuttallianum,9216637,302135,https://crowdcurio-experiment-images.s3.amazonaws.com/Delphinium_nuttallianum/images/Delphinium_nuttallianum.1502377.jpg,0,9,0,FALSE,1,1,A3GRBNEZF8U3T,20778,23.66,2024/4/17,6:20:06,3UUIU9GZDOP4BWXVY1WY7NUGK6LT5R,FALSE
1343002,Delphinium_nuttallianum,9216797,302115,https://crowdcurio-experiment-images.s3.amazonaws.com/Delphinium_nuttallianum/images/Delphinium_nuttallianum.1343002.jpg,0,11,0,FALSE,1,2,A3GRBNEZF8U3T,20778,19.71,2024/4/17,6:20:30,3UUIU9GZDOP4BWXVY1WY7NUGK6LT5R,FALSE
1502377,Delphinium_nuttallianum,9216922,302135,https://crowdcurio-experiment-images.s3.amazonaws.com/Delphinium_nuttallianum/images/Delphinium_nuttallianum.1502377.jpg,0,9,0,TRUE,1,3,A3GRBNEZF8U3T,20778,17.3,2024/4/17,6:20:49,3UUIU9GZDOP4BWXVY1WY7NUGK6LT5R,FALSE
1617922,Delphinium_nuttallianum,9217111,302203,https://crowdcurio-experiment-images.s3.amazonaws.com/Delphinium_nuttallianum/images/Delphinium_nuttallianum.1617922.jpg,0,17,0,FALSE,1,4,A3GRBNEZF8U3T,20778,31.64,2024/4/17,6:21:25,3UUIU9GZDOP4BWXVY1WY7NUGK6LT5R,FALSE
1414800,Delphinium_nuttallianum,9217235,302120,https://crowdcurio-experiment-images.s3.amazonaws.com/Delphinium_nuttallianum/images/Delphinium_nuttallianum.1414800.jpg,0,2,2,FALSE,1,5,A3GRBNEZF8U3T,20778,15.56,2024/4/17,6:21:45,3UUIU9GZDOP4BWXVY1WY7NUGK6LT5R,FALSE
1399565,Delphinium_nuttallianum,9217459,302118,https://crowdcurio-experiment-images.s3.amazonaws.com/Delphinium_nuttallianum/images/Delphinium_nuttallianum.1399565.jpg,20,8,0,FALSE,1,6,A3GRBNEZF8U3T,20778,32.14,2024/4/17,6:22:21,3UUIU9GZDOP4BWXVY1WY7NUGK6LT5R,FALSE
1617855,Delphinium_nuttallianum,9217855,302202,https://crowdcurio-experiment-images.s3.amazonaws.com/Delphinium_nuttallianum/images/Delphinium_nuttallianum.1617855.jpg,21,17,0,FALSE,1,7,A3GRBNEZF8U3T,20778,56.01,2024/4/17,6:23:24,3UUIU9GZDOP4BWXVY1WY7NUGK6LT5R,FALSE
1340484,Delphinium_nuttallianum,9218004,302105,https://crowdcurio-experiment-images.s3.amazonaws.com/Delphinium_nuttallianum/images/Delphinium_nuttallianum.1340484.jpg,0,12,0,FALSE,1,8,A3GRBNEZF8U3T,20778,27.39,2024/4/17,6:23:58,3UUIU9GZDOP4BWXVY1WY7NUGK6LT5R,FALSE
1398089,Delphinium_nuttallianum,9218160,302117,https://crowdcurio-experiment-images.s3.amazonaws.com/Delphinium_nuttallianum/images/Delphinium_nuttallianum.1398089.jpg,0,12,7,FALSE,1,9,A3GRBNEZF8U3T,20778,34.32,2024/4/17,6:24:38,3UUIU9GZDOP4BWXVY1WY7NUGK6LT5R,FALSE
1343518,Delphinium_nuttallianum,9218357,302116,https://crowdcurio-experiment-images.s3.amazonaws.com/Delphinium_nuttallianum/images/Delphinium_nuttallianum.1343518.jpg,2,5,0,FALSE,1,10,A3GRBNEZF8U3T,20778,32.09,2024/4/17,6:25:16,3UUIU9GZDOP4BWXVY1WY7NUGK6LT5R,FALSE
1339723,Delphinium_nuttallianum,9218743,302101,https://crowdcurio-experiment-images.s3.amazonaws.com/Delphinium_nuttallianum/images/Delphinium_nuttallianum.1339723.jpg,3,11,0,FALSE,2,1,A3GRBNEZF8U3T,20778,46.55,2024/4/17,6:26:29,3UUIU9GZDOP4BWXVY1WY7NUGK6LT5R,FALSE
1340306,Delphinium_nuttallianum,9219003,302104,https://crowdcurio-experiment-images.s3.amazonaws.com/Delphinium_nuttallianum/images/Delphinium_nuttallianum.1340306.jpg,0,15,0,FALSE,2,2,A3GRBNEZF8U3T,20778,24.87,2024/4/17,6:27:01,3UUIU9GZDOP4BWXVY1WY7NUGK6LT5R,FALSE
1340100,Delphinium_nuttallianum,9219221,302103,https://crowdcurio-experiment-images.s3.amazonaws.com/Delphinium_nuttallianum/images/Delphinium_nuttallianum.1340100.jpg,0,5,4,FALSE,2,3,A3GRBNEZF8U3T,20778,27.91,2024/4/17,6:27:34,3UUIU9GZDOP4BWXVY1WY7NUGK6LT5R,FALSE
3231379,Delphinium_nuttallianum,9219448,302399,https://crowdcurio-experiment-images.s3.amazonaws.com/Delphinium_nuttallianum/images/Delphinium_nuttallianum.3231379.jpg,0,8,0,FALSE,2,4,A3GRBNEZF8U3T,20778,30,2024/4/17,6:28:09,3UUIU9GZDOP4BWXVY1WY7NUGK6LT5R,FALSE
1340045,Delphinium_nuttallianum,9219669,302102,https://crowdcurio-experiment-images.s3.amazonaws.com/Delphinium_nuttallianum/images/Delphinium_nuttallianum.1340045.jpg,0,7,1,FALSE,2,5,A3GRBNEZF8U3T,20778,20.52,2024/4/17,6:28:34,3UUIU9GZDOP4BWXVY1WY7NUGK6LT5R,FALSE
3231379,Delphinium_nuttallianum,9219949,302399,https://crowdcurio-experiment-images.s3.amazonaws.com/Delphinium_nuttallianum/images/Delphinium_nuttallianum.3231379.jpg,0,9,0,TRUE,2,6,A3GRBNEZF8U3T,20778,33.05,2024/4/17,6:29:09,3UUIU9GZDOP4BWXVY1WY7NUGK6LT5R,FALSE
3226452,Delphinium_nuttallianum,9220330,302398,https://crowdcurio-experiment-images.s3.amazonaws.com/Delphinium_nuttallianum/images/Delphinium_nuttallianum.3226452.jpg,11,5,0,FALSE,2,7,A3GRBNEZF8U3T,20778,40.88,2024/4/17,6:29:55,3UUIU9GZDOP4BWXVY1WY7NUGK6LT5R,FALSE
3126763,Delphinium_nuttallianum,9220561,302395,https://crowdcurio-experiment-images.s3.amazonaws.com/Delphinium_nuttallianum/images/Delphinium_nuttallianum.3126763.jpg,3,5,0,FALSE,2,8,A3GRBNEZF8U3T,20778,26.14,2024/4/17,6:30:26,3UUIU9GZDOP4BWXVY1WY7NUGK6LT5R,FALSE
3226450,Delphinium_nuttallianum,9220952,302396,https://crowdcurio-experiment-images.s3.amazonaws.com/Delphinium_nuttallianum/images/Delphinium_nuttallianum.3226450.jpg,1,4,0,FALSE,2,9,A3GRBNEZF8U3T,20778,43.37,2024/4/17,6:31:16,3UUIU9GZDOP4BWXVY1WY7NUGK6LT5R,FALSE
3226451,Delphinium_nuttallianum,9221383,302397,https://crowdcurio-experiment-images.s3.amazonaws.com/Delphinium_nuttallianum/images/Delphinium_nuttallianum.3226451.jpg,13,11,0,FALSE,2,10,A3GRBNEZF8U3T,20778,56.64,2024/4/17,6:32:18,3UUIU9GZDOP4BWXVY1WY7NUGK6LT5R,FALSE
3110650,Delphinium_nuttallianum,9225210,302393,https://crowdcurio-experiment-images.s3.amazonaws.com/Delphinium_nuttallianum/images/Delphinium_nuttallianum.3110650.jpg,12,6,0,FALSE,1,2,A3GRBNEZF8U3T,20778,18.03,2024/4/17,6:41:51,3UUIU9GZDOP4BWXVY1WY7NUGK6LT5R,FALSE
1623392,Delphinium_nuttallianum,9224890,302213,https://crowdcurio-experiment-images.s3.amazonaws.com/Delphinium_nuttallianum/images/Delphinium_nuttallianum.1623392.jpg,12,36,8,FALSE,1,5,A3JRTM431HWDYK,22876,43.5,2024/4/17,6:41:04,3UUIU9GZDOP4BWXVY1WY7NUGK6LT5R,FALSE
3110646,Delphinium_nuttallianum,9226371,302391,https://crowdcurio-experiment-images.s3.amazonaws.com/Delphinium_nuttallianum/images/Delphinium_nuttallianum.3110646.jpg,0,8,3,FALSE,1,3,A3GRBNEZF8U3T,20778,19.74,2024/4/17,6:44:44,3UUIU9GZDOP4BWXVY1WY7NUGK6LT5R,FALSE
1656827,Delphinium_nuttallianum,9224059,302231,https://crowdcurio-experiment-images.s3.amazonaws.com/Delphinium_nuttallianum/images/Delphinium_nuttallianum.1656827.jpg,0,15,4,FALSE,1,1,A3JRTM431HWDYK,22876,32.17,2024/4/17,6:39:05,3UUIU9GZDOP4BWXVY1WY7NUGK6LT5R,FALSE
1621518,Delphinium_nuttallianum,9224261,302212,https://crowdcurio-experiment-images.s3.amazonaws.com/Delphinium_nuttallianum/images/Delphinium_nuttallianum.1621518.jpg,0,4,16,FALSE,1,2,A3JRTM431HWDYK,22876,30.01,2024/4/17,6:39:35,3UUIU9GZDOP4BWXVY1WY7NUGK6LT5R,FALSE
1658226,Delphinium_nuttallianum,9224421,302233,https://crowdcurio-experiment-images.s3.amazonaws.com/Delphinium_nuttallianum/images/Delphinium_nuttallianum.1658226.jpg,0,7,5,FALSE,1,3,A3JRTM431HWDYK,22876,21.1,2024/4/17,6:39:57,3UUIU9GZDOP4BWXVY1WY7NUGK6LT5R,FALSE
3103175,Delphinium_nuttallianum,9224451,302388,https://crowdcurio-experiment-images.s3.amazonaws.com/Delphinium_nuttallianum/images/Delphinium_nuttallianum.3103175.jpg,2,4,0,FALSE,1,1,A3GRBNEZF8U3T,20778,20.98,2024/4/17,6:40:03,3UUIU9GZDOP4BWXVY1WY7NUGK6LT5R,FALSE
1621293,Delphinium_nuttallianum,9224577,302211,https://crowdcurio-experiment-images.s3.amazonaws.com/Delphinium_nuttallianum/images/Delphinium_nuttallianum.1621293.jpg,0,9,2,FALSE,1,4,A3JRTM431HWDYK,22876,21.33,2024/4/17,6:40:20,3UUIU9GZDOP4BWXVY1WY7NUGK6LT5R,FALSE
3075407,Delphinium_nuttallianum,9224694,302385,https://crowdcurio-experiment-images.s3.amazonaws.com/Delphinium_nuttallianum/images/Delphinium_nuttallianum.3075407.jpg,8,5,0,FALSE,1,2,A3GRBNEZF8U3T,20778,25.8,2024/4/17,6:40:37,3UUIU9GZDOP4BWXVY1WY7NUGK6LT5R,FALSE
3075445,Delphinium_nuttallianum,9224993,302386,https://crowdcurio-experiment-images.s3.amazonaws.com/Delphinium_nuttallianum/images/Delphinium_nuttallianum.3075445.jpg,3,18,0,FALSE,1,3,A3GRBNEZF8U3T,20778,34.04,2024/4/17,6:41:19,3UUIU9GZDOP4BWXVY1WY7NUGK6LT5R,FALSE
1621293,Delphinium_nuttallianum,9225036,302211,https://crowdcurio-experiment-images.s3.amazonaws.com/Delphinium_nuttallianum/images/Delphinium_nuttallianum.1621293.jpg,0,10,3,TRUE,1,6,A3JRTM431HWDYK,22876,24.85,2024/4/17,6:41:31,3UUIU9GZDOP4BWXVY1WY7NUGK6LT5R,FALSE
3112737,Delphinium_nuttallianum,9225048,302394,https://crowdcurio-experiment-images.s3.amazonaws.com/Delphinium_nuttallianum/images/Delphinium_nuttallianum.3112737.jpg,0,3,0,FALSE,1,4,A3GRBNEZF8U3T,20778,9.34,2024/4/17,6:41:31,3UUIU9GZDOP4BWXVY1WY7NUGK6LT5R,FALSE
3075500,Delphinium_nuttallianum,9225370,302387,https://crowdcurio-experiment-images.s3.amazonaws.com/Delphinium_nuttallianum/images/Delphinium_nuttallianum.3075500.jpg,7,8,0,FALSE,1,6,A3GRBNEZF8U3T,20778,21.71,2024/4/17,6:42:14,3UUIU9GZDOP4BWXVY1WY7NUGK6LT5R,FALSE
1628207,Delphinium_nuttallianum,9225387,302215,https://crowdcurio-experiment-images.s3.amazonaws.com/Delphinium_nuttallianum/images/Delphinium_nuttallianum.1628207.jpg,0,4,3,FALSE,1,8,A3JRTM431HWDYK,22876,16.8,2024/4/17,6:42:16,3UUIU9GZDOP4BWXVY1WY7NUGK6LT5R,FALSE
3103176,Delphinium_nuttallianum,9225624,302389,https://crowdcurio-experiment-images.s3.amazonaws.com/Delphinium_nuttallianum/images/Delphinium_nuttallianum.3103176.jpg,10,6,0,FALSE,1,7,A3GRBNEZF8U3T,20778,28.48,2024/4/17,6:42:48,3UUIU9GZDOP4BWXVY1WY7NUGK6LT5R,FALSE
1623587,Delphinium_nuttallianum,9225595,302214,https://crowdcurio-experiment-images.s3.amazonaws.com/Delphinium_nuttallianum/images/Delphinium_nuttallianum.1623587.jpg,0,14,0,FALSE,1,9,A3JRTM431HWDYK,22876,25.95,2024/4/17,6:42:43,3UUIU9GZDOP4BWXVY1WY7NUGK6LT5R,FALSE
1657279,Delphinium_nuttallianum,9225896,302232,https://crowdcurio-experiment-images.s3.amazonaws.com/Delphinium_nuttallianum/images/Delphinium_nuttallianum.1657279.jpg,4,13,1,FALSE,1,10,A3JRTM431HWDYK,22876,46.17,2024/4/17,6:43:30,3UUIU9GZDOP4BWXVY1WY7NUGK6LT5R,FALSE
3075407,Delphinium_nuttallianum,9225804,302385,https://crowdcurio-experiment-images.s3.amazonaws.com/Delphinium_nuttallianum/images/Delphinium_nuttallianum.3075407.jpg,5,8,0,TRUE,1,8,A3GRBNEZF8U3T,20778,23.39,2024/4/17,6:43:16,3UUIU9GZDOP4BWXVY1WY7NUGK6LT5R,FALSE
3110649,Delphinium_nuttallianum,9226210,302392,https://crowdcurio-experiment-images.s3.amazonaws.com/Delphinium_nuttallianum/images/Delphinium_nuttallianum.3110649.jpg,23,1,0,FALSE,1,9,A3GRBNEZF8U3T,20778,57.3,2024/4/17,6:44:22,3UUIU9GZDOP4BWXVY1WY7NUGK6LT5R,FALSE
3030323,Delphinium_nuttallianum,9226284,302336,https://crowdcurio-experiment-images.s3.amazonaws.com/Delphinium_nuttallianum/images/Delphinium_nuttallianum.3030323.jpg,0,10,8,FALSE,2,1,A3JRTM431HWDYK,22876,32.55,2024/4/17,6:44:30,3UUIU9GZDOP4BWXVY1WY7NUGK6LT5R,FALSE
3015964,Delphinium_nuttallianum,9226900,302334,https://crowdcurio-experiment-images.s3.amazonaws.com/Delphinium_nuttallianum/images/Delphinium_nuttallianum.3015964.jpg,16,21,0,FALSE,2,2,A3JRTM431HWDYK,22876,77,2024/4/17,6:45:49,3UUIU9GZDOP4BWXVY1WY7NUGK6LT5R,FALSE
3045049,Delphinium_nuttallianum,9226729,302366,https://crowdcurio-experiment-images.s3.amazonaws.com/Delphinium_nuttallianum/images/Delphinium_nuttallianum.3045049.jpg,6,11,1,FALSE,1,1,ADP7AZD8LCILX,22918,49.11,2024/4/17,6:45:32,3UUIU9GZDOP4BWXVY1WY7NUGK6LT5R,FALSE
3044975,Delphinium_nuttallianum,9227024,302360,https://crowdcurio-experiment-images.s3.amazonaws.com/Delphinium_nuttallianum/images/Delphinium_nuttallianum.3044975.jpg,0,3,7,FALSE,1,2,ADP7AZD8LCILX,22918,30.98,2024/4/17,6:46:04,3UUIU9GZDOP4BWXVY1WY7NUGK6LT5R,FALSE
3030325,Delphinium_nuttallianum,9226994,302338,https://crowdcurio-experiment-images.s3.amazonaws.com/Delphinium_nuttallianum/images/Delphinium_nuttallianum.3030325.jpg,0,3,0,FALSE,2,3,A3JRTM431HWDYK,22876,8.75,2024/4/17,6:46:00,3UUIU9GZDOP4BWXVY1WY7NUGK6LT5R,FALSE
2885569,Delphinium_nuttallianum,9227473,302331,https://crowdcurio-experiment-images.s3.amazonaws.com/Delphinium_nuttallianum/images/Delphinium_nuttallianum.2885569.jpg,28,15,0,FALSE,2,4,A3JRTM431HWDYK,22876,54.31,2024/4/17,6:46:56,3UUIU9GZDOP4BWXVY1WY7NUGK6LT5R,FALSE
3030327,Delphinium_nuttallianum,9227157,302340,https://crowdcurio-experiment-images.s3.amazonaws.com/Delphinium_nuttallianum/images/Delphinium_nuttallianum.3030327.jpg,0,7,1,FALSE,1,3,ADP7AZD8LCILX,22918,14.76,2024/4/17,6:46:20,3UUIU9GZDOP4BWXVY1WY7NUGK6LT5R,FALSE
3030326,Delphinium_nuttallianum,9227260,302339,https://crowdcurio-experiment-images.s3.amazonaws.com/Delphinium_nuttallianum/images/Delphinium_nuttallianum.3030326.jpg,0,2,4,FALSE,1,4,ADP7AZD8LCILX,22918,11.71,2024/4/17,6:46:34,3UUIU9GZDOP4BWXVY1WY7NUGK6LT5R,FALSE
3044996,Delphinium_nuttallianum,9227591,302362,https://crowdcurio-experiment-images.s3.amazonaws.com/Delphinium_nuttallianum/images/Delphinium_nuttallianum.3044996.jpg,0,13,7,FALSE,1,5,ADP7AZD8LCILX,22918,34.48,2024/4/17,6:47:10,3UUIU9GZDOP4BWXVY1WY7NUGK6LT5R,FALSE
3015965,Delphinium_nuttallianum,9227732,302335,https://crowdcurio-experiment-images.s3.amazonaws.com/Delphinium_nuttallianum/images/Delphinium_nuttallianum.3015965.jpg,0,8,9,FALSE,2,5,A3JRTM431HWDYK,22876,27.73,2024/4/17,6:47:25,3UUIU9GZDOP4BWXVY1WY7NUGK6LT5R,FALSE
3045020,Delphinium_nuttallianum,9227840,302364,https://crowdcurio-experiment-images.s3.amazonaws.com/Delphinium_nuttallianum/images/Delphinium_nuttallianum.3045020.jpg,0,13,4,FALSE,1,6,ADP7AZD8LCILX,22918,26.07,2024/4/17,6:47:37,3UUIU9GZDOP4BWXVY1WY7NUGK6LT5R,FALSE
3015962,Delphinium_nuttallianum,9227945,302332,https://crowdcurio-experiment-images.s3.amazonaws.com/Delphinium_nuttallianum/images/Delphinium_nuttallianum.3015962.jpg,5,6,0,FALSE,2,6,A3JRTM431HWDYK,22876,22.38,2024/4/17,6:47:51,3UUIU9GZDOP4BWXVY1WY7NUGK6LT5R,FALSE
3045030,Delphinium_nuttallianum,9228282,302365,https://crowdcurio-experiment-images.s3.amazonaws.com/Delphinium_nuttallianum/images/Delphinium_nuttallianum.3045030.jpg,14,19,0,FALSE,1,7,ADP7AZD8LCILX,22918,47.27,2024/4/17,6:48:26,3UUIU9GZDOP4BWXVY1WY7NUGK6LT5R,FALSE
3030324,Delphinium_nuttallianum,9228279,302337,https://crowdcurio-experiment-images.s3.amazonaws.com/Delphinium_nuttallianum/images/Delphinium_nuttallianum.3030324.jpg,3,15,0,FALSE,2,7,A3JRTM431HWDYK,22876,32.36,2024/4/17,6:48:26,3UUIU9GZDOP4BWXVY1WY7NUGK6LT5R,FALSE
3030325,Delphinium_nuttallianum,9228387,302338,https://crowdcurio-experiment-images.s3.amazonaws.com/Delphinium_nuttallianum/images/Delphinium_nuttallianum.3030325.jpg,0,3,0,TRUE,2,8,A3JRTM431HWDYK,22876,9.67,2024/4/17,6:48:36,3UUIU9GZDOP4BWXVY1WY7NUGK6LT5R,FALSE
3045049,Delphinium_nuttallianum,9228556,302366,https://crowdcurio-experiment-images.s3.amazonaws.com/Delphinium_nuttallianum/images/Delphinium_nuttallianum.3045049.jpg,4,10,1,TRUE,1,8,ADP7AZD8LCILX,22918,27.28,2024/4/17,6:48:57,3UUIU9GZDOP4BWXVY1WY7NUGK6LT5R,FALSE
2885533,Delphinium_nuttallianum,9228685,302330,https://crowdcurio-experiment-images.s3.amazonaws.com/Delphinium_nuttallianum/images/Delphinium_nuttallianum.2885533.jpg,0,12,4,FALSE,2,9,A3JRTM431HWDYK,22876,31.95,2024/4/17,6:49:10,3UUIU9GZDOP4BWXVY1WY7NUGK6LT5R,FALSE
3044967,Delphinium_nuttallianum,9228833,302359,https://crowdcurio-experiment-images.s3.amazonaws.com/Delphinium_nuttallianum/images/Delphinium_nuttallianum.3044967.jpg,3,14,4,FALSE,1,9,ADP7AZD8LCILX,22918,30.05,2024/4/17,6:49:30,3UUIU9GZDOP4BWXVY1WY7NUGK6LT5R,FALSE
3015963,Delphinium_nuttallianum,9228875,302333,https://crowdcurio-experiment-images.s3.amazonaws.com/Delphinium_nuttallianum/images/Delphinium_nuttallianum.3015963.jpg,0,5,2,FALSE,2,10,A3JRTM431HWDYK,22876,22.46,2024/4/17,6:49:34,3UUIU9GZDOP4BWXVY1WY7NUGK6LT5R,FALSE
3045005,Delphinium_nuttallianum,9229363,302363,https://crowdcurio-experiment-images.s3.amazonaws.com/Delphinium_nuttallianum/images/Delphinium_nuttallianum.3045005.jpg,28,17,0,FALSE,1,10,ADP7AZD8LCILX,22918,51.4,2024/4/17,6:50:23,3UUIU9GZDOP4BWXVY1WY7NUGK6LT5R,FALSE
2826764,Delphinium_nuttallianum,9232345,302308,https://crowdcurio-experiment-images.s3.amazonaws.com/Delphinium_nuttallianum/images/Delphinium_nuttallianum.2826764.jpg,56,33,0,FALSE,2,2,ADP7AZD8LCILX,22918,77.81,2024/4/17,6:55:57,3UUIU9GZDOP4BWXVY1WY7NUGK6LT5R,FALSE
2814606,Delphinium_nuttallianum,9231150,302287,https://crowdcurio-experiment-images.s3.amazonaws.com/Delphinium_nuttallianum/images/Delphinium_nuttallianum.2814606.jpg,0,14,7,FALSE,1,1,ADP7AZD8LCILX,22918,23.44,2024/4/17,6:53:41,3UUIU9GZDOP4BWXVY1WY7NUGK6LT5R,FALSE
2833808,Delphinium_nuttallianum,9231488,302309,https://crowdcurio-experiment-images.s3.amazonaws.com/Delphinium_nuttallianum/images/Delphinium_nuttallianum.2833808.jpg,1,12,7,FALSE,1,2,ADP7AZD8LCILX,22918,33.58,2024/4/17,6:54:16,3UUIU9GZDOP4BWXVY1WY7NUGK6LT5R,FALSE
1776598,Delphinium_nuttallianum,9231658,302280,https://crowdcurio-experiment-images.s3.amazonaws.com/Delphinium_nuttallianum/images/Delphinium_nuttallianum.1776598.jpg,4,11,0,FALSE,1,3,ADP7AZD8LCILX,22918,19.8,2024/4/17,6:54:38,3UUIU9GZDOP4BWXVY1WY7NUGK6LT5R,FALSE
2883690,Delphinium_nuttallianum,9233883,302325,https://crowdcurio-experiment-images.s3.amazonaws.com/Delphinium_nuttallianum/images/Delphinium_nuttallianum.2883690.jpg,2,19,0,FALSE,3,8,A3JRTM431HWDYK,22876,22.83,2024/4/17,6:59:28,3UUIU9GZDOP4BWXVY1WY7NUGK6LT5R,FALSE
2818690,Delphinium_nuttallianum,9232520,302301,https://crowdcurio-experiment-images.s3.amazonaws.com/Delphinium_nuttallianum/images/Delphinium_nuttallianum.2818690.jpg,0,17,0,FALSE,1,5,ADP7AZD8LCILX,22918,18.99,2024/4/17,6:56:19,3UUIU9GZDOP4BWXVY1WY7NUGK6LT5R,FALSE
1773136,Delphinium_nuttallianum,9232604,302279,https://crowdcurio-experiment-images.s3.amazonaws.com/Delphinium_nuttallianum/images/Delphinium_nuttallianum.1773136.jpg,0,1,6,FALSE,1,6,ADP7AZD8LCILX,22918,11.24,2024/4/17,6:56:33,3UUIU9GZDOP4BWXVY1WY7NUGK6LT5R,FALSE
1772952,Delphinium_nuttallianum,9232961,302278,https://crowdcurio-experiment-images.s3.amazonaws.com/Delphinium_nuttallianum/images/Delphinium_nuttallianum.1772952.jpg,0,15,4,FALSE,1,7,ADP7AZD8LCILX,22918,61.78,2024/4/17,6:57:38,3UUIU9GZDOP4BWXVY1WY7NUGK6LT5R,FALSE
2826072,Delphinium_nuttallianum,9233208,302307,https://crowdcurio-experiment-images.s3.amazonaws.com/Delphinium_nuttallianum/images/Delphinium_nuttallianum.2826072.jpg,2,21,0,FALSE,1,8,ADP7AZD8LCILX,22918,29.01,2024/4/17,6:58:09,3UUIU9GZDOP4BWXVY1WY7NUGK6LT5R,FALSE
2814607,Delphinium_nuttallianum,9233478,302288,https://crowdcurio-experiment-images.s3.amazonaws.com/Delphinium_nuttallianum/images/Delphinium_nuttallianum.2814607.jpg,0,25,8,FALSE,1,9,ADP7AZD8LCILX,22918,34.98,2024/4/17,6:58:46,3UUIU9GZDOP4BWXVY1WY7NUGK6LT5R,FALSE
2884237,Delphinium_nuttallianum,9233675,302327,https://crowdcurio-experiment-images.s3.amazonaws.com/Delphinium_nuttallianum/images/Delphinium_nuttallianum.2884237.jpg,10,12,0,FALSE,1,1,A3JRTM431HWDYK,22876,50.17,2024/4/17,6:59:04,3UUIU9GZDOP4BWXVY1WY7NUGK6LT5R,FALSE
2818690,Delphinium_nuttallianum,9233663,302301,https://crowdcurio-experiment-images.s3.amazonaws.com/Delphinium_nuttallianum/images/Delphinium_nuttallianum.2818690.jpg,0,15,0,TRUE,1,10,ADP7AZD8LCILX,22918,15.8,2024/4/17,6:59:03,3UUIU9GZDOP4BWXVY1WY7NUGK6LT5R,FALSE
2834935,Delphinium_nuttallianum,9234254,302312,https://crowdcurio-experiment-images.s3.amazonaws.com/Delphinium_nuttallianum/images/Delphinium_nuttallianum.2834935.jpg,12,15,0,FALSE,1,3,A3JRTM431HWDYK,22876,42.44,2024/4/17,7:00:12,3UUIU9GZDOP4BWXVY1WY7NUGK6LT5R,FALSE
1766949,Delphinium_nuttallianum,9234091,302272,https://crowdcurio-experiment-images.s3.amazonaws.com/Delphinium_nuttallianum/images/Delphinium_nuttallianum.1766949.jpg,5,12,0,FALSE,2,1,ADP7AZD8LCILX,22918,20.28,2024/4/17,6:59:53,3UUIU9GZDOP4BWXVY1WY7NUGK6LT5R,FALSE
1751182,Delphinium_nuttallianum,9234366,302270,https://crowdcurio-experiment-images.s3.amazonaws.com/Delphinium_nuttallianum/images/Delphinium_nuttallianum.1751182.jpg,0,7,9,FALSE,2,2,ADP7AZD8LCILX,22918,29.42,2024/4/17,7:00:24,3UUIU9GZDOP4BWXVY1WY7NUGK6LT5R,FALSE
2834936,Delphinium_nuttallianum,9234483,302313,https://crowdcurio-experiment-images.s3.amazonaws.com/Delphinium_nuttallianum/images/Delphinium_nuttallianum.2834936.jpg,7,9,0,FALSE,1,4,A3JRTM431HWDYK,22876,21.78,2024/4/17,7:00:35,3UUIU9GZDOP4BWXVY1WY7NUGK6LT5R,FALSE
1769046,Delphinium_nuttallianum,9234681,302273,https://crowdcurio-experiment-images.s3.amazonaws.com/Delphinium_nuttallianum/images/Delphinium_nuttallianum.1769046.jpg,0,6,9,FALSE,2,3,ADP7AZD8LCILX,22918,54.07,2024/4/17,7:02:05,3UUIU9GZDOP4BWXVY1WY7NUGK6LT5R,FALSE
2884992,Delphinium_nuttallianum,9234683,302328,https://crowdcurio-experiment-images.s3.amazonaws.com/Delphinium_nuttallianum/images/Delphinium_nuttallianum.2884992.jpg,10,20,2,FALSE,1,5,A3JRTM431HWDYK,22876,52.91,2024/4/17,7:02:06,3UUIU9GZDOP4BWXVY1WY7NUGK6LT5R,FALSE
2883629,Delphinium_nuttallianum,9235247,302324,https://crowdcurio-experiment-images.s3.amazonaws.com/Delphinium_nuttallianum/images/Delphinium_nuttallianum.2883629.jpg,2,24,1,FALSE,1,6,A3JRTM431HWDYK,22876,108.53,2024/4/17,7:03:56,3UUIU9GZDOP4BWXVY1WY7NUGK6LT5R,FALSE
1770832,Delphinium_nuttallianum,9235176,302275,https://crowdcurio-experiment-images.s3.amazonaws.com/Delphinium_nuttallianum/images/Delphinium_nuttallianum.1770832.jpg,0,16,0,FALSE,2,4,ADP7AZD8LCILX,22918,97.73,2024/4/17,7:03:45,3UUIU9GZDOP4BWXVY1WY7NUGK6LT5R,FALSE
1751182,Delphinium_nuttallianum,9235431,302270,https://crowdcurio-experiment-images.s3.amazonaws.com/Delphinium_nuttallianum/images/Delphinium_nuttallianum.1751182.jpg,0,8,8,TRUE,2,5,ADP7AZD8LCILX,22918,30.15,2024/4/17,7:04:20,3UUIU9GZDOP4BWXVY1WY7NUGK6LT5R,FALSE
2883504,Delphinium_nuttallianum,9235448,302323,https://crowdcurio-experiment-images.s3.amazonaws.com/Delphinium_nuttallianum/images/Delphinium_nuttallianum.2883504.jpg,6,12,0,FALSE,1,7,A3JRTM431HWDYK,22876,25,2024/4/17,7:04:24,3UUIU9GZDOP4BWXVY1WY7NUGK6LT5R,FALSE
1772013,Delphinium_nuttallianum,9235601,302277,https://crowdcurio-experiment-images.s3.amazonaws.com/Delphinium_nuttallianum/images/Delphinium_nuttallianum.1772013.jpg,0,8,2,FALSE,2,6,ADP7AZD8LCILX,22918,19.52,2024/4/17,7:04:41,3UUIU9GZDOP4BWXVY1WY7NUGK6LT5R,FALSE
2884072,Delphinium_nuttallianum,9235732,302326,https://crowdcurio-experiment-images.s3.amazonaws.com/Delphinium_nuttallianum/images/Delphinium_nuttallianum.2884072.jpg,3,18,0,FALSE,1,8,A3JRTM431HWDYK,22876,36.74,2024/4/17,7:05:03,3UUIU9GZDOP4BWXVY1WY7NUGK6LT5R,FALSE
1740781,Delphinium_nuttallianum,9235812,302269,https://crowdcurio-experiment-images.s3.amazonaws.com/Delphinium_nuttallianum/images/Delphinium_nuttallianum.1740781.jpg,0,15,3,FALSE,2,7,ADP7AZD8LCILX,22918,30.84,2024/4/17,7:05:14,3UUIU9GZDOP4BWXVY1WY7NUGK6LT5R,FALSE
2835568,Delphinium_nuttallianum,9235987,302314,https://crowdcurio-experiment-images.s3.amazonaws.com/Delphinium_nuttallianum/images/Delphinium_nuttallianum.2835568.jpg,0,8,6,FALSE,1,9,A3JRTM431HWDYK,22876,33.39,2024/4/17,7:05:37,3UUIU9GZDOP4BWXVY1WY7NUGK6LT5R,FALSE
1771641,Delphinium_nuttallianum,9236175,302276,https://crowdcurio-experiment-images.s3.amazonaws.com/Delphinium_nuttallianum/images/Delphinium_nuttallianum.1771641.jpg,6,10,3,FALSE,2,8,ADP7AZD8LCILX,22918,44.07,2024/4/17,7:06:00,3UUIU9GZDOP4BWXVY1WY7NUGK6LT5R,FALSE
2883629,Delphinium_nuttallianum,9236550,302324,https://crowdcurio-experiment-images.s3.amazonaws.com/Delphinium_nuttallianum/images/Delphinium_nuttallianum.2883629.jpg,2,25,2,TRUE,1,10,A3JRTM431HWDYK,22876,69.68,2024/4/17,7:06:51,3UUIU9GZDOP4BWXVY1WY7NUGK6LT5R,FALSE
1769554,Delphinium_nuttallianum,9236436,302274,https://crowdcurio-experiment-images.s3.amazonaws.com/Delphinium_nuttallianum/images/Delphinium_nuttallianum.1769554.jpg,0,10,0,FALSE,2,9,ADP7AZD8LCILX,22918,33.68,2024/4/17,7:06:35,3UUIU9GZDOP4BWXVY1WY7NUGK6LT5R,FALSE
1752022,Delphinium_nuttallianum,9236789,302271,https://crowdcurio-experiment-images.s3.amazonaws.com/Delphinium_nuttallianum/images/Delphinium_nuttallianum.1752022.jpg,0,14,1,FALSE,2,10,ADP7AZD8LCILX,22918,42.25,2024/4/17,7:07:19,3UUIU9GZDOP4BWXVY1WY7NUGK6LT5R,FALSE
1720471,Delphinium_nuttallianum,9237553,302268,https://crowdcurio-experiment-images.s3.amazonaws.com/Delphinium_nuttallianum/images/Delphinium_nuttallianum.1720471.jpg,0,10,19,FALSE,3,1,ADP7AZD8LCILX,22918,68.64,2024/4/17,7:08:48,3UUIU9GZDOP4BWXVY1WY7NUGK6LT5R,FALSE
1719840,Delphinium_nuttallianum,9237690,302266,https://crowdcurio-experiment-images.s3.amazonaws.com/Delphinium_nuttallianum/images/Delphinium_nuttallianum.1719840.jpg,0,0,2,FALSE,3,2,ADP7AZD8LCILX,22918,17.23,2024/4/17,7:09:07,3UUIU9GZDOP4BWXVY1WY7NUGK6LT5R,FALSE
1716598,Delphinium_nuttallianum,9238176,302262,https://crowdcurio-experiment-images.s3.amazonaws.com/Delphinium_nuttallianum/images/Delphinium_nuttallianum.1716598.jpg,0,2,26,FALSE,3,3,ADP7AZD8LCILX,22918,55.37,2024/4/17,7:10:04,3UUIU9GZDOP4BWXVY1WY7NUGK6LT5R,FALSE
18533595,Delphinium_nuttallianum,9238117,302766,https://crowdcurio-experiment-images.s3.amazonaws.com/Delphinium_nuttallianum/images/Delphinium_nuttallianum.18533595.jpg,0,8,0,FALSE,1,1,A1A8B0R84GWG0H,19682,21.77,2024/4/17,7:09:53,3UUIU9GZDOP4BWXVY1WY7NUGK6LT5R,FALSE
1187980,Delphinium_nuttallianum,9238589,302046,https://crowdcurio-experiment-images.s3.amazonaws.com/Delphinium_nuttallianum/images/Delphinium_nuttallianum.1187980.jpg,0,5,11,FALSE,3,4,ADP7AZD8LCILX,22918,54.46,2024/4/17,7:11:00,3UUIU9GZDOP4BWXVY1WY7NUGK6LT5R,FALSE
1131459,Delphinium_nuttallianum,9238228,302023,https://crowdcurio-experiment-images.s3.amazonaws.com/Delphinium_nuttallianum/images/Delphinium_nuttallianum.1131459.jpg,0,3,0,FALSE,1,2,A1A8B0R84GWG0H,19682,15.86,2024/4/17,7:10:11,3UUIU9GZDOP4BWXVY1WY7NUGK6LT5R,FALSE
1185627,Delphinium_nuttallianum,9238375,302045,https://crowdcurio-experiment-images.s3.amazonaws.com/Delphinium_nuttallianum/images/Delphinium_nuttallianum.1185627.jpg,0,3,0,FALSE,1,3,A1A8B0R84GWG0H,19682,16.42,2024/4/17,7:10:30,3UUIU9GZDOP4BWXVY1WY7NUGK6LT5R,FALSE
1700503,Delphinium_nuttallianum,9238757,302259,https://crowdcurio-experiment-images.s3.amazonaws.com/Delphinium_nuttallianum/images/Delphinium_nuttallianum.1700503.jpg,0,10,6,FALSE,3,5,ADP7AZD8LCILX,22918,22.8,2024/4/17,7:11:24,3UUIU9GZDOP4BWXVY1WY7NUGK6LT5R,FALSE
21980445,Delphinium_nuttallianum,9238745,302819,https://crowdcurio-experiment-images.s3.amazonaws.com/Delphinium_nuttallianum/images/Delphinium_nuttallianum.21980445.jpg,0,11,0,FALSE,1,4,A1A8B0R84GWG0H,19682,51.2,2024/4/17,7:11:23,3UUIU9GZDOP4BWXVY1WY7NUGK6LT5R,FALSE
1720471,Delphinium_nuttallianum,9239121,302268,https://crowdcurio-experiment-images.s3.amazonaws.com/Delphinium_nuttallianum/images/Delphinium_nuttallianum.1720471.jpg,0,6,14,TRUE,3,6,ADP7AZD8LCILX,22918,47.08,2024/4/17,7:12:13,3UUIU9GZDOP4BWXVY1WY7NUGK6LT5R,FALSE
1562690,Delphinium_nuttallianum,9238864,302153,https://crowdcurio-experiment-images.s3.amazonaws.com/Delphinium_nuttallianum/images/Delphinium_nuttallianum.1562690.jpg,0,4,0,FALSE,1,5,A1A8B0R84GWG0H,19682,14.71,2024/4/17,7:11:39,3UUIU9GZDOP4BWXVY1WY7NUGK6LT5R,FALSE
1711094,Delphinium_nuttallianum,9239404,302260,https://crowdcurio-experiment-images.s3.amazonaws.com/Delphinium_nuttallianum/images/Delphinium_nuttallianum.1711094.jpg,0,6,14,FALSE,3,7,ADP7AZD8LCILX,22918,37.38,2024/4/17,7:12:52,3UUIU9GZDOP4BWXVY1WY7NUGK6LT5R,FALSE
1129893,Delphinium_nuttallianum,9239294,302022,https://crowdcurio-experiment-images.s3.amazonaws.com/Delphinium_nuttallianum/images/Delphinium_nuttallianum.1129893.jpg,0,9,0,FALSE,1,6,A1A8B0R84GWG0H,19682,52.47,2024/4/17,7:12:36,3UUIU9GZDOP4BWXVY1WY7NUGK6LT5R,FALSE
1718089,Delphinium_nuttallianum,9239638,302265,https://crowdcurio-experiment-images.s3.amazonaws.com/Delphinium_nuttallianum/images/Delphinium_nuttallianum.1718089.jpg,0,3,10,FALSE,3,8,ADP7AZD8LCILX,22918,32.75,2024/4/17,7:13:26,3UUIU9GZDOP4BWXVY1WY7NUGK6LT5R,FALSE
1717961,Delphinium_nuttallianum,9239766,302264,https://crowdcurio-experiment-images.s3.amazonaws.com/Delphinium_nuttallianum/images/Delphinium_nuttallianum.1717961.jpg,0,1,0,FALSE,3,9,ADP7AZD8LCILX,22918,18.99,2024/4/17,7:13:48,3UUIU9GZDOP4BWXVY1WY7NUGK6LT5R,FALSE
21980448,Delphinium_nuttallianum,9239708,302822,https://crowdcurio-experiment-images.s3.amazonaws.com/Delphinium_nuttallianum/images/Delphinium_nuttallianum.21980448.jpg,0,1,0,FALSE,1,7,A1A8B0R84GWG0H,19682,59.66,2024/4/17,7:13:38,3UUIU9GZDOP4BWXVY1WY7NUGK6LT5R,FALSE
1720031,Delphinium_nuttallianum,9239945,302267,https://crowdcurio-experiment-images.s3.amazonaws.com/Delphinium_nuttallianum/images/Delphinium_nuttallianum.1720031.jpg,1,12,6,FALSE,3,10,ADP7AZD8LCILX,22918,28.86,2024/4/17,7:14:18,3UUIU9GZDOP4BWXVY1WY7NUGK6LT5R,FALSE
21930672,Delphinium_nuttallianum,9239914,302814,https://crowdcurio-experiment-images.s3.amazonaws.com/Delphinium_nuttallianum/images/Delphinium_nuttallianum.21930672.jpg,0,13,0,FALSE,1,8,A1A8B0R84GWG0H,19682,32.12,2024/4/17,7:14:12,3UUIU9GZDOP4BWXVY1WY7NUGK6LT5R,FALSE
1131459,Delphinium_nuttallianum,9240035,302023,https://crowdcurio-experiment-images.s3.amazonaws.com/Delphinium_nuttallianum/images/Delphinium_nuttallianum.1131459.jpg,0,3,4,TRUE,1,9,A1A8B0R84GWG0H,19682,21.37,2024/4/17,7:14:35,3UUIU9GZDOP4BWXVY1WY7NUGK6LT5R,FALSE
21980452,Delphinium_nuttallianum,9240212,302825,https://crowdcurio-experiment-images.s3.amazonaws.com/Delphinium_nuttallianum/images/Delphinium_nuttallianum.21980452.jpg,0,5,15,FALSE,1,10,A1A8B0R84GWG0H,19682,29.89,2024/4/17,7:15:07,3UUIU9GZDOP4BWXVY1WY7NUGK6LT5R,FALSE
27170215,Delphinium_nuttallianum,9240377,302914,https://crowdcurio-experiment-images.s3.amazonaws.com/Delphinium_nuttallianum/images/Delphinium_nuttallianum.27170215.jpg,0,3,4,FALSE,4,1,ADP7AZD8LCILX,22918,61.68,2024/4/17,7:15:59,3UUIU9GZDOP4BWXVY1WY7NUGK6LT5R,FALSE
27170241,Delphinium_nuttallianum,9240431,302921,https://crowdcurio-experiment-images.s3.amazonaws.com/Delphinium_nuttallianum/images/Delphinium_nuttallianum.27170241.jpg,0,6,0,FALSE,4,2,ADP7AZD8LCILX,22918,11.04,2024/4/17,7:16:11,3UUIU9GZDOP4BWXVY1WY7NUGK6LT5R,FALSE
27170210,Delphinium_nuttallianum,9240551,302912,https://crowdcurio-experiment-images.s3.amazonaws.com/Delphinium_nuttallianum/images/Delphinium_nuttallianum.27170210.jpg,0,9,7,FALSE,4,3,ADP7AZD8LCILX,22918,17.36,2024/4/17,7:16:30,3UUIU9GZDOP4BWXVY1WY7NUGK6LT5R,FALSE
13015439,Delphinium_nuttallianum,9240689,302574,https://crowdcurio-experiment-images.s3.amazonaws.com/Delphinium_nuttallianum/images/Delphinium_nuttallianum.13015439.jpg,0,7,5,FALSE,4,4,ADP7AZD8LCILX,22918,25.14,2024/4/17,7:16:57,3UUIU9GZDOP4BWXVY1WY7NUGK6LT5R,FALSE
27170230,Delphinium_nuttallianum,9240817,302915,https://crowdcurio-experiment-images.s3.amazonaws.com/Delphinium_nuttallianum/images/Delphinium_nuttallianum.27170230.jpg,0,3,9,FALSE,4,5,ADP7AZD8LCILX,22918,28.61,2024/4/17,7:17:27,3UUIU9GZDOP4BWXVY1WY7NUGK6LT5R,FALSE
1562932,Delphinium_nuttallianum,9240930,302154,https://crowdcurio-experiment-images.s3.amazonaws.com/Delphinium_nuttallianum/images/Delphinium_nuttallianum.1562932.jpg,6,3,6,FALSE,4,6,ADP7AZD8LCILX,22918,23.51,2024/4/17,7:17:52,3UUIU9GZDOP4BWXVY1WY7NUGK6LT5R,FALSE
1659323,Delphinium_nuttallianum,9241205,302234,https://crowdcurio-experiment-images.s3.amazonaws.com/Delphinium_nuttallianum/images/Delphinium_nuttallianum.1659323.jpg,0,13,3,FALSE,4,7,ADP7AZD8LCILX,22918,51.57,2024/4/17,7:18:46,3UUIU9GZDOP4BWXVY1WY7NUGK6LT5R,FALSE
27170238,Delphinium_nuttallianum,9241393,302919,https://crowdcurio-experiment-images.s3.amazonaws.com/Delphinium_nuttallianum/images/Delphinium_nuttallianum.27170238.jpg,0,20,5,FALSE,4,8,ADP7AZD8LCILX,22918,30.4,2024/4/17,7:19:18,3UUIU9GZDOP4BWXVY1WY7NUGK6LT5R,FALSE
21980013,Delphinium_nuttallianum,9241751,302816,https://crowdcurio-experiment-images.s3.amazonaws.com/Delphinium_nuttallianum/images/Delphinium_nuttallianum.21980013.jpg,6,13,3,FALSE,4,9,ADP7AZD8LCILX,22918,51.35,2024/4/17,7:20:10,3UUIU9GZDOP4BWXVY1WY7NUGK6LT5R,FALSE
13015439,Delphinium_nuttallianum,9242222,302574,https://crowdcurio-experiment-images.s3.amazonaws.com/Delphinium_nuttallianum/images/Delphinium_nuttallianum.13015439.jpg,0,4,3,TRUE,4,10,ADP7AZD8LCILX,22918,57.88,2024/4/17,7:21:10,3UUIU9GZDOP4BWXVY1WY7NUGK6LT5R,FALSE
1617738,Delphinium_nuttallianum,9246852,302201,https://crowdcurio-experiment-images.s3.amazonaws.com/Delphinium_nuttallianum/images/Delphinium_nuttallianum.1617738.jpg,0,11,0,FALSE,1,1,A1KX4H9LYQWEAS,21881,110.83,2024/4/17,7:31:59,3UUIU9GZDOP4BWXVY1WY7NUGK6LT5R,FALSE
10338300,Delphinium_nuttallianum,9247027,302551,https://crowdcurio-experiment-images.s3.amazonaws.com/Delphinium_nuttallianum/images/Delphinium_nuttallianum.10338300.jpg,0,10,0,FALSE,1,2,A1KX4H9LYQWEAS,21881,22.12,2024/4/17,7:32:23,3UUIU9GZDOP4BWXVY1WY7NUGK6LT5R,FALSE
27170240,Delphinium_nuttallianum,9247207,302920,https://crowdcurio-experiment-images.s3.amazonaws.com/Delphinium_nuttallianum/images/Delphinium_nuttallianum.27170240.jpg,0,12,0,FALSE,1,3,A1KX4H9LYQWEAS,21881,23.15,2024/4/17,7:32:48,3UUIU9GZDOP4BWXVY1WY7NUGK6LT5R,FALSE
4702024,Delphinium_nuttallianum,9247296,302450,https://crowdcurio-experiment-images.s3.amazonaws.com/Delphinium_nuttallianum/images/Delphinium_nuttallianum.4702024.jpg,0,6,0,FALSE,1,4,A1KX4H9LYQWEAS,21881,11.2,2024/4/17,7:33:02,3UUIU9GZDOP4BWXVY1WY7NUGK6LT5R,FALSE
4821933,Delphinium_nuttallianum,9247375,302509,https://crowdcurio-experiment-images.s3.amazonaws.com/Delphinium_nuttallianum/images/Delphinium_nuttallianum.4821933.jpg,0,10,0,FALSE,1,5,A1KX4H9LYQWEAS,21881,11.14,2024/4/17,7:33:18,3UUIU9GZDOP4BWXVY1WY7NUGK6LT5R,FALSE
27170237,Delphinium_nuttallianum,9247507,302918,https://crowdcurio-experiment-images.s3.amazonaws.com/Delphinium_nuttallianum/images/Delphinium_nuttallianum.27170237.jpg,0,7,0,FALSE,1,6,A1KX4H9LYQWEAS,21881,17.46,2024/4/17,7:33:37,3UUIU9GZDOP4BWXVY1WY7NUGK6LT5R,FALSE
10338298,Delphinium_nuttallianum,9247617,302549,https://crowdcurio-experiment-images.s3.amazonaws.com/Delphinium_nuttallianum/images/Delphinium_nuttallianum.10338298.jpg,0,8,0,FALSE,1,7,A1KX4H9LYQWEAS,21881,17.07,2024/4/17,7:33:56,3UUIU9GZDOP4BWXVY1WY7NUGK6LT5R,FALSE
4698554,Delphinium_nuttallianum,9247734,302438,https://crowdcurio-experiment-images.s3.amazonaws.com/Delphinium_nuttallianum/images/Delphinium_nuttallianum.4698554.jpg,0,6,0,FALSE,1,8,A1KX4H9LYQWEAS,21881,22.69,2024/4/17,7:34:22,3UUIU9GZDOP4BWXVY1WY7NUGK6LT5R,FALSE
10338298,Delphinium_nuttallianum,9247866,302549,https://crowdcurio-experiment-images.s3.amazonaws.com/Delphinium_nuttallianum/images/Delphinium_nuttallianum.10338298.jpg,0,8,0,TRUE,1,9,A1KX4H9LYQWEAS,21881,20.97,2024/4/17,7:34:44,3UUIU9GZDOP4BWXVY1WY7NUGK6LT5R,FALSE
1565681,Delphinium_nuttallianum,9247944,302160,https://crowdcurio-experiment-images.s3.amazonaws.com/Delphinium_nuttallianum/images/Delphinium_nuttallianum.1565681.jpg,0,5,0,FALSE,1,10,A1KX4H9LYQWEAS,21881,10.35,2024/4/17,7:34:56,3UUIU9GZDOP4BWXVY1WY7NUGK6LT5R,FALSE
21974383,Delphinium_nuttallianum,9255312,302815,https://crowdcurio-experiment-images.s3.amazonaws.com/Delphinium_nuttallianum/images/Delphinium_nuttallianum.21974383.jpg,0,15,1,FALSE,1,1,AOPTWDWJVIVZA,22740,24.38,2024/4/17,7:53:24,3UUIU9GZDOP4BWXVY1WY7NUGK6LT5R,FALSE
21980454,Delphinium_nuttallianum,9255465,302826,https://crowdcurio-experiment-images.s3.amazonaws.com/Delphinium_nuttallianum/images/Delphinium_nuttallianum.21980454.jpg,0,13,4,FALSE,1,2,AOPTWDWJVIVZA,22740,18.46,2024/4/17,7:53:44,3UUIU9GZDOP4BWXVY1WY7NUGK6LT5R,FALSE
21980444,Delphinium_nuttallianum,9255550,302818,https://crowdcurio-experiment-images.s3.amazonaws.com/Delphinium_nuttallianum/images/Delphinium_nuttallianum.21980444.jpg,0,2,3,FALSE,1,3,AOPTWDWJVIVZA,22740,9.79,2024/4/17,7:53:56,3UUIU9GZDOP4BWXVY1WY7NUGK6LT5R,FALSE
21980449,Delphinium_nuttallianum,9255614,302823,https://crowdcurio-experiment-images.s3.amazonaws.com/Delphinium_nuttallianum/images/Delphinium_nuttallianum.21980449.jpg,0,5,0,FALSE,1,4,AOPTWDWJVIVZA,22740,6.35,2024/4/17,7:54:05,3UUIU9GZDOP4BWXVY1WY7NUGK6LT5R,FALSE
21749880,Delphinium_nuttallianum,9255732,302813,https://crowdcurio-experiment-images.s3.amazonaws.com/Delphinium_nuttallianum/images/Delphinium_nuttallianum.21749880.jpg,0,9,1,FALSE,1,5,AOPTWDWJVIVZA,22740,10.9,2024/4/17,7:54:22,3UUIU9GZDOP4BWXVY1WY7NUGK6LT5R,FALSE
21980442,Delphinium_nuttallianum,9255882,302817,https://crowdcurio-experiment-images.s3.amazonaws.com/Delphinium_nuttallianum/images/Delphinium_nuttallianum.21980442.jpg,0,17,2,FALSE,1,6,AOPTWDWJVIVZA,22740,18.07,2024/4/17,7:54:43,3UUIU9GZDOP4BWXVY1WY7NUGK6LT5R,FALSE
21980447,Delphinium_nuttallianum,9255975,302821,https://crowdcurio-experiment-images.s3.amazonaws.com/Delphinium_nuttallianum/images/Delphinium_nuttallianum.21980447.jpg,2,5,0,FALSE,1,7,AOPTWDWJVIVZA,22740,12.92,2024/4/17,7:54:58,3UUIU9GZDOP4BWXVY1WY7NUGK6LT5R,FALSE
21980446,Delphinium_nuttallianum,9256076,302820,https://crowdcurio-experiment-images.s3.amazonaws.com/Delphinium_nuttallianum/images/Delphinium_nuttallianum.21980446.jpg,0,8,0,FALSE,1,8,AOPTWDWJVIVZA,22740,9.23,2024/4/17,7:55:09,3UUIU9GZDOP4BWXVY1WY7NUGK6LT5R,FALSE
21980450,Delphinium_nuttallianum,9256194,302824,https://crowdcurio-experiment-images.s3.amazonaws.com/Delphinium_nuttallianum/images/Delphinium_nuttallianum.21980450.jpg,1,10,0,FALSE,1,9,AOPTWDWJVIVZA,22740,11.68,2024/4/17,7:55:23,3UUIU9GZDOP4BWXVY1WY7NUGK6LT5R,FALSE
21980442,Delphinium_nuttallianum,9256609,302817,https://crowdcurio-experiment-images.s3.amazonaws.com/Delphinium_nuttallianum/images/Delphinium_nuttallianum.21980442.jpg,0,16,2,TRUE,1,10,AOPTWDWJVIVZA,22740,53.15,2024/4/17,7:56:18,3UUIU9GZDOP4BWXVY1WY7NUGK6LT5R,FALSE
13823448,Delphinium_nuttallianum,9256810,302696,https://crowdcurio-experiment-images.s3.amazonaws.com/Delphinium_nuttallianum/images/Delphinium_nuttallianum.13823448.jpg,0,10,0,FALSE,2,1,AOPTWDWJVIVZA,22740,10.38,2024/4/17,7:56:50,3UUIU9GZDOP4BWXVY1WY7NUGK6LT5R,FALSE
13823432,Delphinium_nuttallianum,9256957,302690,https://crowdcurio-experiment-images.s3.amazonaws.com/Delphinium_nuttallianum/images/Delphinium_nuttallianum.13823432.jpg,3,10,1,FALSE,2,2,AOPTWDWJVIVZA,22740,15.94,2024/4/17,7:57:08,3UUIU9GZDOP4BWXVY1WY7NUGK6LT5R,FALSE
13823446,Delphinium_nuttallianum,9257078,302695,https://crowdcurio-experiment-images.s3.amazonaws.com/Delphinium_nuttallianum/images/Delphinium_nuttallianum.13823446.jpg,1,9,0,FALSE,2,3,AOPTWDWJVIVZA,22740,12.78,2024/4/17,7:57:23,3UUIU9GZDOP4BWXVY1WY7NUGK6LT5R,FALSE
13823443,Delphinium_nuttallianum,9257316,302694,https://crowdcurio-experiment-images.s3.amazonaws.com/Delphinium_nuttallianum/images/Delphinium_nuttallianum.13823443.jpg,0,21,6,FALSE,2,4,AOPTWDWJVIVZA,22740,32.8,2024/4/17,7:57:59,3UUIU9GZDOP4BWXVY1WY7NUGK6LT5R,FALSE
17188566,Delphinium_nuttallianum,9257432,302764,https://crowdcurio-experiment-images.s3.amazonaws.com/Delphinium_nuttallianum/images/Delphinium_nuttallianum.17188566.jpg,0,13,6,FALSE,2,5,AOPTWDWJVIVZA,22740,16.4,2024/4/17,7:58:18,3UUIU9GZDOP4BWXVY1WY7NUGK6LT5R,FALSE
13823433,Delphinium_nuttallianum,9257520,302691,https://crowdcurio-experiment-images.s3.amazonaws.com/Delphinium_nuttallianum/images/Delphinium_nuttallianum.13823433.jpg,0,8,0,FALSE,2,6,AOPTWDWJVIVZA,22740,9.95,2024/4/17,7:58:30,3UUIU9GZDOP4BWXVY1WY7NUGK6LT5R,FALSE
13823428,Delphinium_nuttallianum,9257603,302689,https://crowdcurio-experiment-images.s3.amazonaws.com/Delphinium_nuttallianum/images/Delphinium_nuttallianum.13823428.jpg,0,12,0,FALSE,2,7,AOPTWDWJVIVZA,22740,10.99,2024/4/17,7:58:44,3UUIU9GZDOP4BWXVY1WY7NUGK6LT5R,FALSE
13823435,Delphinium_nuttallianum,9258039,302692,https://crowdcurio-experiment-images.s3.amazonaws.com/Delphinium_nuttallianum/images/Delphinium_nuttallianum.13823435.jpg,0,11,10,FALSE,2,8,AOPTWDWJVIVZA,22740,64.03,2024/4/17,7:59:50,3UUIU9GZDOP4BWXVY1WY7NUGK6LT5R,FALSE
17520482,Delphinium_nuttallianum,9258122,302765,https://crowdcurio-experiment-images.s3.amazonaws.com/Delphinium_nuttallianum/images/Delphinium_nuttallianum.17520482.jpg,0,9,3,FALSE,2,9,AOPTWDWJVIVZA,22740,13.89,2024/4/17,8:00:08,3UUIU9GZDOP4BWXVY1WY7NUGK6LT5R,FALSE
13823443,Delphinium_nuttallianum,9258266,302694,https://crowdcurio-experiment-images.s3.amazonaws.com/Delphinium_nuttallianum/images/Delphinium_nuttallianum.13823443.jpg,0,20,7,TRUE,2,10,AOPTWDWJVIVZA,22740,19.5,2024/4/17,8:00:30,3UUIU9GZDOP4BWXVY1WY7NUGK6LT5R,FALSE
13015270,Delphinium_nuttallianum,9258520,302572,https://crowdcurio-experiment-images.s3.amazonaws.com/Delphinium_nuttallianum/images/Delphinium_nuttallianum.13015270.jpg,0,8,3,FALSE,3,1,AOPTWDWJVIVZA,22740,31.87,2024/4/17,8:01:21,3UUIU9GZDOP4BWXVY1WY7NUGK6LT5R,FALSE
7103728,Delphinium_nuttallianum,9258834,302541,https://crowdcurio-experiment-images.s3.amazonaws.com/Delphinium_nuttallianum/images/Delphinium_nuttallianum.7103728.jpg,0,15,0,FALSE,3,2,AOPTWDWJVIVZA,22740,59.26,2024/4/17,8:02:23,3UUIU9GZDOP4BWXVY1WY7NUGK6LT5R,FALSE
13015270,Delphinium_nuttallianum,9258878,302572,https://crowdcurio-experiment-images.s3.amazonaws.com/Delphinium_nuttallianum/images/Delphinium_nuttallianum.13015270.jpg,0,8,0,TRUE,3,3,AOPTWDWJVIVZA,22740,7.55,2024/4/17,8:02:32,3UUIU9GZDOP4BWXVY1WY7NUGK6LT5R,FALSE
7758275,Delphinium_nuttallianum,9258935,302542,https://crowdcurio-experiment-images.s3.amazonaws.com/Delphinium_nuttallianum/images/Delphinium_nuttallianum.7758275.jpg,0,10,0,FALSE,3,4,AOPTWDWJVIVZA,22740,10.42,2024/4/17,8:02:45,3UUIU9GZDOP4BWXVY1WY7NUGK6LT5R,FALSE
6081982,Delphinium_nuttallianum,9258990,302534,https://crowdcurio-experiment-images.s3.amazonaws.com/Delphinium_nuttallianum/images/Delphinium_nuttallianum.6081982.jpg,0,6,0,FALSE,3,5,AOPTWDWJVIVZA,22740,6.86,2024/4/17,8:02:54,3UUIU9GZDOP4BWXVY1WY7NUGK6LT5R,FALSE
6086919,Delphinium_nuttallianum,9259030,302536,https://crowdcurio-experiment-images.s3.amazonaws.com/Delphinium_nuttallianum/images/Delphinium_nuttallianum.6086919.jpg,0,2,0,FALSE,3,6,AOPTWDWJVIVZA,22740,6.64,2024/4/17,8:03:03,3UUIU9GZDOP4BWXVY1WY7NUGK6LT5R,FALSE
6094330,Delphinium_nuttallianum,9259548,302538,https://crowdcurio-experiment-images.s3.amazonaws.com/Delphinium_nuttallianum/images/Delphinium_nuttallianum.6094330.jpg,0,13,0,FALSE,3,7,AOPTWDWJVIVZA,22740,110.84,2024/4/17,8:04:57,3UUIU9GZDOP4BWXVY1WY7NUGK6LT5R,FALSE
13014958,Delphinium_nuttallianum,9259837,302570,https://crowdcurio-experiment-images.s3.amazonaws.com/Delphinium_nuttallianum/images/Delphinium_nuttallianum.13014958.jpg,0,12,0,FALSE,3,8,AOPTWDWJVIVZA,22740,42.28,2024/4/17,8:05:42,3UUIU9GZDOP4BWXVY1WY7NUGK6LT5R,FALSE
13015149,Delphinium_nuttallianum,9260014,302571,https://crowdcurio-experiment-images.s3.amazonaws.com/Delphinium_nuttallianum/images/Delphinium_nuttallianum.13015149.jpg,0,6,3,FALSE,3,9,AOPTWDWJVIVZA,22740,37.63,2024/4/17,8:06:22,3UUIU9GZDOP4BWXVY1WY7NUGK6LT5R,FALSE
6082253,Delphinium_nuttallianum,9260048,302535,https://crowdcurio-experiment-images.s3.amazonaws.com/Delphinium_nuttallianum/images/Delphinium_nuttallianum.6082253.jpg,0,6,0,FALSE,3,10,AOPTWDWJVIVZA,22740,7.38,2024/4/17,8:06:31,3UUIU9GZDOP4BWXVY1WY7NUGK6LT5R,FALSE
13823426,Delphinium_nuttallianum,9264906,302687,https://crowdcurio-experiment-images.s3.amazonaws.com/Delphinium_nuttallianum/images/Delphinium_nuttallianum.13823426.jpg,0,16,3,FALSE,1,1,AVEEKXNZ7CGCS,19056,591.34,2024/4/17,8:21:17,3UUIU9GZDOP4BWXVY1WY7NUGK6LT5R,FALSE
3049062,Delphinium_nuttallianum,9265019,302379,https://crowdcurio-experiment-images.s3.amazonaws.com/Delphinium_nuttallianum/images/Delphinium_nuttallianum.3049062.jpg,0,1,13,FALSE,1,2,AVEEKXNZ7CGCS,19056,23.32,2024/4/17,8:21:42,3UUIU9GZDOP4BWXVY1WY7NUGK6LT5R,FALSE
1659561,Delphinium_nuttallianum,9265164,302237,https://crowdcurio-experiment-images.s3.amazonaws.com/Delphinium_nuttallianum/images/Delphinium_nuttallianum.1659561.jpg,0,14,0,FALSE,1,3,AVEEKXNZ7CGCS,19056,18.87,2024/4/17,8:22:02,3UUIU9GZDOP4BWXVY1WY7NUGK6LT5R,FALSE
3051400,Delphinium_nuttallianum,9265467,302382,https://crowdcurio-experiment-images.s3.amazonaws.com/Delphinium_nuttallianum/images/Delphinium_nuttallianum.3051400.jpg,4,26,3,FALSE,1,4,AVEEKXNZ7CGCS,19056,53.57,2024/4/17,8:22:57,3UUIU9GZDOP4BWXVY1WY7NUGK6LT5R,FALSE
4750178,Delphinium_nuttallianum,9265618,302497,https://crowdcurio-experiment-images.s3.amazonaws.com/Delphinium_nuttallianum/images/Delphinium_nuttallianum.4750178.jpg,0,11,3,FALSE,1,5,AVEEKXNZ7CGCS,19056,25.41,2024/4/17,8:23:26,3UUIU9GZDOP4BWXVY1WY7NUGK6LT5R,FALSE
1659456,Delphinium_nuttallianum,9265787,302235,https://crowdcurio-experiment-images.s3.amazonaws.com/Delphinium_nuttallianum/images/Delphinium_nuttallianum.1659456.jpg,0,6,2,FALSE,1,6,AVEEKXNZ7CGCS,19056,36.47,2024/4/17,8:24:04,3UUIU9GZDOP4BWXVY1WY7NUGK6LT5R,FALSE
1659532,Delphinium_nuttallianum,9265930,302236,https://crowdcurio-experiment-images.s3.amazonaws.com/Delphinium_nuttallianum/images/Delphinium_nuttallianum.1659532.jpg,0,10,0,FALSE,1,7,AVEEKXNZ7CGCS,19056,18.58,2024/4/17,8:24:24,3UUIU9GZDOP4BWXVY1WY7NUGK6LT5R,FALSE
13823426,Delphinium_nuttallianum,9266193,302687,https://crowdcurio-experiment-images.s3.amazonaws.com/Delphinium_nuttallianum/images/Delphinium_nuttallianum.13823426.jpg,2,13,0,TRUE,1,8,AVEEKXNZ7CGCS,19056,36.61,2024/4/17,8:25:02,3UUIU9GZDOP4BWXVY1WY7NUGK6LT5R,FALSE
3050356,Delphinium_nuttallianum,9266360,302380,https://crowdcurio-experiment-images.s3.amazonaws.com/Delphinium_nuttallianum/images/Delphinium_nuttallianum.3050356.jpg,7,10,0,FALSE,1,9,AVEEKXNZ7CGCS,19056,25.8,2024/4/17,8:25:29,3UUIU9GZDOP4BWXVY1WY7NUGK6LT5R,FALSE
3050499,Delphinium_nuttallianum,9266925,302381,https://crowdcurio-experiment-images.s3.amazonaws.com/Delphinium_nuttallianum/images/Delphinium_nuttallianum.3050499.jpg,0,37,2,FALSE,1,10,AVEEKXNZ7CGCS,19056,86.8,2024/4/17,8:26:57,3UUIU9GZDOP4BWXVY1WY7NUGK6LT5R,FALSE
13037466,Delphinium_nuttallianum,9269885,302596,https://crowdcurio-experiment-images.s3.amazonaws.com/Delphinium_nuttallianum/images/Delphinium_nuttallianum.13037466.jpg,0,1,4,FALSE,1,9,A1Q5JN3I3PWOT7,22946,13.63,2024/4/17,8:35:16,3UUIU9GZDOP4BWXVY1WY7NUGK6LT5R,FALSE
4746978,Delphinium_nuttallianum,9269999,302494,https://crowdcurio-experiment-images.s3.amazonaws.com/Delphinium_nuttallianum/images/Delphinium_nuttallianum.4746978.jpg,0,9,0,FALSE,1,10,A1Q5JN3I3PWOT7,22946,14.26,2024/4/17,8:35:32,3UUIU9GZDOP4BWXVY1WY7NUGK6LT5R,FALSE
3045144,Delphinium_nuttallianum,9309349,302369,https://crowdcurio-experiment-images.s3.amazonaws.com/Delphinium_nuttallianum/images/Delphinium_nuttallianum.3045144.jpg,1,7,10,FALSE,1,1,A15IJ20C3R4HUO,5268,184.7,2024/4/17,10:58:14,3UUIU9GZDOP4BWXVY1WY7NUGK6LT5R,FALSE
3047695,Delphinium_nuttallianum,9309830,302376,https://crowdcurio-experiment-images.s3.amazonaws.com/Delphinium_nuttallianum/images/Delphinium_nuttallianum.3047695.jpg,4,4,0,FALSE,1,2,A15IJ20C3R4HUO,5268,87.37,2024/4/17,10:59:43,3UUIU9GZDOP4BWXVY1WY7NUGK6LT5R,FALSE
3060489,Delphinium_nuttallianum,9310557,302383,https://crowdcurio-experiment-images.s3.amazonaws.com/Delphinium_nuttallianum/images/Delphinium_nuttallianum.3060489.jpg,1,12,0,FALSE,1,3,A15IJ20C3R4HUO,5268,144.22,2024/4/17,11:02:10,3UUIU9GZDOP4BWXVY1WY7NUGK6LT5R,FALSE
3046706,Delphinium_nuttallianum,9310737,302372,https://crowdcurio-experiment-images.s3.amazonaws.com/Delphinium_nuttallianum/images/Delphinium_nuttallianum.3046706.jpg,6,6,0,FALSE,1,4,A15IJ20C3R4HUO,5268,60.89,2024/4/17,11:03:13,3UUIU9GZDOP4BWXVY1WY7NUGK6LT5R,FALSE
3045076,Delphinium_nuttallianum,9311307,302367,https://crowdcurio-experiment-images.s3.amazonaws.com/Delphinium_nuttallianum/images/Delphinium_nuttallianum.3045076.jpg,0,14,41,FALSE,1,5,A15IJ20C3R4HUO,5268,172.56,2024/4/17,11:06:08,3UUIU9GZDOP4BWXVY1WY7NUGK6LT5R,FALSE
3060489,Delphinium_nuttallianum,9311414,302383,https://crowdcurio-experiment-images.s3.amazonaws.com/Delphinium_nuttallianum/images/Delphinium_nuttallianum.3060489.jpg,0,11,0,TRUE,1,6,A15IJ20C3R4HUO,5268,26.74,2024/4/17,11:06:36,3UUIU9GZDOP4BWXVY1WY7NUGK6LT5R,FALSE
3075404,Delphinium_nuttallianum,9311553,302384,https://crowdcurio-experiment-images.s3.amazonaws.com/Delphinium_nuttallianum/images/Delphinium_nuttallianum.3075404.jpg,0,5,3,FALSE,1,7,A15IJ20C3R4HUO,5268,32.7,2024/4/17,11:07:11,3UUIU9GZDOP4BWXVY1WY7NUGK6LT5R,FALSE
3045905,Delphinium_nuttallianum,9311649,302370,https://crowdcurio-experiment-images.s3.amazonaws.com/Delphinium_nuttallianum/images/Delphinium_nuttallianum.3045905.jpg,0,4,7,FALSE,1,8,A15IJ20C3R4HUO,5268,32.4,2024/4/17,11:07:45,3UUIU9GZDOP4BWXVY1WY7NUGK6LT5R,FALSE
3047682,Delphinium_nuttallianum,9312054,302375,https://crowdcurio-experiment-images.s3.amazonaws.com/Delphinium_nuttallianum/images/Delphinium_nuttallianum.3047682.jpg,14,10,0,FALSE,1,9,A15IJ20C3R4HUO,5268,107.35,2024/4/17,11:09:35,3UUIU9GZDOP4BWXVY1WY7NUGK6LT5R,FALSE
3045139,Delphinium_nuttallianum,9312565,302368,https://crowdcurio-experiment-images.s3.amazonaws.com/Delphinium_nuttallianum/images/Delphinium_nuttallianum.3045139.jpg,1,23,3,FALSE,1,10,A15IJ20C3R4HUO,5268,114.38,2024/4/17,11:11:32,3UUIU9GZDOP4BWXVY1WY7NUGK6LT5R,FALSE
27170236,Delphinium_nuttallianum,9331576,302917,https://crowdcurio-experiment-images.s3.amazonaws.com/Delphinium_nuttallianum/images/Delphinium_nuttallianum.27170236.jpg,0,16,1,FALSE,1,1,A1N63NKTHGO2TF,20774,65.19,2024/4/17,12:35:32,3UUIU9GZDOP4BWXVY1WY7NUGK6LT5R,FALSE
11268194,Delphinium_nuttallianum,9331907,302552,https://crowdcurio-experiment-images.s3.amazonaws.com/Delphinium_nuttallianum/images/Delphinium_nuttallianum.11268194.jpg,1,7,4,FALSE,1,2,A1N63NKTHGO2TF,20774,77.72,2024/4/17,12:36:51,3UUIU9GZDOP4BWXVY1WY7NUGK6LT5R,FALSE
27170234,Delphinium_nuttallianum,9332090,302916,https://crowdcurio-experiment-images.s3.amazonaws.com/Delphinium_nuttallianum/images/Delphinium_nuttallianum.27170234.jpg,2,13,0,FALSE,1,3,A1N63NKTHGO2TF,20774,37.09,2024/4/17,12:37:30,3UUIU9GZDOP4BWXVY1WY7NUGK6LT5R,FALSE
4750072,Delphinium_nuttallianum,9332201,302496,https://crowdcurio-experiment-images.s3.amazonaws.com/Delphinium_nuttallianum/images/Delphinium_nuttallianum.4750072.jpg,0,6,1,FALSE,1,4,A1N63NKTHGO2TF,20774,17.58,2024/4/17,12:37:49,3UUIU9GZDOP4BWXVY1WY7NUGK6LT5R,FALSE
4750034,Delphinium_nuttallianum,9332332,302495,https://crowdcurio-experiment-images.s3.amazonaws.com/Delphinium_nuttallianum/images/Delphinium_nuttallianum.4750034.jpg,0,5,6,FALSE,1,5,A1N63NKTHGO2TF,20774,28.38,2024/4/17,12:38:19,3UUIU9GZDOP4BWXVY1WY7NUGK6LT5R,FALSE
10338299,Delphinium_nuttallianum,9332565,302550,https://crowdcurio-experiment-images.s3.amazonaws.com/Delphinium_nuttallianum/images/Delphinium_nuttallianum.10338299.jpg,0,11,8,FALSE,1,6,A1N63NKTHGO2TF,20774,36.36,2024/4/17,12:38:58,3UUIU9GZDOP4BWXVY1WY7NUGK6LT5R,FALSE
4750072,Delphinium_nuttallianum,9332643,302496,https://crowdcurio-experiment-images.s3.amazonaws.com/Delphinium_nuttallianum/images/Delphinium_nuttallianum.4750072.jpg,0,6,1,TRUE,1,7,A1N63NKTHGO2TF,20774,14.46,2024/4/17,12:39:14,3UUIU9GZDOP4BWXVY1WY7NUGK6LT5R,FALSE
27170198,Delphinium_nuttallianum,9332801,302908,https://crowdcurio-experiment-images.s3.amazonaws.com/Delphinium_nuttallianum/images/Delphinium_nuttallianum.27170198.jpg,0,9,3,FALSE,1,8,A1N63NKTHGO2TF,20774,27.82,2024/4/17,12:39:46,3UUIU9GZDOP4BWXVY1WY7NUGK6LT5R,FALSE
13036864,Delphinium_nuttallianum,9332931,302593,https://crowdcurio-experiment-images.s3.amazonaws.com/Delphinium_nuttallianum/images/Delphinium_nuttallianum.13036864.jpg,0,9,1,FALSE,1,9,A1N63NKTHGO2TF,20774,25.19,2024/4/17,12:40:15,3UUIU9GZDOP4BWXVY1WY7NUGK6LT5R,FALSE
13037397,Delphinium_nuttallianum,9333083,302594,https://crowdcurio-experiment-images.s3.amazonaws.com/Delphinium_nuttallianum/images/Delphinium_nuttallianum.13037397.jpg,0,18,0,FALSE,1,10,A1N63NKTHGO2TF,20774,30.33,2024/4/17,12:40:47,3UUIU9GZDOP4BWXVY1WY7NUGK6LT5R,FALSE
